1628062054.7586 71.7500
1628062054.8588 74.3516
1628062054.9590 77.3242
1628062055.0592 77.5820
1628062055.1598 79.1289
1628062055.2596 79.6211
1628062055.3601 80.2031
1628062055.4600 80.2227
1628062055.5603 81.7695
1628062055.6603 82.2852
1628062055.7607 82.8008
1628062055.8607 84.3477
1628062055.9613 84.4375
1628062056.0611 84.9531
1628062056.1613 86.5000
1628062056.2615 86.5000
1628062056.3637 86.6875
1628062056.4619 88.2344
1628062056.5624 88.2344
1628062056.6623 88.5547
1628062056.7625 90.1016
1628062056.8626 90.1016
1628062056.9629 90.3906
1628062057.0631 91.9375
1628062057.1633 91.9375
1628062057.2634 92.4453
1628062057.3644 93.9922
1628062057.4638 93.9922
1628062057.5640 94.4453
1628062057.6642 95.9922
1628062057.7647 96.0898
1628062057.8646 96.6055
1628062057.9647 98.1523
1628062058.0649 98.1523
1628062058.1698 98.4258
1628062058.2653 99.9727
1628062058.3655 99.9727
1628062058.4657 101.4102
1628062058.5659 102.1836
1628062058.6661 102.4414
1628062058.7663 102.9570
1628062058.8665 103.5664
1628062058.9667 105.1133
1628062059.0669 105.1133
1628062059.1670 105.1133
1628062059.2673 105.1289
1628062059.3675 106.6758
1628062059.4676 106.6758
1628062059.5678 107.4531
1628062059.6680 107.4531
1628062059.7682 108.5117
1628062059.8684 108.5117
1628062059.9694 109.5430
1628062060.1652 109.6367
1628062060.1690 111.2422
1628062060.2691 111.7578
1628062060.3693 113.3359
1628062060.4698 113.3359
1628062060.5701 113.3359
1628062060.6716 113.3359
1628062060.7723 113.3359
1628062060.8706 113.8516
1628062060.9718 115.3984
1628062061.0708 115.9141
1628062061.1723 116.3516
1628062061.2710 116.8672
1628062061.3713 117.1133
1628062061.4717 117.6289
1628062061.5716 118.1445
1628062061.6718 118.6602
1628062061.7720 119.1758
1628062061.8722 119.6914
1628062061.9728 120.2070
1628062062.0726 120.7227
1628062062.1729 121.2383
1628062062.2730 121.8594
1628062062.3733 122.3750
1628062062.4734 122.8359
1628062062.5736 123.3516
1628062062.6737 123.8672
1628062062.7739 124.3828
1628062062.8741 124.8984
1628062062.9743 125.4141
1628062063.0745 125.9297
1628062063.1747 126.4453
1628062063.2751 126.9609
1628062063.3751 127.4766
1628062063.4753 127.4766
1628062063.5773 127.9922
1628062063.6756 128.5078
1628062063.7758 130.0547
1628062063.8760 130.0547
1628062063.9773 130.0547
1628062064.0764 130.2109
1628062064.1767 131.7578
1628062064.2769 132.4727
1628062064.3770 132.4727
1628062064.4773 132.4727
1628062064.5773 132.6094
1628062064.6775 133.1250
1628062064.7779 134.6719
1628062064.8779 134.6719
1628062064.9781 135.4297
1628062065.0783 135.4297
1628062065.1785 136.5586
1628062065.2787 136.5586
1628062065.3790 136.5586
1628062065.4791 137.8633
1628062065.5793 137.8633
1628062065.6797 138.7969
1628062065.7797 138.7969
1628062065.8798 139.7070
1628062065.9801 139.7070
1628062066.0802 140.2148
1628062066.1825 140.2148
1628062066.2806 141.2812
1628062066.3808 141.2812
1628062066.4810 141.2812
1628062066.5813 141.4414
1628062066.6814 141.9570
1628062066.7816 142.4727
1628062066.8818 143.2461
1628062066.9819 143.7617
1628062067.0822 144.2773
1628062067.1824 144.4727
1628062067.2825 144.9883
1628062067.3827 145.5039
1628062067.4829 146.2773
1628062067.5831 146.2773
1628062067.6833 146.2773
1628062067.7835 146.2773
1628062067.8837 146.7109
1628062067.9838 147.2266
1628062068.0840 147.7422
1628062068.1842 148.1484
1628062068.2845 148.1484
1628062068.3846 149.4375
1628062068.4848 149.4375
1628062068.5850 149.4375
1628062068.6852 149.6641
1628062068.7854 150.1797
1628062068.8876 150.7266
1628062068.9858 150.7266
1628062069.0871 152.0156
1628062069.1861 152.0156
1628062069.2867 152.0156
1628062069.3866 152.2930
1628062069.4877 153.0664
1628062069.5869 153.5820
1628062069.6939 153.7773
1628062069.7873 153.7773
1628062069.8879 155.0664
1628062069.9877 155.0664
1628062070.0898 155.8555
1628062070.1881 155.8555
1628062070.2883 155.8555
1628062070.3885 156.0898
1628062070.4916 156.6055
1628062070.5888 157.0273
1628062070.6890 157.0273
1628062070.7892 157.2852
1628062070.8895 157.8008
1628062070.9898 159.3477
1628062071.0908 159.3477
1628062071.1904 159.3477
1628062071.2907 159.3477
1628062071.3904 160.2656
1628062071.4907 160.2656
1628062071.5908 160.2656
1628062071.6909 160.5859
1628062071.7911 161.1016
1628062071.8931 161.6172
1628062071.9917 161.9141
1628062072.0917 162.4297
1628062072.1919 162.4297
1628062072.2921 162.4531
1628062072.3929 162.9688
1628062072.4924 163.7422
1628062072.5937 163.8516
1628062072.6930 163.8516
1628062072.7940 164.0352
1628062072.8932 164.8086
1628062072.9934 164.8086
1628062073.0962 165.1367
1628062073.1938 165.3945
1628062073.2940 165.3945
1628062073.3945 165.8438
1628062073.4944 165.8438
1628062073.5946 167.1328
1628062073.6948 167.1328
1628062073.7950 167.2227
1628062073.8979 167.2227
1628062073.9953 167.5977
1628062074.0955 168.3711
1628062074.1957 168.8867
1628062074.2959 169.1016
1628062074.3961 169.6172
1628062074.4963 169.9570
1628062074.5965 169.9570
1628062074.6967 171.5039
1628062074.7969 171.5039
1628062074.8970 171.5039
1628062074.9972 171.5039
1628062075.0974 172.7031
1628062075.1976 172.7031
1628062075.2978 173.2656
1628062075.3980 173.2656
1628062075.4982 173.2656
1628062075.5984 174.1211
1628062075.6986 174.1211
1628062075.7991 174.1211
1628062075.8990 174.1211
1628062075.9991 174.1211
1628062076.0993 175.2578
1628062076.1995 175.2578
1628062076.2997 175.3711
1628062076.3999 175.8867
1628062076.5001 175.8867
1628062076.6003 175.9258
1628062076.7005 176.4414
1628062076.8007 176.4414
1628062076.9009 176.4414
1628062077.0011 177.7539
1628062077.1013 177.7539
1628062077.2020 178.3789
1628062077.3016 178.3789
1628062077.4019 178.3789
1628062077.5020 178.3789
1628062077.6022 178.4688
1628062077.7024 178.4688
1628062077.8026 179.5000
1628062077.9028 179.5000
1628062078.0033 179.5000
1628062078.1031 179.5625
1628062078.2034 179.5625
1628062078.3036 180.6367
1628062078.4037 180.6367
1628062078.5039 180.6367
1628062078.6041 180.9258
1628062078.7043 181.4414
1628062078.8045 181.4609
1628062078.9047 181.4609
1628062079.0049 181.4609
1628062079.1053 181.9766
1628062079.2053 182.4922
1628062079.3055 182.5469
1628062079.4057 182.5469
1628062079.5058 182.5469
1628062079.6062 183.0625
1628062079.7062 183.4688
1628062079.8064 183.4688
1628062079.9066 183.7266
1628062080.0068 184.2422
1628062080.1070 184.6211
1628062080.2072 184.6211
1628062080.3074 185.6250
1628062080.4076 185.6250
1628062080.5078 186.1094
1628062080.6080 186.1094
1628062080.7081 186.1094
1628062080.8083 186.1484
1628062080.9085 186.5078
1628062081.0087 186.5078
1628062081.1089 187.1094
1628062081.2091 187.6250
1628062081.3095 187.9648
1628062081.4095 187.9648
1628062081.5097 189.5117
1628062081.6098 189.5117
1628062081.7101 189.5117
1628062081.8102 189.5117
1628062081.9105 189.5117
1628062082.0107 189.7422
1628062082.1109 189.7422
1628062082.2110 190.5156
1628062082.3112 190.5156
1628062082.4114 190.5156
1628062082.5116 190.5156
1628062082.6122 190.8633
1628062082.7120 190.8633
1628062082.8121 190.8633
1628062082.9123 191.3789
1628062083.0128 191.8945
1628062083.1127 192.0312
1628062083.2129 192.0312
1628062083.3131 192.0312
1628062083.4133 192.5469
1628062083.5135 192.9297
1628062083.6139 192.9297
1628062083.7139 193.9609
1628062083.8140 193.9609
1628062083.9142 193.9609
1628062084.0144 193.9609
1628062084.1146 194.0742
1628062084.2179 195.6211
1628062084.3150 195.6211
1628062084.4179 196.8477
1628062084.5154 196.8477
1628062084.6156 196.8477
1628062084.7158 197.4414
1628062084.8160 197.4414
1628062084.9162 197.4414
1628062085.0167 197.4414
1628062085.1165 198.5195
1628062085.2168 198.5195
1628062085.3169 198.5195
1628062085.4171 198.5195
1628062085.5173 199.6172
1628062085.6179 199.6172
1628062085.7177 199.6172
1628062085.8179 199.6172
1628062085.9181 199.6172
1628062086.0183 199.6172
1628062086.1184 199.6719
1628062086.2187 199.6719
1628062086.3188 199.6719
1628062086.4192 199.6719
1628062086.5192 199.6719
1628062086.6195 199.8008
1628062086.7196 199.8008
1628062086.8198 199.8008
1628062086.9200 199.8008
1628062087.0202 199.8008
1628062087.1204 199.8008
1628062087.2207 199.8008
1628062087.3208 199.8008
1628062087.4211 199.8008
1628062087.5212 199.8125
1628062087.6213 199.8125
1628062087.7215 199.8125
1628062087.8217 201.3594
1628062087.9219 201.3594
1628062088.0221 201.3594
1628062088.1223 201.3594
1628062088.2225 201.3594
1628062088.3227 201.3594
1628062088.4230 201.3594
1628062088.5234 201.3594
1628062088.6232 201.3594
1628062088.7240 201.3594
1628062088.8243 201.4766
1628062088.9238 201.4766
1628062089.0240 201.4766
1628062089.1242 201.4766
1628062089.2252 201.4766
1628062089.3246 201.4766
1628062089.4248 201.4766
1628062089.5250 201.4766
1628062089.6251 201.9297
1628062089.7253 201.9297
1628062089.8255 201.9297
1628062089.9259 202.0430
1628062090.0261 202.0430
1628062090.1262 203.0703
1628062090.2269 203.0703
1628062090.3265 203.0703
1628062090.4285 203.1328
1628062090.5284 203.1328
1628062090.6272 203.1328
1628062090.7273 203.1875
1628062090.8274 203.6992
1628062090.9321 203.6992
1628062091.0278 203.6992
1628062091.1280 203.6992
1628062091.2301 203.6992
1628062091.3284 203.6992
1628062091.4316 203.6992
1628062091.5289 203.6992
1628062091.6290 203.6992
1628062091.7291 203.8398
1628062091.8308 203.8398
1628062091.9295 204.8711
1628062092.0303 204.8711
1628062092.1299 204.8711
1628062092.2305 204.8711
1628062092.3303 204.8711
1628062092.4305 204.8711
1628062092.5307 204.8711
1628062092.6309 204.8711
1628062092.7311 204.8711
1628062092.8313 204.8711
1628062092.9315 204.8711
1628062093.0317 204.9219
1628062093.1318 205.0625
1628062093.2320 205.0625
1628062093.3341 205.0625
1628062093.4324 205.0625
1628062093.5326 206.0352
1628062093.6328 206.0352
1628062093.7330 206.0352
1628062093.8339 206.0352
1628062093.9334 206.0352
1628062094.0335 206.0352
1628062094.1337 206.0352
1628062094.2339 206.0352
1628062094.3342 206.0352
1628062094.4344 206.0352
1628062094.5345 206.0352
1628062094.6347 206.0352
1628062094.7349 206.0352
1628062094.8351 206.1484
1628062094.9355 206.2812
1628062095.0355 206.2812
1628062095.1357 206.2812
1628062095.2359 206.5391
1628062095.3360 206.5781
1628062095.4364 206.5781
1628062095.5364 206.5781
1628062095.6366 206.5781
1628062095.7368 206.5781
1628062095.8370 206.8047
1628062095.9372 206.8047
1628062096.0374 206.8047
1628062096.1376 207.1055
1628062096.2378 207.1055
1628062096.3380 207.1055
1628062096.4381 207.1055
1628062096.5383 207.1055
1628062096.6386 207.1055
1628062096.7388 207.1055
1628062096.8389 207.1055
1628062096.9393 207.1055
1628062097.0393 207.1055
1628062097.1398 207.5508
1628062097.2397 207.5508
1628062097.3400 207.5508
1628062097.4400 207.5508
1628062097.5402 207.5508
1628062097.6404 207.5898
1628062097.7406 207.5898
1628062097.8408 207.6016
1628062097.9410 208.1016
1628062098.0412 208.1016
1628062098.1414 208.1016
1628062098.2416 208.1016
1628062098.3445 208.2852
1628062098.4420 208.2852
1628062098.5422 208.2852
1628062098.6424 208.2852
1628062098.7425 208.6523
1628062098.8427 208.6523
1628062098.9429 208.6523
1628062099.0431 208.6523
1628062099.1434 208.6523
1628062099.2435 208.6523
1628062099.3437 209.1680
1628062099.4439 209.1680
1628062099.5443 209.7148
1628062099.6443 209.7148
1628062099.7445 209.7148
1628062099.8446 209.7148
1628062099.9448 209.7148
1628062100.0450 209.7148
1628062100.1452 209.7148
1628062100.2454 209.7148
1628062100.3466 209.7148
1628062100.4458 209.7148
1628062100.5460 210.0039
1628062100.6462 210.0039
1628062100.7464 210.0039
1628062100.8465 210.0039
1628062100.9468 210.4180
1628062101.0469 210.4180
1628062101.1471 210.4180
1628062101.2473 210.6758
1628062101.3476 210.9336
1628062101.4477 211.1641
1628062101.5479 211.1641
1628062101.6481 211.1641
1628062101.7483 211.1641
1628062101.8485 211.2617
1628062101.9486 211.2617
1628062102.0488 211.7773
1628062102.1496 211.7773
1628062102.2492 211.7773
1628062102.3494 211.8672
1628062102.4496 211.8672
1628062102.5498 211.8672
1628062102.6500 211.8789
1628062102.7503 212.0273
1628062102.8504 212.0273
1628062102.9506 212.0273
1628062103.0508 212.2852
1628062103.1510 212.4180
1628062103.2512 212.4180
1628062103.3513 212.4180
1628062103.4515 212.6758
1628062103.5517 212.8945
1628062103.6519 212.8945
1628062103.7521 212.8945
1628062103.8523 213.1523
1628062103.9525 213.3594
1628062104.0527 213.3594
1628062104.1529 213.3594
1628062104.2531 213.6172
1628062104.3538 213.6172
1628062104.4535 213.6172
1628062104.5536 213.9727
1628062104.6539 214.2422
1628062104.7540 214.2422
1628062104.8542 215.2734
1628062104.9544 215.2734
1628062105.0547 215.2734
1628062105.1548 215.2734
1628062105.2552 215.2734
1628062105.3552 215.2734
1628062105.4554 215.4922
1628062105.5556 215.9062
1628062105.6557 215.9062
1628062105.7559 215.9062
1628062105.8561 215.9062
1628062105.9566 215.9062
1628062106.0565 216.9375
1628062106.1567 216.9375
1628062106.2569 216.9375
1628062106.3571 216.9375
1628062106.4573 217.1328
1628062106.5574 217.1328
1628062106.6577 217.1328
1628062106.7589 217.1328
1628062106.8580 217.7578
1628062106.9583 217.7578
1628062107.0585 217.7578
1628062107.1591 217.7578
1628062107.2598 217.7578
1628062107.3607 217.7578
1628062107.4592 218.2734
1628062107.5594 218.7891
1628062107.6596 219.0781
1628062107.7598 219.0781
1628062107.8599 219.0781
1628062107.9618 219.3359
1628062108.0603 219.8516
1628062108.1605 219.8516
1628062108.2607 219.8516
1628062108.3609 220.1641
1628062108.4611 220.6797
1628062108.5613 220.6797
1628062108.6615 220.6797
1628062108.7620 220.6797
1628062108.8619 221.1836
1628062108.9620 221.1836
1628062109.0622 221.1836
1628062109.1624 221.3828
1628062109.2626 221.8984
1628062109.3632 222.2617
1628062109.4630 222.2617
1628062109.5632 222.2617
1628062109.6634 222.5195
1628062109.7636 222.7773
1628062109.8638 223.1836
1628062109.9662 223.1836
1628062110.0642 223.9570
1628062110.1660 223.9570
1628062110.2645 223.9570
1628062110.3647 223.9570
1628062110.4649 224.2773
1628062110.5651 224.2773
1628062110.6653 225.3086
1628062110.7659 225.3086
1628062110.9620 225.6719
1628062110.9659 225.6719
1628062111.0661 225.6719
1628062111.1662 225.7227
1628062111.2665 225.8086
1628062111.3666 225.8086
1628062111.4669 226.5820
1628062111.5670 226.5820
1628062111.6672 226.5820
1628062111.7674 226.6055
1628062111.8679 226.8164
1628062111.9678 226.8164
1628062112.0687 227.8477
1628062112.1682 227.8477
1628062112.2689 228.2500
1628062112.3686 228.2500
1628062112.4688 228.2500
1628062112.5689 228.2500
1628062112.6692 228.4180
1628062112.7693 228.4180
1628062112.8695 228.4180
1628062112.9697 228.4180
1628062113.0700 228.8984
1628062113.1701 229.6719
1628062113.2724 229.6719
1628062113.3705 229.6719
1628062113.4706 229.6719
1628062113.5708 230.4023
1628062113.6753 230.4023
1628062113.7712 230.4023
1628062113.8726 230.4023
1628062113.9716 230.9609
1628062114.0718 231.1523
1628062114.1720 231.1523
1628062114.2723 232.4414
1628062114.3724 232.4414
1628062114.4726 232.4414
1628062114.5727 232.4844
1628062114.6806 232.4844
1628062114.7731 232.4844
1628062114.8733 232.7734
1628062114.9735 232.7734
1628062115.0760 233.5156
1628062115.1739 233.8125
1628062115.2741 233.8125
1628062115.3743 233.8125
1628062115.4745 233.8125
1628062115.5747 233.8125
1628062115.6748 234.5859
1628062115.7750 234.5859
1628062115.8753 234.5859
1628062115.9754 234.8242
1628062116.0796 234.8242
1628062116.1758 235.1484
1628062116.2760 235.1484
1628062116.3765 235.1484
1628062116.4765 235.4062
1628062116.5766 235.4414
1628062116.6777 235.4414
1628062116.7770 235.4414
1628062116.8771 235.9570
1628062116.9773 235.9570
1628062117.0775 235.9570
1628062117.1777 236.2891
1628062117.2782 236.2891
1628062117.3781 237.3203
1628062117.4783 237.3203
1628062117.5785 237.3203
1628062117.6787 237.3203
1628062117.7802 237.3203
1628062117.8814 237.3203
1628062117.9793 237.3203
1628062118.0794 237.3203
1628062118.1797 238.1680
1628062118.2798 238.1680
1628062118.3800 238.5234
1628062118.4802 238.5234
1628062118.5811 238.5234
1628062118.6823 238.5234
1628062118.7808 238.5234
1628062118.8810 238.5234
1628062118.9812 238.5234
1628062119.0813 238.5234
1628062119.1815 239.4570
1628062119.2817 239.4570
1628062119.3819 239.4844
1628062119.4821 239.4844
1628062119.5823 239.4844
1628062119.6825 239.4844
1628062119.7827 239.4844
1628062119.8829 239.4844
1628062119.9831 239.4844
1628062120.0833 239.5547
1628062120.1834 240.0703
1628062120.2836 240.6133
1628062120.3838 240.6133
1628062120.4840 240.6133
1628062120.5843 240.6133
1628062120.6844 240.6133
1628062120.7846 240.8711
1628062120.8853 240.8711
1628062120.9861 240.8711
1628062121.0852 240.8711
1628062121.1854 240.8711
1628062121.2855 240.8711
1628062121.3857 241.1055
1628062121.4859 241.1055
1628062121.5861 241.1055
1628062121.6863 241.4414
1628062121.7865 241.4414
1628062121.8870 241.4414
1628062121.9869 241.4414
1628062122.0878 241.9141
1628062122.1873 242.2461
1628062122.2875 242.2461
1628062122.3878 243.0195
1628062122.4880 243.0195
1628062122.5880 243.0195
1628062122.6882 243.0195
1628062122.7884 243.0195
1628062122.8886 243.9844
1628062122.9889 243.9844
1628062123.0890 244.0117
1628062123.1892 244.0117
1628062123.2894 244.0117
1628062123.3897 244.0117
1628062123.4898 244.0117
1628062123.5900 244.0117
1628062123.6904 244.0117
1628062123.7903 245.2969
1628062123.8905 245.2969
1628062123.9907 245.2969
1628062124.0910 245.2969
1628062124.1912 245.4102
1628062124.2913 245.4531
1628062124.3915 245.4531
1628062124.4917 245.4531
1628062124.5919 245.7109
1628062124.6924 245.7109
1628062124.7923 245.7109
1628062124.8933 246.3242
1628062124.9926 246.3242
1628062125.0928 246.3242
1628062125.1931 246.6602
1628062125.2933 246.6602
1628062125.3939 246.6602
1628062125.4937 246.6602
1628062125.5938 246.7344
1628062125.6940 246.7344
1628062125.7943 247.5078
1628062125.8944 247.5078
1628062125.9946 247.5078
1628062126.0948 247.5078
1628062126.1960 247.5977
1628062126.2951 247.5977
1628062126.3953 247.5977
1628062126.4955 248.1133
1628062126.5957 248.3086
1628062126.6959 248.3086
1628062126.7961 249.3398
1628062126.8963 249.3398
1628062126.9964 249.3398
1628062127.0967 249.3516
1628062127.1968 249.3516
1628062127.2970 249.3516
1628062127.3972 249.3516
1628062127.4979 249.6289
1628062127.6012 249.6289
1628062127.6978 250.6602
1628062127.7985 250.6602
1628062127.8982 250.6602
1628062127.9985 250.6602
1628062128.0985 250.6602
1628062128.1987 250.6602
1628062128.2989 250.6602
1628062128.3992 250.6992
1628062128.4993 250.7617
1628062128.5995 250.7617
1628062128.6997 251.7930
1628062128.8002 251.7930
1628062128.9001 251.7930
1628062129.0004 251.7930
1628062129.1005 251.7930
1628062129.2007 251.7930
1628062129.3009 251.7930
1628062129.4044 251.8320
1628062129.5013 251.8320
1628062129.6015 252.8633
1628062129.7016 252.8633
1628062129.8018 252.8750
1628062129.9020 252.8750
1628062130.0022 252.8750
1628062130.1024 252.8750
1628062130.2026 252.8750
1628062130.3028 252.8750
1628062130.4029 252.8750
1628062130.5032 253.1328
1628062130.6033 253.1328
1628062130.7035 253.1328
1628062130.8037 253.1328
1628062130.9047 253.2773
1628062131.0041 253.2930
1628062131.1043 253.2930
1628062131.2045 253.2930
1628062131.3047 253.5508
1628062131.4049 253.5508
1628062131.5051 253.6211
1628062131.6053 253.6211
1628062131.7055 254.1445
1628062131.8056 254.1445
1628062131.9064 254.1445
1628062132.0060 254.1445
1628062132.1079 254.1445
1628062132.2066 254.1445
1628062132.3069 254.1445
1628062132.4071 254.4219
1628062132.5098 254.4219
1628062132.6073 254.4219
1628062132.7074 254.4219
1628062132.8075 254.4219
1628062132.9094 255.1172
1628062133.0080 255.4492
1628062133.1104 255.4492
1628062133.2083 255.4492
1628062133.3087 255.4492
1628062133.4087 255.4531
1628062133.5089 255.4531
1628062133.6091 256.4844
1628062133.7094 256.4844
1628062133.8095 256.4844
1628062133.9102 256.4844
1628062134.0098 256.4844
1628062134.1101 256.5273
1628062134.2102 256.5273
1628062134.3105 256.5273
1628062134.4106 256.7852
1628062134.5108 256.7852
1628062134.6110 256.7852
1628062134.7113 256.7852
1628062134.8120 256.7852
1628062134.9120 256.7852
1628062135.0152 256.7852
1628062135.1120 256.7852
1628062135.2122 256.7852
1628062135.3178 257.7617
1628062135.4125 257.7617
1628062135.5128 257.7617
1628062135.6129 257.7617
1628062135.7131 257.8438
1628062135.8133 257.8438
1628062135.9135 258.8750
1628062136.0137 258.8750
1628062136.1139 258.8750
1628062136.2140 258.8750
1628062136.3143 258.8750
1628062136.4144 258.8750
1628062136.5146 258.8750
1628062136.6148 258.9375
1628062136.7150 258.9375
1628062136.8153 258.9375
1628062136.9154 258.9375
1628062137.0175 258.9375
1628062137.1158 259.1758
1628062137.2160 259.1758
1628062137.3162 259.9492
1628062137.4163 259.9492
1628062137.5165 259.9492
1628062137.6168 259.9492
1628062137.7169 259.9492
1628062137.8171 259.9492
1628062137.9173 259.9492
1628062138.0175 260.9414
1628062138.1177 260.9414
1628062138.2179 260.9414
1628062138.3181 260.9414
1628062138.4183 260.9648
1628062138.5185 260.9648
1628062138.6186 260.9648
1628062138.7190 260.9648
1628062138.8190 260.9648
1628062138.9192 260.9648
1628062139.0194 260.9648
1628062139.1196 261.1719
1628062139.2198 261.1719
1628062139.3201 261.1719
1628062139.4202 261.4297
1628062139.5204 261.4609
1628062139.6205 261.4609
1628062139.7210 262.4922
1628062139.8210 262.4922
1628062139.9213 262.4922
1628062140.0213 262.4922
1628062140.1218 262.4922
1628062140.2217 262.4922
1628062140.3219 262.4922
1628062140.4221 262.4922
1628062140.5223 262.4922
1628062140.6225 262.4922
1628062140.7238 262.4922
1628062140.8229 262.4922
1628062140.9230 262.4922
1628062141.0232 262.4922
1628062141.1234 263.4492
1628062141.2237 263.4492
1628062141.3238 263.4492
1628062141.4240 263.4492
1628062141.5242 263.4492
1628062141.6245 263.4492
1628062141.7247 263.4492
1628062141.8247 263.5234
1628062141.9293 263.5234
1628062142.0251 263.5234
1628062142.1253 263.5234
1628062142.2255 263.6680
1628062142.3257 263.6680
1628062142.4259 263.6680
1628062142.5261 263.6680
1628062142.6263 263.6680
1628062142.7265 263.6680
1628062142.8276 263.6680
1628062142.9270 264.3789
1628062143.0270 264.3789
1628062143.1277 264.3789
1628062143.2274 264.3789
1628062143.3276 264.3789
1628062143.4278 264.7227
1628062143.5280 264.7227
1628062143.6295 264.7227
1628062143.7284 264.7227
1628062143.8289 265.9492
1628062143.9288 265.9492
1628062144.0290 265.9492
1628062144.1292 265.9492
1628062144.2294 265.9492
1628062144.3296 265.9492
1628062144.4299 265.9492
1628062144.5299 265.9492
1628062144.6301 265.9492
1628062144.7303 265.9492
1628062144.8307 265.9492
1628062144.9307 265.9492
1628062145.0309 265.9492
1628062145.1311 265.9492
1628062145.2313 265.9492
1628062145.3315 266.5742
1628062145.4339 266.5742
1628062145.5318 266.9141
1628062145.6321 266.9141
1628062145.7322 266.9141
1628062145.8324 266.9141
1628062145.9326 266.9141
1628062146.0332 266.9141
1628062146.1330 266.9141
1628062146.2332 266.9141
1628062146.3334 266.9141
1628062146.4336 266.9141
1628062146.5338 266.9141
1628062146.6341 267.1836
1628062146.7341 267.3164
1628062146.8350 267.3164
1628062146.9345 267.3164
1628062147.0348 267.5742
1628062147.1349 267.5742
1628062147.2363 267.5742
1628062147.3353 267.5742
1628062147.4355 267.6133
1628062147.5357 267.6133
1628062147.6358 267.6133
1628062147.7360 267.8711
1628062147.8362 267.8711
1628062147.9364 267.8711
1628062148.0366 268.3281
1628062148.1368 268.3281
1628062148.2377 268.3281
1628062148.3374 268.3281
1628062148.4374 268.3281
1628062148.5376 268.3281
1628062148.6379 268.5898
1628062148.7379 268.5977
1628062148.8382 268.5977
1628062148.9385 268.5977
1628062149.0385 268.8555
1628062149.1388 268.8555
1628062149.2419 268.8555
1628062149.3391 268.9922
1628062149.4393 268.9922
1628062149.5418 268.9922
1628062149.6397 269.6250
1628062149.7400 269.6250
1628062149.8401 269.6250
1628062149.9403 269.6250
1628062150.0405 269.6250
1628062150.1411 269.6250
1628062150.2408 269.6250
1628062150.3410 269.6250
1628062150.4412 269.6250
1628062150.5414 269.6250
1628062150.6416 269.6250
1628062150.7418 269.6250
1628062150.8421 270.4180
1628062150.9422 270.4180
1628062151.0423 270.4180
1628062151.1425 270.4180
1628062151.2427 270.4180
1628062151.3429 270.4180
1628062151.4431 270.4180
1628062151.5433 270.4180
1628062151.6435 270.4180
1628062151.7437 270.4180
1628062151.8439 270.4180
1628062151.9441 270.4180
1628062152.0443 270.4180
1628062152.1445 270.4180
1628062152.2446 270.4180
1628062152.3448 270.4180
1628062152.4450 271.1719
1628062152.5452 271.1719
1628062152.6454 271.1719
1628062152.7456 271.1719
1628062152.8458 271.1875
1628062152.9464 271.1875
1628062153.0462 271.1875
1628062153.1464 271.1875
1628062153.2466 271.1875
1628062153.3469 271.1875
1628062153.4469 271.1875
1628062153.5471 271.1875
1628062153.6473 271.1875
1628062153.7475 271.3047
1628062153.8479 271.3047
1628062153.9479 271.3047
1628062154.0481 271.3047
1628062154.1483 271.4492
1628062154.2485 271.4492
1628062154.3487 271.4492
1628062154.4489 271.7070
1628062154.5491 271.7070
1628062154.6492 271.7070
1628062154.7494 271.7227
1628062154.8497 271.8633
1628062154.9498 271.8633
1628062155.0500 271.8633
1628062155.1502 271.8633
1628062155.2506 271.8633
1628062155.3506 271.8633
1628062155.4508 272.0078
1628062155.5510 272.1484
1628062155.6527 272.1484
1628062155.7514 272.1484
1628062155.8515 272.2930
1628062155.9517 272.2930
1628062156.0519 272.2930
1628062156.1521 272.5508
1628062156.2523 272.5508
1628062156.3525 272.5508
1628062156.4529 272.8359
1628062156.5529 272.8359
1628062156.6531 272.8359
1628062156.7532 272.8359
1628062156.8538 272.9844
1628062156.9536 272.9844
1628062157.0541 272.9844
1628062157.1544 273.1211
1628062157.2579 273.1211
1628062157.3544 273.1211
1628062157.4549 273.2617
1628062157.5548 273.2617
1628062157.6550 273.2617
1628062157.7552 273.2617
1628062157.8555 273.2617
1628062157.9556 273.2617
1628062158.0558 273.2617
1628062158.1559 273.2617
1628062158.2561 274.1680
1628062158.3563 274.1680
1628062158.4565 274.1680
1628062158.5567 274.1680
1628062158.6569 274.1680
1628062158.7606 274.1680
1628062158.8573 274.1680
1628062158.9575 274.1680
1628062159.0577 274.1680
1628062159.1582 274.1680
1628062159.2580 274.2031
1628062159.3601 274.2031
1628062159.4584 274.2031
1628062159.5586 274.2031
1628062159.6588 274.2031
1628062159.7590 274.2031
1628062159.8592 274.2031
1628062159.9595 274.2031
1628062160.0596 274.2031
1628062160.1619 274.2031
1628062160.2599 275.2344
1628062160.3601 275.2344
1628062160.4603 275.2344
1628062160.5606 275.2344
1628062160.6607 275.2344
1628062160.7609 275.2344
1628062160.8611 275.2344
1628062160.9613 275.2344
1628062161.0615 275.2344
1628062161.1659 275.2344
1628062161.2619 275.2344
1628062161.3621 275.2344
1628062161.4623 275.2344
1628062161.5625 275.2344
1628062161.6626 275.2344
1628062161.7628 275.2344
1628062161.8630 275.2344
1628062161.9632 275.2344
1628062162.0634 275.2344
1628062162.1636 275.2344
1628062162.2638 275.2344
1628062162.3640 275.2344
1628062162.4641 275.2344
1628062162.5644 275.2344
1628062162.6645 275.9609
1628062162.7648 275.9609
1628062162.8649 275.9609
1628062162.9651 275.9609
1628062163.0653 275.9609
1628062163.1655 276.0391
1628062163.2657 276.0391
1628062163.3659 276.0391
1628062163.4661 276.0391
1628062163.5663 276.0391
1628062163.6665 276.0391
1628062163.7667 276.0391
1628062163.8668 276.0391
1628062163.9670 276.0391
1628062164.0673 276.0391
1628062164.1674 276.0391
1628062164.2676 276.0391
1628062164.3678 276.0391
1628062164.4680 276.0391
1628062164.5683 276.1875
1628062164.6684 276.1875
1628062164.7686 277.2188
1628062164.8687 277.2188
1628062164.9691 277.2188
1628062165.0691 277.2188
1628062165.1693 277.2188
1628062165.2698 277.2188
1628062165.3703 277.2188
1628062165.4699 277.2188
1628062165.5701 277.2188
1628062165.6703 277.2188
1628062165.7705 277.2188
1628062165.8707 277.2188
1628062165.9709 277.2188
1628062166.0710 277.2188
1628062166.1712 277.2188
1628062166.2714 277.2188
1628062166.3717 277.2188
1628062166.4718 277.2188
1628062166.5720 277.2188
1628062166.6722 277.2188
1628062166.7724 277.2188
1628062166.8726 277.2188
1628062166.9728 277.2188
1628062167.0730 277.2188
1628062167.1731 277.2188
1628062167.2733 277.2188
1628062167.3735 277.2188
1628062167.4737 277.2188
1628062167.5739 277.2188
1628062167.6741 277.2188
1628062167.7746 277.3242
1628062167.8745 277.3242
1628062167.9747 278.3555
1628062168.0749 278.3555
1628062168.1751 278.3555
1628062168.2752 278.3555
1628062168.3785 278.3555
1628062168.4757 278.3555
1628062168.5758 278.3555
1628062168.6760 278.3555
1628062168.7762 278.3555
1628062168.8764 278.3555
1628062168.9776 278.3555
1628062169.0768 278.3555
1628062169.1772 278.3555
1628062169.2772 278.3555
1628062169.3779 278.3555
1628062169.4775 278.3555
1628062169.5789 278.3555
1628062169.6779 278.3555
1628062169.7781 278.3555
1628062169.8783 278.3555
1628062169.9785 278.3555
1628062170.0787 278.3555
1628062170.1789 278.3555
1628062170.2791 278.3555
1628062170.3793 278.3555
1628062170.4795 278.3555
1628062170.5797 278.3555
1628062170.6799 278.3555
1628062170.7800 278.3555
1628062170.8802 278.3555
1628062170.9806 278.3555
1628062171.0806 278.3555
1628062171.1819 278.3555
1628062171.2810 278.3555
1628062171.3812 278.3555
1628062171.4814 278.3555
1628062171.5816 278.8789
1628062171.6818 278.8789
1628062171.7819 278.8789
1628062171.8822 278.8789
1628062171.9825 278.8789
1628062172.0825 278.8789
1628062172.1827 278.8789
1628062172.2829 278.8789
1628062172.3831 278.8789
1628062172.4833 278.8789
1628062172.5835 278.8789
1628062172.6837 278.8789
1628062172.7839 278.8789
1628062172.8840 278.8789
1628062172.9842 278.8789
1628062173.0844 278.8789
1628062173.1846 278.8789
1628062173.2849 278.8789
1628062173.3850 278.8789
1628062173.4853 278.8789
1628062173.5854 278.8789
1628062173.6856 278.8789
1628062173.7861 278.8789
1628062173.8860 278.8789
1628062173.9886 278.8789
1628062174.0897 278.8789
1628062174.1887 278.8789
1628062174.2867 278.8789
1628062174.3873 278.8789
1628062174.4871 278.8789
1628062174.5877 278.8789
1628062174.6880 278.8789
1628062174.7880 278.8789
1628062174.8879 278.8789
1628062174.9882 279.6523
1628062175.0883 279.6523
1628062175.1886 279.6523
1628062175.2887 279.6523
1628062175.3912 279.6523
1628062175.4894 280.6836
1628062175.5893 280.6836
1628062175.6899 280.6836
1628062175.7896 280.6836
1628062175.8899 280.6836
1628062175.9900 280.6836
1628062176.0938 280.6836
1628062176.1904 280.6836
1628062176.2929 280.6836
1628062176.3908 280.6836
1628062176.4911 280.6836
1628062176.5911 280.6836
1628062176.6914 280.6836
1628062176.7918 280.6836
1628062176.8919 280.6836
1628062176.9919 280.6836
1628062177.0921 280.6836
1628062177.1923 280.6836
1628062177.2925 280.6836
1628062177.3939 280.6836
1628062177.4929 280.6836
1628062177.5930 280.6836
1628062177.6932 280.6836
1628062177.7934 280.6836
1628062177.8937 280.6836
1628062177.9938 280.6836
1628062178.0940 280.6836
1628062178.1942 280.6836
1628062178.2953 280.6836
1628062178.3946 280.6836
1628062178.4948 280.6836
1628062178.5949 280.6836
1628062178.6952 280.6836
1628062178.7955 280.6836
1628062178.8955 280.6836
1628062178.9960 280.6836
1628062179.0959 280.6836
1628062179.1961 280.6836
1628062179.2963 280.6836
1628062179.3965 280.6836
1628062179.4967 280.6836
1628062179.5969 280.6836
1628062179.6971 280.6836
1628062179.7973 280.6836
1628062179.8975 280.6836
1628062179.9976 280.6836
1628062180.0978 280.6836
1628062180.1980 280.6836
1628062180.2982 280.6836
1628062180.3984 280.6836
1628062180.4992 280.6836
1628062180.5988 280.6836
1628062180.6990 280.6836
1628062180.7992 281.2930
1628062180.8994 281.2930
1628062180.9996 281.2930
1628062181.0997 281.2930
1628062181.1999 281.2930
1628062181.3001 281.2930
1628062181.4003 281.2930
1628062181.5005 281.2930
1628062181.6007 281.2930
1628062181.7025 281.2930
