1628062054.758623 1.660863 0.000000 0.000000 0.000000 0.000000 0.000000
1628062054.858837 1.489873 1.448347 7.059047 7.165351 0.921510 18.084128
1628062054.959008 1.463258 1.316902 4.488391 5.540870 0.910368 13.719789
1628062055.059200 1.500915 1.359605 8.881505 6.155725 0.955709 18.853459
1628062055.159850 1.573259 1.488654 9.380760 7.052266 1.018320 20.513259
1628062055.259614 1.688614 1.317822 7.024405 5.832519 0.908858 16.772218
1628062055.360078 1.715123 1.533359 9.065147 6.752264 1.197571 20.263464
1628062055.459981 1.696491 1.478379 8.975728 6.480315 0.970987 19.601900
1628062055.560270 1.590471 1.438676 9.331273 8.076661 0.989186 21.426267
1628062055.660349 1.858155 1.544798 9.973115 7.775094 1.035518 22.186680
1628062055.760683 1.681686 1.571925 5.678357 6.593215 1.040574 16.565757
1628062055.860744 1.546605 1.397525 9.495300 6.929405 0.966013 20.334848
1628062055.961329 1.886231 1.143858 7.412854 13.727368 0.732092 24.902403
1628062056.061132 2.160630 1.526772 10.139660 11.763809 1.288490 26.879361
1628062056.161324 1.640540 1.560169 5.586732 7.870462 0.543059 17.200962
1628062056.261501 1.272666 1.254549 7.738838 7.961228 0.871871 19.099152
1628062056.363670 1.721972 1.545370 8.134256 9.212198 0.982012 21.595808
1628062056.461875 0.686220 0.631021 6.116605 8.401216 0.480991 16.316053
1628062056.562381 1.717814 1.457294 9.486427 8.788663 1.030453 22.480651
1628062056.662277 1.873960 1.424592 9.861273 9.238631 0.938774 23.337230
1628062056.762478 1.620255 1.461548 5.787251 8.762726 1.015534 18.647314
1628062056.862636 1.481759 1.354032 10.094849 10.488363 0.943678 24.362681
1628062056.962877 1.695673 1.510671 6.536030 8.537539 0.995593 19.275506
1628062057.063058 1.644940 1.442903 10.229767 8.750777 0.945814 23.014201
1628062057.163306 1.527883 1.432031 6.935251 9.404367 0.956509 20.256041
1628062057.263409 1.801297 1.482850 10.525362 9.374754 0.991353 24.175616
1628062057.364412 1.110674 0.967153 9.063013 10.291737 0.679725 22.112302
1628062057.463806 1.566400 1.418576 9.775351 10.448933 0.998728 24.207988
1628062057.563974 1.681878 1.468528 10.337032 11.662738 1.064897 26.215073
1628062057.664207 1.812520 1.443294 10.496672 9.330508 1.000849 24.083843
1628062057.764687 1.625697 1.465959 9.795792 9.760893 0.954802 23.603143
1628062057.864559 1.683380 1.504642 10.752812 10.231940 1.072271 25.245045
1628062057.964745 1.572899 1.429093 6.725811 10.056744 1.003631 20.788178
1628062058.064938 1.624806 1.487887 10.396857 9.970923 0.986248 24.466721
1628062058.169844 1.719158 1.503170 10.613361 10.526676 1.030492 25.392857
1628062058.265337 1.664507 1.476132 10.544454 10.763480 1.005058 25.453631
1628062058.365501 1.652054 1.523711 10.696715 12.363504 1.025758 27.261742
1628062058.465715 1.562093 1.460980 10.152232 10.866206 0.947253 24.988764
1628062058.565901 1.722573 1.558353 10.860082 11.439621 1.096561 26.677190
1628062058.666108 1.874583 1.543785 10.067662 10.761112 1.021814 25.268956
1628062058.766288 1.766830 1.546085 10.596391 11.787965 1.022659 26.719930
1628062058.866491 1.773804 1.557817 10.804172 11.059355 1.086295 26.281443
1628062058.966655 1.586001 1.439806 10.610235 11.872955 0.964166 26.473163
1628062059.066899 1.672314 1.491385 10.145008 12.241618 0.987339 26.537664
1628062059.167036 1.742987 1.523860 11.223782 11.420851 0.978234 26.889714
1628062059.267269 1.607496 1.420001 10.694276 12.403180 0.977144 27.102097
1628062059.367468 1.758775 1.526323 10.869686 11.016758 1.002576 26.174118
1628062059.467621 1.667428 1.447476 10.255358 12.388231 0.947676 26.706169
1628062059.567813 1.579256 1.377890 10.687960 12.829791 0.951063 27.425960
1628062059.668033 1.438389 1.353751 11.849325 14.177146 0.960933 29.779544
1628062059.768179 1.650582 1.393172 10.882245 12.561612 0.968207 27.455818
1628062059.868399 1.597294 1.454220 10.610455 12.812845 0.986710 27.461524
1628062059.969351 1.811405 1.491811 11.043664 12.943674 1.011648 28.302202
1628062060.165159 3.009121 1.725290 10.491843 12.051059 1.119211 28.396524
1628062060.169024 0.000309 1.153664 6.467399 12.093853 0.744387 20.459612
1628062060.269136 1.966578 1.712465 11.368195 12.703329 1.093906 28.844473
1628062060.369328 1.739775 1.468016 8.672210 13.754247 1.089032 26.723280
1628062060.469794 1.891387 1.719352 11.765996 12.332503 1.110098 28.819336
1628062060.570101 1.819665 1.639686 11.023169 13.031087 1.129502 28.643109
1628062060.671558 2.008336 1.642498 11.762477 12.539235 1.058874 29.011420
1628062060.772282 2.057853 1.864531 12.096757 12.281577 1.223830 29.524548
1628062060.870558 2.078967 1.435872 8.763421 11.541556 0.953461 24.773277
1628062060.971828 1.034018 1.065359 9.644174 12.168734 0.813071 24.725356
1628062061.070799 1.938521 1.591501 11.669624 12.328050 1.055785 28.583481
1628062061.172288 1.733596 1.495691 10.331816 11.975612 0.990594 26.527309
1628062061.271047 1.865793 1.538042 11.310875 11.904302 0.965816 27.584828
1628062061.371258 1.647462 1.563306 7.540734 12.060802 0.969777 23.782081
1628062061.471748 0.684090 0.670176 7.203772 10.396725 0.463901 19.418664
1628062061.571625 2.066685 1.687964 12.673128 13.374947 1.085487 30.888211
1628062061.671822 1.837975 1.434808 13.186025 13.141243 0.957006 30.557057
1628062061.772007 1.711591 1.534199 11.471122 11.917150 1.002484 27.636546
1628062061.872211 1.955345 1.754568 12.927574 13.242366 1.159971 31.039824
1628062061.972753 1.706704 1.465606 11.610974 12.210525 0.928531 27.922340
1628062062.072590 1.998988 1.641248 11.095814 11.621325 1.026371 27.383746
1628062062.172871 1.636947 1.416171 11.710074 11.598464 0.944349 27.306005
1628062062.272962 1.668697 1.460213 10.893247 12.146598 0.933971 27.102726
1628062062.373257 1.814377 1.585298 11.714921 12.859169 1.019018 28.992783
1628062062.473366 1.642500 1.412479 11.285260 11.859274 0.913530 27.113043
1628062062.573573 1.511802 1.391083 10.578644 11.307281 0.896086 25.684896
1628062062.673727 1.621490 1.460702 7.614257 10.360272 0.968834 22.025555
1628062062.773918 1.891580 1.595896 11.372527 11.738195 1.052279 27.650477
1628062062.874117 1.828246 1.440271 11.135812 10.655242 0.950913 26.010484
1628062062.974345 1.579791 1.413383 11.554980 11.371988 0.923466 26.843608
1628062063.074488 1.623294 1.411634 11.685325 12.132176 0.918603 27.771032
1628062063.174708 1.953730 1.655831 10.955490 9.596393 1.052557 25.214001
1628062063.275062 1.670010 1.495728 11.502660 10.639171 0.931840 26.239409
1628062063.375133 1.738059 1.451156 6.808557 10.981746 0.433705 21.413223
1628062063.475273 1.583260 1.377129 10.629709 10.343438 0.881553 24.815089
1628062063.577288 1.910883 1.571323 12.696576 11.887342 1.080012 29.146136
1628062063.675647 1.818995 1.593882 13.029377 11.951384 1.056858 29.450496
1628062063.775822 2.113203 1.388855 13.544303 12.192557 1.092853 30.331771
1628062063.876016 1.724071 1.468420 11.100162 10.323161 0.940489 25.556303
1628062063.977312 1.760765 1.439845 11.517394 9.932903 0.937239 25.588146
1628062064.076400 1.576603 1.463314 10.946019 11.095095 0.949061 26.030092
1628062064.176698 1.654248 1.433325 11.121719 9.896601 0.915324 25.021217
1628062064.276868 1.550475 1.304421 10.002389 9.808686 0.855499 23.521470
1628062064.377046 1.571908 1.382389 10.796696 11.033119 0.893489 25.677601
1628062064.477258 1.625591 1.380778 10.391056 10.630218 0.904398 24.932041
1628062064.577347 1.699481 1.454029 11.532049 9.528045 0.907964 25.121568
1628062064.677548 1.708350 1.582286 10.728738 10.400989 1.036832 25.457195
1628062064.777854 1.549357 1.404722 11.271871 11.635832 0.880671 26.742453
1628062064.877926 1.747905 1.487324 10.678730 9.448174 0.902198 24.264331
1628062064.978118 1.584115 1.389847 11.353634 11.300721 0.906100 26.534417
1628062065.078311 1.731347 1.557034 6.742953 11.131424 0.980179 22.142937
1628062065.178522 1.590001 1.399517 10.811509 8.778663 0.865048 23.444738
1628062065.278692 1.623096 1.355291 7.521428 9.385925 0.862527 20.748267
1628062065.378982 1.591140 1.371258 10.976764 9.650406 0.837399 24.426967
1628062065.479079 1.517975 1.294624 10.801502 12.181035 0.817094 26.612230
1628062065.579277 1.203287 0.652997 8.400559 10.953705 0.484791 21.695339
1628062065.679737 1.212848 1.085810 7.905798 10.559956 0.642892 21.407304
1628062065.779671 1.625653 1.567762 12.253680 9.533319 0.955877 25.936291
1628062065.879834 1.768483 1.590833 11.781299 10.998260 0.983698 27.122573
1628062065.980124 1.742342 1.468890 11.331842 10.848024 0.958452 26.349550
1628062066.080230 1.700714 1.455656 7.142311 9.570204 0.890049 20.758934
1628062066.182539 1.719395 1.465751 10.898752 10.058513 0.897870 25.040281
1628062066.280614 1.616115 1.416653 8.063317 10.669122 0.868360 22.633567
1628062066.380792 0.759993 0.650759 7.419562 9.018256 0.423840 18.272410
1628062066.480987 1.764435 1.454999 10.556788 10.247630 0.882715 24.906567
1628062066.581329 1.764151 1.487436 11.572598 10.567279 0.938625 26.330089
1628062066.681375 1.709860 1.515039 11.724077 9.328353 0.897138 25.174467
1628062066.781557 1.713795 1.471900 11.683998 8.559745 0.886467 24.315905
1628062066.881825 1.937815 1.575909 11.143432 9.521763 0.943809 25.122728
1628062066.981943 1.863330 1.563443 11.703374 9.810727 0.912755 25.853629
1628062067.082226 1.784849 1.525667 12.101742 9.964746 0.866535 26.243539
1628062067.182368 1.718858 1.455265 11.160578 10.654983 0.888569 25.878253
1628062067.282512 1.979018 1.617043 11.314261 9.148665 0.952353 25.011340
1628062067.382750 1.806143 1.560902 12.278214 8.919872 0.912749 25.477880
1628062067.482910 1.794811 1.488089 11.196145 8.768706 0.870495 24.118246
1628062067.583085 1.754739 1.477968 13.054139 9.572664 0.899861 26.759371
1628062067.683305 1.733450 1.422020 11.242511 9.946411 0.889567 25.233959
1628062067.783477 2.109085 1.587101 13.798623 10.083379 0.894272 28.472460
1628062067.883656 2.246973 1.507311 9.429689 8.312326 0.924117 22.420416
1628062067.983846 1.979160 1.632608 11.806676 8.138360 0.914771 24.471575
1628062068.084044 0.964627 1.084283 12.168994 9.991619 0.720268 24.929791
1628062068.184243 1.746534 1.508263 11.239180 9.027180 0.882508 24.403665
1628062068.284467 1.686317 1.484543 11.265227 7.907302 0.921653 23.265042
1628062068.384638 1.825959 1.489260 12.059778 9.915495 0.899815 26.190307
1628062068.484830 1.814267 1.549863 11.969261 7.950151 0.943868 24.227410
1628062068.585008 2.039814 1.630829 10.642975 8.452857 0.932112 23.698587
1628062068.685206 1.888515 1.648506 7.876623 9.337723 0.938664 21.690031
1628062068.785386 2.135950 1.579481 12.151672 9.719651 0.959896 26.546650
1628062068.887586 1.951879 1.344970 10.186188 9.026909 0.662110 23.172056
1628062068.985758 1.722832 1.489427 12.062217 9.109010 0.917451 25.300937
1628062069.087070 0.719931 0.651442 8.801862 11.566382 0.415458 22.155075
1628062069.186143 1.748886 1.543597 11.826325 9.051782 0.918733 25.089323
1628062069.286686 1.734163 1.434956 11.157334 9.215901 0.847557 24.389911
1628062069.386553 1.849053 1.520547 11.275859 10.311396 0.872462 25.829317
1628062069.487699 1.895167 1.572646 7.053037 7.583549 0.982400 19.086799
1628062069.586918 1.764912 1.491656 11.693245 7.405959 0.884500 23.240272
1628062069.693899 1.430379 0.945958 11.905103 8.625971 0.430861 23.338272
1628062069.787287 1.915741 1.517616 11.409053 8.325198 0.922329 24.089937
1628062069.887869 1.810614 1.527731 11.204268 8.300232 0.878576 23.721421
1628062069.987679 1.710164 1.466286 11.768616 8.824471 0.864892 24.634429
1628062070.089846 1.934044 1.534024 9.820048 8.651469 0.877529 22.817114
1628062070.188098 1.687453 1.542292 11.683442 8.585060 0.885428 24.383675
1628062070.288255 2.010172 1.602595 12.044457 9.627247 0.943272 26.227743
1628062070.388466 1.882385 1.560661 11.816246 7.802888 0.922835 23.985015
1628062070.491632 2.101893 1.627481 10.205416 8.045436 0.915658 22.895884
1628062070.588844 1.812268 1.536976 11.584726 8.168709 0.905184 24.007863
1628062070.689041 1.925590 1.618783 11.853049 8.260322 0.932303 24.590047
1628062070.789222 1.774100 1.548086 12.890251 9.824951 0.925226 26.962614
1628062070.889503 1.913040 1.602992 11.881698 7.466962 0.932828 23.797520
1628062070.989807 1.679090 1.482327 10.880564 7.730471 0.885994 22.658446
1628062071.090768 1.726663 1.532176 11.527503 8.516731 0.869648 24.172721
1628062071.190434 1.739759 1.413922 11.681629 8.073334 0.849162 23.757806
1628062071.290740 1.790504 1.549885 10.596912 8.049066 0.925936 22.912303
1628062071.390412 1.791242 1.557534 12.294233 8.597514 0.906521 25.147044
1628062071.490698 1.803416 1.604551 7.216144 9.127407 0.768199 20.519717
1628062071.590793 1.761398 1.539684 12.166107 9.174729 0.901940 25.543858
1628062071.690949 1.983527 1.634247 10.912457 10.482274 0.968117 25.980622
1628062071.791135 2.286433 1.559809 12.686081 9.373865 1.138559 27.044747
1628062071.893137 1.866300 1.575662 12.615598 9.126197 1.110122 26.293879
1628062071.991669 1.872946 1.712187 11.651291 7.905020 0.977748 24.119192
1628062072.091681 1.925012 1.700355 12.161074 8.238152 1.013902 25.038495
1628062072.191888 1.818696 1.601294 11.021282 7.565887 0.932720 22.939879
1628062072.292073 2.067592 1.633242 11.533220 9.623438 0.935192 25.792684
1628062072.392892 1.770673 1.515297 11.768276 7.640691 0.918268 23.613205
1628062072.492449 2.091195 1.673738 12.361019 8.504151 0.956503 25.586606
1628062072.593712 1.607249 1.373167 11.577878 8.645864 0.829422 24.033580
1628062072.692979 1.894541 1.821066 12.019080 8.619606 1.006837 25.361130
1628062072.793970 1.724611 1.525926 10.918363 7.386208 0.884518 22.439626
1628062072.893226 2.042183 1.692172 11.769658 8.539383 0.976122 25.019518
1628062072.993404 1.823519 1.620275 12.747371 8.379630 0.917425 25.488220
1628062073.096227 1.692416 1.444156 11.553085 9.176689 0.857041 24.723387
1628062073.193796 1.663576 1.443574 11.330957 8.149115 0.904615 23.491837
1628062073.293977 1.740203 1.468033 11.824181 7.000722 0.990214 23.023353
1628062073.394496 1.889870 1.658698 11.685157 7.679477 1.226552 24.139754
1628062073.494361 1.944910 1.636101 12.205407 7.557527 0.956572 24.300517
1628062073.594644 1.759379 1.569955 11.939475 7.070524 0.928423 23.267756
1628062073.694752 2.044952 1.695473 12.877561 8.554900 1.026311 26.199197
1628062073.795030 1.781766 1.514385 11.303106 7.747183 1.050295 23.396735
1628062073.897857 1.855202 1.623569 11.328644 8.305956 0.918133 24.031504
1628062073.995328 2.075289 1.744772 14.093848 8.531414 1.036862 27.482185
1628062074.095503 1.680809 1.445263 12.239731 7.289008 0.822366 23.477177
1628062074.195715 1.845859 1.580797 11.362816 7.820060 0.898493 23.508025
1628062074.295898 1.663465 1.466518 11.326479 7.730223 0.856989 23.043674
1628062074.396125 1.841904 1.528631 11.078972 8.561656 0.905613 23.916776
1628062074.496272 1.775463 1.475267 11.586584 8.612649 0.885024 24.334987
1628062074.596543 1.611662 1.484310 11.046910 7.400281 0.830109 22.373272
1628062074.696669 1.771106 1.483414 11.813261 7.845952 0.891968 23.805701
1628062074.796858 1.663295 1.469165 11.438339 7.187990 0.829420 22.588209
1628062074.897034 1.604192 1.426491 11.688558 7.221035 0.843684 22.783960
1628062074.997231 1.880710 1.520972 11.984784 7.333477 0.932218 23.652161
1628062075.097422 1.579004 1.355230 11.113391 7.772755 0.799183 22.619563
1628062075.197637 1.404720 1.346213 11.237375 7.292868 0.831452 22.112628
1628062075.297812 1.868019 1.603329 13.252095 7.868754 0.928762 25.520959
1628062075.397993 1.773129 1.507680 10.532606 6.877548 1.048755 21.739718
1628062075.498189 1.851687 1.552086 12.294239 8.091428 0.892416 24.681856
1628062075.598377 1.696974 1.477504 11.106913 6.171515 0.833180 21.286086
1628062075.698567 1.990020 1.644009 10.692910 7.294926 0.907367 22.529232
1628062075.799148 1.741871 1.555472 13.961192 7.537957 0.949037 25.745529
1628062075.898955 1.967274 1.756541 12.121546 7.071268 1.111760 24.028389
1628062075.999145 1.785773 1.500629 10.368940 6.465586 0.900767 21.021695
1628062076.099341 1.866732 1.544282 12.118779 7.602477 0.892526 24.024796
1628062076.199533 1.362511 1.489360 11.095507 6.589250 0.848459 21.385087
1628062076.299709 1.741947 1.463655 11.317188 7.629439 0.836673 22.988902
1628062076.399931 1.852579 1.525098 11.846650 6.681056 0.872694 22.778077
1628062076.500094 2.005290 1.608810 10.667985 7.273001 0.957390 22.512476
1628062076.600296 1.688644 1.468792 10.588192 6.652577 0.864725 21.262930
1628062076.700471 1.802092 1.461996 11.366435 7.480059 0.815138 22.925720
1628062076.800676 1.660560 1.418113 10.627565 7.244331 0.791750 21.742319
1628062076.900858 1.868446 1.658621 11.373262 7.997054 0.949467 23.846850
1628062077.001071 1.847026 1.582028 11.404220 6.124121 0.894132 21.851527
1628062077.101337 1.739442 1.526237 11.531319 7.466447 0.870668 23.134113
1628062077.202004 1.396416 0.835048 8.185590 8.730506 0.657108 19.804668
1628062077.301625 1.823434 1.696862 11.165290 8.167113 0.933424 23.786123
1628062077.401852 1.850334 1.516385 12.925092 7.821932 0.857805 24.971548
1628062077.502017 1.782331 1.501284 11.211192 6.735983 0.888362 22.119152
1628062077.602202 1.828545 1.510695 11.978672 7.952735 0.857381 24.128028
1628062077.702394 1.589369 1.349897 8.363719 7.077162 0.811379 19.191526
1628062077.802586 1.867323 1.644598 11.822364 7.682195 0.940919 23.957399
1628062077.902784 1.552132 1.417602 10.267113 7.004750 0.816308 21.057905
1628062078.003343 1.870848 1.626167 7.457970 7.955794 0.900076 19.810855
1628062078.103150 2.163291 1.776798 10.423616 7.464595 0.985703 22.814003
1628062078.203368 1.699049 1.474837 11.075930 6.807611 0.865014 21.922441
1628062078.303564 1.617777 1.482878 11.515803 6.869428 0.842771 22.328657
1628062078.403734 1.751768 1.489115 11.684188 6.645563 0.862618 22.433252
1628062078.503943 1.951130 1.607277 13.937207 7.054463 0.946620 25.496697
1628062078.604105 2.012649 1.699317 7.770785 6.451053 0.888363 18.822167
1628062078.704309 1.805054 1.532563 11.821232 6.624650 0.887986 22.671485
1628062078.804506 1.614409 1.373727 11.775055 7.317162 0.810257 22.890610
1628062078.904682 1.862087 1.550048 8.092360 6.103493 0.897050 18.505038
1628062079.004879 1.844504 1.609586 11.010812 5.960795 0.907557 21.333254
1628062079.105284 1.717965 1.482969 11.423064 5.765808 0.860838 21.250644
1628062079.205262 1.664141 1.394777 12.262615 6.780329 0.839238 22.941100
1628062079.305455 1.696616 1.502866 10.607327 5.853791 0.844770 20.505370
1628062079.405653 1.487040 1.341474 8.013063 6.665127 0.808284 18.314988
1628062079.505827 1.980861 1.817409 14.046640 5.943179 0.982282 24.770371
1628062079.606180 1.819443 1.655273 12.008431 5.552338 0.959668 21.995153
1628062079.706213 1.809520 1.491018 11.443255 5.840270 0.863956 21.448019
1628062079.806429 1.747660 1.540763 12.171179 6.421537 0.915096 22.796235
1628062079.906634 1.854569 1.602377 10.956705 4.861432 0.944143 20.219226
1628062080.006829 1.782408 1.586215 12.013226 7.767667 0.881422 24.030938
1628062080.106998 1.529704 1.349536 11.407314 6.675719 0.903804 21.866077
1628062080.207166 1.780215 1.476104 10.811690 5.469660 0.880419 20.418088
1628062080.307384 1.765964 1.505816 11.533742 5.625039 0.890102 21.320663
1628062080.407551 1.651381 1.458234 11.019018 6.380584 0.877424 21.386641
1628062080.507751 1.740778 1.498715 12.009839 7.239468 0.893577 23.382377
1628062080.607951 1.552092 1.418434 11.750981 6.804684 0.853154 22.379345
1628062080.708133 1.738897 1.533063 11.195414 6.391436 0.884295 21.743105
1628062080.808319 1.679711 1.435105 12.105873 6.494618 1.023344 22.738651
1628062080.908508 1.603918 1.300501 11.334565 6.193505 0.820199 21.252688
1628062081.008705 1.771807 1.478477 12.083610 7.011885 1.037679 23.383458
1628062081.108933 1.814465 1.594085 11.557546 8.002983 0.877320 23.846399
1628062081.209088 1.770310 1.518085 11.091510 5.856946 0.874012 21.110863
1628062081.309459 1.662576 1.336197 10.722177 5.303194 0.788792 19.812936
1628062081.409463 1.738197 1.482260 8.774652 5.357984 0.853526 18.206619
1628062081.509652 1.618168 1.448221 10.224649 6.419859 0.843778 20.554675
1628062081.609839 1.503581 1.280341 11.627720 5.700348 0.737522 20.849512
1628062081.710114 1.719255 1.494057 10.429424 5.301593 0.830612 19.774941
1628062081.810224 1.828029 1.312206 12.081183 5.901190 0.887512 22.010120
1628062081.910470 1.833269 1.496830 10.905928 5.401369 0.839090 20.476486
1628062082.010669 1.631684 1.346150 11.149202 5.810786 0.749208 20.687030
1628062082.110854 1.745082 1.542891 10.380021 4.813313 0.834019 19.315326
1628062082.211035 1.679508 1.428674 10.979068 6.790944 0.788195 21.666389
1628062082.311200 1.698155 1.390260 6.590616 4.590706 0.800589 15.070326
1628062082.411395 1.814988 1.529289 10.242787 5.342932 0.867163 19.797159
1628062082.511564 1.822587 1.496249 11.483600 5.774652 0.825810 21.402898
1628062082.612202 1.711581 1.439356 10.723079 5.678166 0.803079 20.355261
1628062082.711957 2.019534 1.373084 8.928142 6.095591 0.629481 19.045832
1628062082.812142 1.744623 1.509335 10.004401 5.060768 0.837964 19.157091
1628062082.912340 1.867873 1.483126 11.936883 7.199889 0.804940 23.292711
1628062083.012810 1.682747 1.482462 10.494541 4.453504 0.818723 18.931977
1628062083.112709 1.584696 1.357184 10.178274 5.159933 0.739423 19.019510
1628062083.212902 1.689919 1.529573 10.671883 5.165285 0.829587 19.886247
1628062083.313095 1.782324 1.551970 10.540894 5.182589 0.827535 19.885312
1628062083.413310 1.656997 1.477674 10.283372 5.638841 0.767771 19.824655
1628062083.513483 1.597660 1.269132 10.700065 5.485632 0.710471 19.762960
1628062083.613886 1.818753 1.521535 10.370258 5.756190 0.782636 20.249372
1628062083.713862 1.954801 1.542550 9.773713 5.602017 0.782837 19.655918
1628062083.814045 1.664178 1.396593 9.825307 5.238966 0.724771 18.849815
1628062083.914240 1.828288 1.439045 10.783596 5.736729 0.733512 20.521170
1628062084.014436 1.788009 1.431141 9.875271 4.697927 0.751531 18.543879
1628062084.114635 1.839483 1.461845 10.383667 5.993077 0.757816 20.435888
1628062084.217858 2.025551 1.401437 10.545736 5.092598 0.716120 19.781442
1628062084.315014 0.726498 0.651088 9.662610 6.041900 0.343959 17.426055
1628062084.417851 1.824846 1.550619 6.360548 4.661790 0.778716 15.176519
1628062084.515402 1.832815 1.511746 10.836515 4.243093 0.768438 19.192607
1628062084.615577 1.718477 1.420413 9.872064 4.965805 0.671859 18.648618
1628062084.715770 1.777504 1.354653 6.334314 5.137733 0.665804 15.270008
1628062084.816004 1.705763 1.390073 9.465460 4.216491 0.724153 17.501940
1628062084.916154 2.052927 1.628529 10.919095 5.094140 0.781149 20.475840
1628062085.016673 1.792176 1.459883 9.558532 4.767783 0.702378 18.280752
1628062085.116537 1.973908 1.481861 9.672914 4.720265 0.715475 18.564423
1628062085.216777 1.526808 1.327440 10.434367 5.365570 0.662492 19.316677
1628062085.316933 1.737370 0.957251 6.830545 4.592067 0.354643 14.471876
1628062085.417147 1.742341 1.465490 9.960326 4.345544 0.699513 18.213214
1628062085.517294 1.870006 1.522616 9.867222 5.509143 0.719493 19.488480
1628062085.617873 1.759310 1.427214 9.105642 4.268202 0.705120 17.265488
1628062085.717703 1.840870 1.380524 10.480384 4.632324 0.697272 19.031374
1628062085.817902 1.765330 1.422950 9.540597 4.824031 0.690210 18.243118
1628062085.918061 2.112723 1.360681 8.481799 4.362549 0.937888 17.255640
1628062086.018282 1.804764 1.486011 6.687420 3.550439 0.703466 14.232100
1628062086.118440 1.734129 1.386098 9.493301 4.541163 0.808860 17.963551
1628062086.218682 1.678479 1.416177 9.131791 4.347168 0.636205 17.209820
1628062086.318825 1.642204 1.441700 10.024390 3.761634 0.663564 17.533492
1628062086.419210 1.676845 1.337290 9.401013 4.041593 0.622622 17.079363
1628062086.519205 2.079924 1.596280 5.573372 2.679664 0.714821 12.644061
1628062086.619526 1.783118 1.638326 8.030440 3.855531 0.652083 15.959498
1628062086.719591 1.594561 1.346301 9.141603 3.905853 0.595319 16.583637
1628062086.819777 1.981302 1.526476 9.254315 3.706216 0.678942 17.147251
1628062086.919972 1.788841 1.411486 8.798119 2.885129 0.612771 15.496346
1628062087.020159 1.827773 1.372088 9.209167 4.104026 0.655899 17.168953
1628062087.120353 2.245624 1.143971 7.629029 4.880195 0.475155 16.373974
1628062087.220700 2.230292 1.389802 9.709015 3.983195 0.773476 18.085780
1628062087.320773 2.108813 1.497571 8.708458 5.571328 0.314378 18.200548
1628062087.421054 1.943385 1.440106 9.515590 3.769741 0.660358 17.329180
1628062087.521152 1.760662 1.347569 8.211535 3.175948 0.580967 15.076681
1628062087.621306 1.789742 1.402983 9.151852 3.759638 0.623680 16.727895
1628062087.721514 1.968733 1.482171 8.786465 3.141151 0.629563 16.008083
1628062087.821699 1.844232 1.438783 8.946787 4.107066 0.615846 16.952714
1628062087.921896 2.210451 1.429690 7.030473 4.337717 0.758647 15.766978
1628062088.022092 1.868004 1.508765 6.011003 2.612820 0.678912 12.679504
1628062088.122294 1.903425 1.461468 9.060983 3.037116 0.626413 16.089405
1628062088.222466 1.840722 1.349703 9.146625 2.948111 0.618213 15.903374
1628062088.322682 1.865976 1.390707 8.786873 3.257262 0.610240 15.911058
1628062088.422984 1.733996 1.409387 8.719699 2.523754 0.603731 14.990567
1628062088.523366 2.078369 1.642282 8.879125 2.741963 0.715977 16.057716
1628062088.623234 1.747648 1.359891 8.702366 3.288800 0.569650 15.668355
1628062088.723995 2.312445 1.448495 7.021697 3.967113 0.473640 15.223390
1628062088.824279 1.766107 1.327967 9.637839 4.707530 0.582721 18.022164
1628062088.923800 2.282328 1.367655 6.456875 3.351663 0.454082 13.912603
1628062089.023993 2.002554 1.594311 9.198537 3.342627 0.669367 16.807396
1628062089.124187 1.820753 1.411589 8.543766 2.460878 0.588044 14.825030
1628062089.225153 1.888533 1.560933 4.842053 2.372475 0.583254 11.247248
1628062089.324630 1.992428 1.330701 7.001929 3.317454 0.771091 14.413603
1628062089.424752 2.106319 1.319503 7.076873 2.595180 0.542366 13.640241
1628062089.524958 2.011332 1.540085 8.646272 2.220608 0.622531 15.040828
1628062089.625144 1.903749 1.487278 5.205855 2.693769 0.601488 11.892139
1628062089.725335 1.949788 1.502446 9.086300 3.934833 0.624613 17.097980
1628062089.825534 1.914057 1.503746 8.896831 3.053678 0.627474 15.995786
1628062089.925863 1.994953 1.342073 9.285058 4.836456 0.543755 18.002295
1628062090.026131 1.873865 1.518597 8.868412 3.201519 0.615596 16.077989
1628062090.126182 1.839152 1.424927 6.335833 2.605273 0.571047 12.776232
1628062090.226928 1.761793 1.419624 8.371010 2.985425 0.567978 15.105830
1628062090.326470 2.177051 1.337201 6.179432 2.509386 0.692904 12.895974
1628062090.428461 1.624606 1.340561 8.418422 2.182862 0.541273 14.107724
1628062090.528380 2.117713 1.629260 9.346831 2.907035 0.669011 16.669850
1628062090.627224 1.783774 1.365563 8.184440 2.538324 0.582024 14.454125
1628062090.727255 1.877307 1.433981 5.403195 3.446400 0.604398 12.765281
1628062090.827442 2.094960 1.520458 4.734684 2.034930 0.602390 10.987422
1628062090.932093 1.884676 1.405762 4.993757 2.356933 0.593423 11.234551
1628062091.027816 1.846677 1.463105 8.650422 3.105958 0.584821 15.650983
1628062091.128008 2.021918 1.573477 5.253889 2.765813 0.650076 12.265173
1628062091.230144 1.912977 1.477088 8.752096 2.647593 0.619183 15.408937
1628062091.328382 1.909029 1.424368 5.206452 3.135411 0.596093 12.271353
1628062091.431612 1.768163 1.313548 8.738715 3.131814 0.519462 15.471702
1628062091.528861 2.003862 1.506191 8.186529 3.729358 0.598338 16.024278
1628062091.628959 1.770206 1.392679 8.730236 2.910741 0.571591 15.375453
1628062091.729147 1.796546 1.412270 8.649633 3.062205 0.564911 15.485565
1628062091.830819 1.736592 1.355814 8.395043 3.023791 0.570426 15.081666
1628062091.929526 2.146481 0.879558 6.164451 2.168915 0.425777 11.785182
1628062092.030314 1.660300 1.264060 5.478072 2.352179 0.590623 11.345234
1628062092.129936 1.317225 1.138878 7.941291 2.266298 0.575735 13.239427
1628062092.230469 1.911458 1.393520 7.270170 2.763787 0.625508 13.964443
1628062092.330326 1.982268 1.438538 4.624556 2.047881 0.589251 10.682494
1628062092.430505 1.517571 1.186212 4.783669 2.180525 0.503865 10.171842
1628062092.530681 1.860129 1.440236 5.180337 2.300484 0.790588 11.571774
1628062092.630947 1.782066 1.353099 7.708059 2.443104 0.528727 13.815055
1628062092.731077 1.826800 1.416586 8.256757 2.251521 0.711304 14.462968
1628062092.831256 1.946117 1.514769 8.219855 3.358474 0.577991 15.617206
1628062092.931456 2.044750 1.528241 6.470393 1.867042 0.593426 12.503852
1628062093.031664 1.801213 1.434879 8.670907 2.704198 0.555523 15.166720
1628062093.131825 1.929832 1.407224 8.346813 2.951028 0.575777 15.210674
1628062093.232023 1.736385 1.321798 7.735903 3.710822 0.550792 15.055700
1628062093.334067 1.748052 1.365797 7.998539 2.767156 0.532842 14.412386
1628062093.432410 1.774394 1.295441 7.679637 3.241156 0.543363 14.533991
1628062093.532615 1.694665 1.311947 7.380761 3.212769 0.520680 14.120822
1628062093.632818 1.791508 1.456199 7.709331 3.426250 0.573629 14.956917
1628062093.732987 1.910680 1.439332 4.603170 2.033827 0.614485 10.601494
1628062093.833861 1.629776 1.238292 7.763737 2.598639 0.519990 13.750434
1628062093.933383 2.460205 1.410344 8.819796 1.844506 0.779302 15.314153
1628062094.033543 1.620594 1.253488 7.658103 3.830978 0.462766 14.825929
1628062094.133735 1.870445 1.393254 7.711958 2.606773 0.554594 14.137024
1628062094.233932 2.202328 1.197278 4.616114 2.674870 0.356519 11.047109
1628062094.334160 1.897968 1.384946 4.037492 1.679170 0.228243 9.227819
1628062094.434353 2.100942 1.598199 7.918568 1.858582 0.556306 14.032597
1628062094.534502 1.797614 1.426867 7.549153 2.086839 0.472624 13.333097
1628062094.634699 1.674526 1.359231 4.467667 1.658878 0.476264 9.636566
1628062094.734899 1.717557 1.406405 7.549271 2.243078 0.502637 13.418948
1628062094.835086 1.638922 1.280234 7.740902 2.956027 0.451125 14.067210
1628062094.935451 1.837457 1.455879 7.619713 2.020095 0.509582 13.442726
1628062095.035474 1.787625 1.306398 4.265349 1.674173 0.485388 9.518933
1628062095.135656 1.885518 1.489531 4.356602 1.397358 0.530135 9.659144
1628062095.235867 2.194603 1.078089 5.135974 2.057151 0.359867 10.825684
1628062095.336041 1.750347 1.176146 6.004089 1.753071 0.450856 11.134509
1628062095.436376 1.530848 1.215224 7.118252 3.107881 0.436437 13.408642
1628062095.536416 1.917411 1.477148 7.897741 2.016415 0.624889 13.933604
1628062095.636616 1.714269 1.267200 7.558243 2.541231 0.451467 13.532410
1628062095.736812 1.812206 1.375965 4.487839 2.389642 0.501925 10.567577
1628062095.837013 1.760462 1.436407 7.734610 1.728436 0.549909 13.209824
1628062095.937223 1.244727 1.142838 7.381442 2.052284 0.455544 12.276835
1628062096.037366 1.761795 1.434582 7.813853 2.844914 0.518238 14.373382
1628062096.137579 1.511960 1.199106 7.254699 2.187122 0.457969 12.610856
1628062096.237785 1.580819 1.224350 7.708557 2.119256 0.486380 13.119362
1628062096.337951 1.389861 1.091112 4.925870 2.257280 0.427789 10.091912
1628062096.438146 1.633907 1.208478 7.492907 2.352377 0.468175 13.155844
1628062096.538346 1.846632 1.309893 4.600318 1.608995 0.518958 9.884796
1628062096.638631 1.132572 0.999524 7.105073 2.834680 0.401860 12.473709
1628062096.738799 1.573907 1.220960 3.922830 1.728483 0.504573 8.950753
1628062096.838923 1.721394 1.234268 7.468285 2.865233 0.486186 13.775366
1628062096.939338 1.504609 1.205980 6.998873 2.562894 0.465009 12.737365
1628062097.039295 1.456670 1.213776 7.562142 3.154784 0.493373 13.880745
1628062097.139754 1.339386 1.180372 7.252096 2.169510 0.527084 12.468448
1628062097.239688 1.480685 1.221954 7.188547 1.750168 0.503433 12.144787
1628062097.339952 1.536850 1.210844 4.890659 1.263276 0.608399 9.510028
1628062097.440039 1.405932 1.095252 5.565930 1.244314 0.439378 9.750806
1628062097.540244 1.428119 1.086280 4.897970 2.046733 0.471108 9.930210
1628062097.640425 1.372185 1.123271 6.937055 2.210455 0.464640 12.107606
1628062097.740619 1.260599 1.048276 6.758707 2.160872 0.451531 11.679985
1628062097.840822 1.313338 1.137520 6.852514 2.164042 0.502198 11.969612
1628062097.941015 1.220387 0.971651 6.044361 2.975636 0.429976 11.642011
1628062098.041220 1.092659 0.909714 6.284092 1.626749 0.405548 10.318762
1628062098.141383 1.277981 1.079220 6.336079 2.310195 0.460119 11.463594
1628062098.241570 1.296903 1.044695 6.372273 2.847263 0.467903 12.029037
1628062098.344481 1.314495 1.026428 6.062949 2.961272 0.444086 11.809230
1628062098.441953 1.251702 1.063022 6.159706 2.715550 0.446102 11.636082
1628062098.542176 1.447194 1.162437 6.632103 2.236564 0.501634 11.979932
1628062098.642359 1.385108 1.151499 5.257789 1.454961 0.509840 9.759197
1628062098.742544 1.347892 1.027734 6.251506 2.368317 0.457050 11.452499
1628062098.842741 1.211525 1.014529 6.186625 2.904209 0.436319 11.753207
1628062098.942913 1.385961 1.137768 6.344960 2.427255 0.521878 11.817822
1628062099.043105 1.373499 1.048077 5.977554 2.762039 0.484947 11.646116
1628062099.143366 1.381165 1.124564 5.796079 1.728099 0.438644 10.468551
1628062099.243527 1.463968 1.183945 6.081278 2.623482 0.472806 11.825479
1628062099.343687 1.282999 1.076642 5.708741 2.230392 0.429034 10.727808
1628062099.443878 1.340432 1.039588 5.712834 2.741117 0.440935 11.274906
1628062099.544321 0.987362 0.870378 5.205116 1.211651 0.370760 8.645267
1628062099.644271 1.209129 1.006832 4.698666 1.295975 0.376728 8.587330
1628062099.744495 1.459464 1.165269 5.543581 2.422290 0.456661 11.047265
1628062099.844631 1.348248 1.028015 5.439290 2.112507 0.397344 10.325404
1628062099.944818 1.360009 1.042149 5.326277 2.299398 0.406018 10.433851
1628062100.045045 1.540782 1.242538 5.958018 3.829724 0.436470 13.007532
1628062100.145202 1.578976 1.035681 5.283546 3.102191 0.400889 11.401283
1628062100.245393 1.183020 1.022271 4.991317 2.804602 0.373975 10.375185
1628062100.346566 1.303922 1.025602 5.078486 2.544703 0.356574 10.309287
1628062100.445775 1.389841 1.063529 5.130496 2.891745 0.370651 10.846262
1628062100.545994 1.296570 1.012670 6.206401 2.136152 0.374586 11.026379
1628062100.646184 1.307878 1.020845 5.288059 2.291874 0.368037 10.276693
1628062100.746397 1.557459 1.217774 6.358717 2.500387 0.408726 12.043063
1628062100.846546 1.627593 1.225747 6.654895 2.402669 0.431683 12.342587
1628062100.946753 1.384524 1.178763 5.395653 2.475478 0.397991 10.832409
1628062101.046939 1.456662 1.152565 5.540771 2.324028 0.403641 10.877667
1628062101.147124 1.617444 1.212566 5.385668 1.855860 0.405709 10.477247
1628062101.247336 1.457631 1.144748 4.124457 1.907119 0.383695 9.017650
1628062101.347563 1.490334 1.118773 4.333248 1.954602 0.367569 9.264526
1628062101.447713 1.316777 1.013798 4.947358 2.292431 0.327976 9.898340
1628062101.547885 1.425159 1.081221 5.048783 4.312758 0.356077 12.223998
1628062101.648068 1.788144 1.128594 5.432738 2.410854 0.384661 11.144991
1628062101.748323 1.612451 1.208032 5.546539 2.419471 0.381905 11.168398
1628062101.848521 1.495162 1.129915 5.682654 2.546953 0.375938 11.230622
1628062101.948643 1.496707 1.139906 5.388666 2.527060 0.388724 10.941063
1628062102.048848 1.751205 1.025804 3.980513 2.706039 0.421111 9.884672
1628062102.149631 1.433293 1.062613 4.068065 1.431537 0.336234 8.331742
1628062102.249229 1.527978 1.067445 5.091058 2.932720 0.351573 10.970774
1628062102.349411 1.729621 1.324273 3.549822 1.802411 0.395098 8.801225
1628062102.449622 1.592417 1.190029 4.550269 1.430044 0.383819 9.146578
1628062102.549833 1.680397 1.249441 5.468079 2.242057 0.391719 11.031693
1628062102.650022 1.716908 1.201040 5.552678 2.874331 0.390858 11.735815
1628062102.750347 1.466129 1.094601 2.986212 1.397799 0.298516 7.243257
1628062102.850403 1.344421 1.058937 5.237010 3.415332 0.341390 11.397090
1628062102.950558 1.677835 1.249481 5.769001 3.780575 0.398540 12.875432
1628062103.050805 0.701755 0.517891 3.329580 2.048532 0.177171 6.774929
1628062103.150953 1.868654 0.618823 5.484787 3.154511 0.194743 11.321518
1628062103.251175 1.674640 1.071755 6.072332 3.298043 0.437592 12.554362
1628062103.351346 1.598169 1.214929 4.187335 1.966113 0.407530 9.374076
1628062103.451544 1.507287 1.212857 6.120603 2.506557 0.387719 11.735023
1628062103.551749 1.381047 1.098928 5.708977 4.403423 0.368417 12.960792
1628062103.651895 1.483698 1.164321 5.905210 2.227336 0.362184 11.142749
1628062103.752100 1.494041 1.202590 5.973358 2.676387 0.374755 11.721131
1628062103.852319 1.745493 1.312496 6.173117 3.328182 0.418112 12.977400
1628062103.952518 1.634855 1.273238 3.282930 2.096631 0.407705 8.695359
1628062104.052661 1.924074 1.197579 6.330895 2.178583 0.478209 12.109340
1628062104.152885 1.835216 1.345063 6.292580 3.433413 0.420050 13.326322
1628062104.253100 1.342914 1.124807 6.111398 3.381313 0.346163 12.306595
1628062104.353838 1.924851 1.656587 6.640875 2.213257 0.491105 12.926675
1628062104.453451 2.025441 1.284601 6.852879 5.360209 0.429244 15.952374
1628062104.553614 1.793520 1.214666 6.844514 3.974497 0.394703 14.221900
1628062104.653860 1.574327 1.226214 3.975449 2.779568 0.418162 9.973720
1628062104.753998 1.791410 1.350624 4.180187 1.823827 0.412690 9.558738
1628062104.854208 1.773794 1.379685 6.791686 3.305510 0.435264 13.685939
1628062104.954407 1.524887 1.175189 6.455192 3.001611 0.412327 12.569206
1628062105.054655 1.944916 1.430708 3.972763 2.621507 0.480083 10.449977
1628062105.154840 1.655579 1.297448 6.463333 3.085856 0.432760 12.934976
1628062105.255166 1.567699 1.231151 6.723099 2.530053 0.457189 12.509191
1628062105.355213 1.694835 1.321539 6.573768 2.864060 0.426233 12.880435
1628062105.455377 1.668431 1.338229 6.938342 2.956550 0.431791 13.333343
1628062105.555554 1.646745 1.215512 3.579202 2.476217 0.414561 9.332237
1628062105.655730 1.609606 1.292272 6.541230 3.171257 0.445347 13.059712
1628062105.755917 1.688870 1.395294 7.035628 3.465519 0.480993 14.066304
1628062105.856102 1.584051 1.235402 7.063654 3.127833 0.434326 13.445266
1628062105.956613 1.410169 1.147360 7.058672 3.617862 0.407420 13.641483
1628062106.056487 1.530485 1.233401 8.126381 3.261865 0.463717 14.615849
1628062106.156675 1.603043 1.255793 7.169852 3.566009 0.447444 14.042141
1628062106.256886 1.582936 1.270086 4.926556 2.700698 0.452603 10.932879
1628062106.357069 1.679372 1.309588 7.410380 3.235364 0.501648 14.136352
1628062106.457264 1.551115 1.164585 7.445656 3.317328 0.410540 13.889224
1628062106.557435 1.666370 1.288960 7.319256 3.172170 0.469410 13.916166
1628062106.657718 1.256692 1.107551 7.458569 3.295741 0.441641 13.560194
1628062106.758852 1.777976 1.334183 7.697370 3.012091 0.500665 14.322285
1628062106.858011 1.396473 1.113014 6.783713 2.579178 0.426989 12.299367
1628062106.958252 1.219691 1.043382 7.069275 3.213400 0.431658 12.977406
1628062107.058519 1.831608 1.137668 8.113805 4.909175 0.476366 16.468622
1628062107.159104 1.665948 1.194987 7.901758 2.454772 0.677174 13.894639
1628062107.259798 1.403264 1.235355 8.083592 3.272081 0.544777 14.539069
1628062107.360660 1.604217 1.206989 8.059284 4.790642 0.535002 16.196134
1628062107.459170 1.316070 1.147876 7.743511 3.076590 0.491622 13.775669
1628062107.559381 1.444946 1.147926 7.904327 3.089408 0.503256 14.089863
1628062107.659572 1.264605 1.099003 8.203913 3.712856 0.503580 14.783957
1628062107.759801 1.575254 1.221062 8.052068 4.497896 0.552918 15.899198
1628062107.859925 1.425581 1.273591 5.010652 2.762332 0.586894 11.059050
1628062107.961834 1.455926 1.215248 7.631704 3.966342 0.533792 14.803012
1628062108.060322 1.033416 0.966722 6.593469 3.399063 0.481831 12.474501
1628062108.160500 1.291662 1.065512 8.389974 4.137311 0.536192 15.420651
1628062108.260698 1.495242 1.246345 7.537230 4.123218 0.549453 14.951488
1628062108.360887 1.538966 1.196692 7.569680 4.684157 0.585447 15.574942
1628062108.461094 1.481536 1.190370 4.740127 2.705142 0.573774 10.690949
1628062108.561261 1.257344 1.027078 4.305922 3.369475 0.496161 10.455980
1628062108.661455 1.212614 1.009454 7.261431 4.932387 0.507818 14.923704
1628062108.761952 1.403898 1.189404 7.913881 3.781380 0.591815 14.880378
1628062108.861860 1.445986 1.191230 5.429681 2.835638 0.549805 11.452340
1628062108.962029 1.284037 1.018992 6.628915 4.482246 0.500207 13.914397
1628062109.062230 1.253720 1.162070 7.487930 4.243423 0.536072 14.683215
1628062109.162412 1.368314 1.164692 7.741416 5.536267 0.536471 16.347160
1628062109.262601 1.256533 1.117904 7.148261 4.507576 0.519757 14.550031
1628062109.363206 1.231326 1.013468 7.268897 3.856320 0.505048 13.875059
1628062109.462983 1.327874 1.102770 4.704973 3.273773 0.486740 10.896130
1628062109.563178 1.505855 1.154040 7.285642 5.148380 0.539706 15.633623
1628062109.663401 1.423410 1.235978 7.306406 4.500982 0.574840 15.041616
1628062109.763576 1.462186 1.125183 7.222616 4.073495 0.491792 14.375272
1628062109.863801 1.416834 1.082627 4.487202 3.364893 0.469553 10.821109
1628062109.966192 1.318346 1.085029 6.459572 6.422598 0.607850 15.893395
1628062110.064177 1.407993 1.157046 4.814331 3.586724 0.492779 11.458873
1628062110.166011 1.258045 0.998228 5.259343 3.932723 0.425709 11.874048
1628062110.264517 1.344130 1.065533 5.080193 3.358076 0.453311 11.301243
1628062110.364716 1.577131 1.237655 7.219510 5.821103 0.541668 16.397067
1628062110.464904 1.365929 1.098614 6.613699 5.679663 0.479142 15.237047
1628062110.565093 1.463731 1.106834 6.843612 5.842153 0.482034 15.738364
1628062110.665295 1.518852 1.184618 6.924365 4.815225 0.490025 14.933085
1628062110.765882 1.435036 1.089858 6.915744 4.550902 0.474566 14.466106
1628062110.961978 2.805176 1.415286 6.912071 4.011309 0.584957 15.728799
1628062110.965874 0.000160 0.530376 3.612769 3.825385 0.224508 8.193198
1628062111.066080 1.549624 1.261708 7.175602 4.086647 0.524346 14.597927
1628062111.166240 1.558816 1.221144 7.316442 4.359889 0.491415 14.947706
1628062111.266459 1.370685 1.130095 4.281577 3.689414 0.447201 10.918972
1628062111.366632 1.382688 1.094779 6.450418 5.067982 0.448409 14.444276
1628062111.466860 1.475341 1.243132 7.225353 4.432355 0.529168 14.905349
1628062111.567009 1.696173 1.283896 7.534663 5.472394 0.520339 16.507465
1628062111.667215 1.523472 1.248494 7.520329 4.147700 0.479552 14.919547
1628062111.767398 1.645242 1.284986 5.259932 3.412830 0.492533 12.095523
1628062111.867890 1.354497 0.697880 4.769669 5.618271 0.355020 12.795337
1628062111.967763 1.942663 1.379620 7.744721 4.706983 0.543479 16.317466
1628062112.068701 1.474379 1.153909 6.653970 4.876814 0.472228 14.631300
1628062112.168159 1.663119 1.188261 8.809801 4.619557 0.489765 16.770503
1628062112.268859 1.501200 1.161935 8.829423 5.081543 0.486338 17.060439
1628062112.368567 1.856933 1.391249 7.412349 3.895639 0.538426 15.094596
1628062112.468816 1.901473 1.486143 5.409549 3.691106 0.596855 13.085126
1628062112.568924 2.073894 1.406739 8.150530 4.391204 0.263683 16.286050
1628062112.669200 1.633023 1.257130 4.633611 4.462638 0.509642 12.496044
1628062112.769343 1.869880 1.398189 5.185034 4.834866 0.528025 13.815994
1628062112.869521 1.722178 1.382127 8.618538 4.945150 0.574832 17.242825
1628062112.969678 1.847497 1.394056 8.739876 5.718575 0.584884 18.284888
1628062113.069974 1.869644 1.429037 4.316976 4.117115 0.494323 12.227095
1628062113.170069 2.044031 1.527905 8.619928 4.597081 0.602100 17.391045
1628062113.272352 1.640114 1.248678 5.300059 5.390879 0.539953 14.119683
1628062113.370456 1.770957 1.305038 8.619545 4.969778 0.542388 17.207706
1628062113.470640 1.936308 1.485130 6.078129 4.985810 0.589911 15.075288
1628062113.570832 1.929258 1.588673 8.582720 9.137767 0.606250 21.844668
1628062113.675324 1.980090 1.491931 9.362850 4.541250 0.589308 17.965429
1628062113.771237 0.945680 0.649943 5.727149 5.003130 0.262815 12.588717
1628062113.872631 1.808391 1.508278 8.585594 4.339820 0.594028 16.836111
1628062113.971636 2.042009 1.461837 8.864875 5.056342 0.629495 18.054558
1628062114.071820 1.868287 1.309972 8.642669 4.842101 0.551057 17.214086
1628062114.171984 1.892779 1.433649 5.592505 4.927853 0.570357 14.417143
1628062114.272321 1.746889 1.368908 8.448497 4.752752 0.554762 16.871808
1628062114.372384 1.709236 1.355667 8.643849 5.418299 0.555275 17.682326
1628062114.472591 1.743474 1.358904 8.535522 4.935782 0.563146 17.136828
1628062114.572743 1.991288 1.488838 8.949261 4.399035 0.579536 17.407958
1628062114.680590 2.047645 1.480470 5.088683 4.642320 0.607670 13.866788
1628062114.773142 1.901092 1.418992 5.046950 4.398569 0.559832 13.325435
1628062114.873315 1.975879 1.489054 8.508160 5.279198 0.591968 17.844259
1628062114.973505 1.822459 1.374500 8.267187 5.220731 0.561622 17.246499
1628062115.075981 1.999787 1.476960 9.670867 7.886723 0.588523 21.622860
1628062115.173886 1.759412 1.300569 8.505966 3.963076 0.521665 16.050688
1628062115.274075 1.689926 1.305402 8.658233 3.845715 0.552081 16.051357
1628062115.374297 1.875198 1.448053 8.840964 5.202927 0.553349 17.920491
1628062115.474461 1.913831 1.455885 5.117759 4.189356 0.556120 13.232951
1628062115.574670 1.496776 1.232558 8.153369 3.625078 0.686353 15.194134
1628062115.674843 1.863928 1.437927 8.279960 4.081822 0.597247 16.260884
1628062115.775033 1.749907 1.416550 7.960289 3.797571 0.565752 15.490069
1628062115.875284 1.940809 1.460775 5.393671 3.365652 0.632118 12.793025
1628062115.975433 1.872877 1.406998 9.566216 4.743614 0.593076 18.182781
1628062116.079650 1.860826 1.382050 9.462399 4.842009 0.595404 18.142688
1628062116.175812 1.654562 1.291488 9.671472 5.297835 0.531082 18.446439
1628062116.275993 1.980238 1.527722 8.792402 4.816480 0.613916 17.730758
1628062116.376478 1.923132 1.581096 5.312466 4.152015 0.612378 13.581087
1628062116.476480 2.129495 1.502824 9.454167 5.380609 0.577623 19.044718
1628062116.576560 1.828807 1.462258 9.048176 4.300193 0.572698 17.212132
1628062116.677747 1.807949 1.511151 9.319917 4.610270 0.601364 17.850651
1628062116.776961 2.089823 1.630306 9.486128 4.426785 0.645260 18.278302
1628062116.877135 2.129812 1.098192 5.960947 3.973006 0.430654 13.592611
1628062116.977331 1.922913 1.504684 5.385085 3.951451 0.636442 13.400575
1628062117.077518 1.921807 1.475202 9.015496 3.363167 0.572678 16.348350
1628062117.177720 1.592925 1.323185 9.095701 4.917484 0.552025 17.481320
1628062117.278218 1.867388 1.564096 8.952696 4.172284 0.660537 17.217001
1628062117.378097 1.715635 1.400794 8.379844 4.601020 0.551832 16.649125
1628062117.478289 1.919082 1.486944 8.156670 3.937915 0.553930 16.054541
1628062117.578490 1.843019 1.472494 8.142823 3.234923 0.571707 15.264966
1628062117.678693 2.007523 1.574639 5.295081 3.136072 0.623996 12.637311
1628062117.780228 1.772023 1.378602 4.740462 3.418757 0.560504 11.870348
1628062117.881443 2.123768 1.602598 7.680944 3.618230 0.609301 15.634841
1628062117.979252 1.728134 1.387932 7.960973 5.087132 0.691962 16.856133
1628062118.079423 1.766224 1.337491 7.816697 3.602656 0.531689 15.054757
1628062118.179668 1.843324 1.405413 8.147687 3.928077 0.547856 15.872357
1628062118.279835 1.861096 1.396697 8.040812 3.506609 0.515318 15.320532
1628062118.380014 1.897775 1.503219 7.338854 3.598285 0.544146 14.882279
1628062118.480190 1.879869 1.529638 8.080737 4.476015 0.570200 16.536459
1628062118.581149 1.894025 1.423537 4.640772 3.096558 0.585686 11.640578
1628062118.682342 1.880808 1.443496 7.829020 4.127437 0.519639 15.800400
1628062118.780767 1.767356 1.379746 7.932452 3.473800 0.527006 15.080360
1628062118.880980 1.787609 1.397807 4.864635 2.826223 0.548347 11.424621
1628062118.981163 1.812989 1.427519 5.599313 4.394267 0.544687 13.778775
1628062119.081334 1.776471 1.468186 7.557758 3.486577 0.553438 14.842430
1628062119.181529 1.977942 1.111846 7.093004 3.343251 0.268618 13.794661
1628062119.281734 1.796058 1.417085 7.809273 3.362402 0.548504 14.933322
1628062119.381914 1.872553 1.516590 7.694153 3.653160 0.550082 15.286538
1628062119.482106 1.708788 1.393817 7.776167 4.092951 0.540026 15.511749
1628062119.582294 1.968802 1.524124 8.368190 4.400386 0.588990 16.850492
1628062119.682512 1.958629 1.595365 4.993640 2.776923 0.573984 11.898541
1628062119.782684 1.760907 1.483714 8.168544 3.325896 0.554329 15.293390
1628062119.882875 2.473723 0.987668 6.319283 3.019031 0.402383 13.202088
1628062119.983079 1.764353 1.432050 6.251396 3.961156 0.589733 13.998688
1628062120.083278 1.812576 1.421313 4.804404 3.254049 0.534354 11.826696
1628062120.183441 1.724576 1.407716 8.986160 6.452624 0.547727 19.118803
1628062120.283643 1.700677 1.358333 8.101939 4.187431 0.526596 15.874976
1628062120.383826 1.723036 1.415802 8.235462 3.935651 0.565341 15.875292
1628062120.484035 2.029114 1.532383 8.272403 3.233057 0.567863 15.634820
1628062120.584291 1.854902 1.443554 8.008268 3.823923 0.530520 15.661167
1628062120.684440 2.036799 1.635536 8.521273 5.594160 0.594036 18.381804
1628062120.784621 1.904426 1.511843 8.555718 3.928379 0.586228 16.486594
1628062120.885262 1.781303 1.431895 4.666448 3.914534 0.544703 12.338883
1628062120.986110 1.901744 1.498697 4.922487 3.342043 0.598827 12.263798
1628062121.085166 1.867692 0.899720 4.175701 3.338464 0.260802 10.542379
1628062121.185375 1.787953 1.380029 7.920329 3.614069 0.570036 15.272416
1628062121.285544 2.079121 1.595237 8.374036 4.587641 0.641270 17.277305
1628062121.385748 1.901535 1.478766 4.520429 3.217939 0.579741 11.698410
1628062121.485934 1.862601 1.413536 8.033018 3.752116 0.541043 15.602314
1628062121.586122 1.813926 1.467459 8.058160 5.082718 0.571697 16.993960
1628062121.686321 1.720974 1.373390 8.308874 4.387696 0.543570 16.334504
1628062121.786528 1.877531 1.428787 8.320806 4.049057 0.562368 16.238549
1628062121.886964 0.710782 0.627975 5.255022 3.673078 0.263634 10.530491
1628062121.986907 1.693861 1.344626 6.075297 3.433399 0.535942 13.083125
1628062122.087810 1.981299 1.561274 4.602345 3.817393 0.589774 12.552085
1628062122.187284 2.058750 1.388500 9.266737 4.950913 0.603188 18.268088
1628062122.287464 1.809104 1.505915 8.566200 4.885227 0.600911 17.367357
1628062122.387795 1.684728 1.585027 8.291167 3.892875 0.585168 16.038965
1628062122.488014 1.701407 1.434783 4.780363 4.518243 0.608129 13.042925
1628062122.588032 1.826670 1.474132 8.608986 3.686038 0.591629 16.187455
1628062122.688243 1.705170 1.344160 8.355576 3.755259 0.561099 15.721264
1628062122.788417 1.800063 1.492797 4.864188 3.156875 0.604771 11.918694
1628062122.888606 1.635268 0.943186 4.774924 4.235144 0.305592 11.894114
1628062122.988893 1.813891 1.558306 8.967033 3.878256 0.631875 16.849361
1628062123.088994 1.802986 1.499304 8.650140 4.426007 0.585267 16.963704
1628062123.189194 1.710379 1.387626 5.282330 3.742752 0.568017 12.691104
1628062123.289402 1.866884 1.485792 8.819203 4.036412 0.617058 16.825349
1628062123.389704 2.004463 1.526920 8.452742 3.990333 0.618353 16.592811
1628062123.489767 1.775473 1.466227 9.063713 4.706313 0.617334 17.629060
1628062123.590030 1.831648 1.462631 8.552671 4.686922 0.635666 17.169538
1628062123.690424 1.738947 1.491268 8.607829 4.178723 0.621616 16.638383
1628062123.790336 1.941386 1.503255 9.189489 3.963076 0.644822 17.242028
1628062123.890529 1.824809 1.512306 9.133552 5.268662 0.632271 18.371600
1628062123.990712 1.971036 1.623702 9.252330 4.061403 0.655361 17.563832
1628062124.090995 1.833063 1.535427 8.824365 3.576718 0.648642 16.418215
1628062124.191178 2.375768 0.821395 9.297300 5.411520 0.456448 18.362431
1628062124.291282 1.895074 1.323954 7.249802 5.545474 0.481643 16.495947
1628062124.391514 1.711638 1.435146 5.210849 4.027893 0.601759 12.987285
1628062124.491702 1.971422 1.612571 9.216985 3.888036 0.654772 17.343786
1628062124.591864 1.745612 1.409059 6.496680 3.582267 0.598006 13.831624
1628062124.692359 1.720294 1.411409 8.675098 4.664332 0.571407 17.042540
1628062124.792272 1.762991 1.426645 8.990099 5.402187 0.609402 18.191324
1628062124.893320 1.834495 1.527787 4.718738 4.544946 0.327630 12.953596
1628062124.992625 1.643244 1.331270 8.699618 4.058244 0.566015 16.298391
1628062125.092810 2.227117 1.734277 9.092692 4.047513 0.678667 17.780266
1628062125.193112 1.918599 1.539542 5.317960 3.763280 0.619996 13.159377
1628062125.293251 1.762244 1.460672 8.468941 4.390115 0.625186 16.707158
1628062125.393945 1.787286 1.496042 8.698968 3.898372 0.618133 16.498801
1628062125.493677 1.899837 1.475387 9.614196 5.024090 0.629144 18.642654
1628062125.593777 1.911777 1.517419 9.639361 4.704361 0.660809 18.433727
1628062125.693971 1.906907 1.525486 8.706895 4.297854 0.644900 17.082042
1628062125.794262 1.913615 1.576048 9.016219 4.734901 0.637916 17.878699
1628062125.894362 2.009971 1.373481 8.852169 4.101843 0.587795 16.925259
1628062125.994600 2.047873 1.390189 8.557223 4.273121 0.588778 16.857184
1628062126.094837 1.973839 1.587058 5.667831 4.143821 0.663141 14.035690
1628062126.196050 1.636627 1.372027 9.060991 4.892112 0.609594 17.571351
1628062126.295118 1.870791 1.461662 8.195212 4.470371 0.600081 16.598117
1628062126.395308 1.992453 1.567227 8.658433 4.652780 0.676732 17.547625
1628062126.495502 1.852760 1.569737 8.787617 4.473752 0.663489 17.347355
1628062126.595682 1.675356 1.363068 8.540277 4.499978 0.587184 16.665863
1628062126.695871 1.840201 1.501939 8.524010 4.259199 0.629824 16.755173
1628062126.796115 1.735812 1.445138 5.287766 4.830308 0.597912 13.896936
1628062126.896257 1.764737 1.391644 8.223877 4.547977 0.603757 16.531992
1628062126.996448 2.056427 1.619527 9.515503 3.892892 0.695855 17.780204
1628062127.096698 1.851388 1.425395 9.245017 5.645679 0.613791 18.781270
1628062127.196831 1.872945 1.594380 8.991252 4.316653 0.683757 17.458987
1628062127.297043 1.991800 1.675076 5.705481 3.192135 0.691822 13.256314
1628062127.397222 1.773578 1.477957 7.548130 4.618449 0.665183 16.083297
1628062127.497856 1.646688 1.422029 8.578625 3.939552 0.608014 16.194908
1628062127.601156 1.845420 1.489396 8.735415 3.662052 0.650218 16.382501
1628062127.697793 2.139304 1.495784 7.520125 4.167320 0.330223 15.652756
1628062127.798481 1.827186 1.548042 8.758574 3.943270 0.671880 16.748952
1628062127.898165 1.708542 1.458388 9.042621 3.994365 0.661275 16.865191
1628062127.998466 1.925004 1.554764 9.440668 5.071565 0.663736 18.655737
1628062128.098547 2.087264 1.366560 6.511062 4.485471 0.522204 14.972561
1628062128.198743 1.782180 1.532603 8.735037 3.890439 0.665211 16.605470
1628062128.298936 1.519776 1.295897 9.176512 5.001563 0.615974 17.609722
1628062128.399168 1.908786 1.452353 8.427603 3.904387 0.647296 16.340425
1628062128.499315 1.782721 1.328044 8.916248 4.930736 0.568445 17.526194
1628062128.599513 1.693407 1.361059 4.980795 3.076077 0.583175 11.694513
1628062128.699709 1.742637 1.419925 8.596555 4.778800 0.636098 17.174015
1628062128.800222 1.638762 1.353158 5.594517 3.872612 0.591076 13.050125
1628062128.900094 2.036975 1.615960 8.823113 5.254369 0.657450 18.387867
1628062129.000362 2.002294 1.501528 9.198334 4.701030 0.646142 18.049328
1628062129.100507 2.188552 1.626068 8.396601 3.812727 0.676429 16.700377
1628062129.200677 1.887259 1.509838 8.604852 4.011709 0.623123 16.636781
1628062129.300855 1.610887 1.334542 4.728130 4.414517 0.539089 12.627165
1628062129.404443 1.712733 1.368778 8.293289 3.893939 0.576331 15.845070
1628062129.501251 1.995677 1.477251 4.949001 4.015129 0.580584 13.017642
1628062129.601487 2.083392 1.533640 8.423135 4.399873 0.633487 17.073527
1628062129.701619 2.248211 1.404882 6.602593 5.773187 0.551943 16.580816
1628062129.801801 1.644092 1.392855 5.941600 3.831574 0.577672 13.387793
1628062129.902005 2.205613 1.049445 6.064414 4.460084 0.456811 14.236367
1628062130.002236 0.801020 0.694392 4.731604 4.198744 0.307057 10.732817
1628062130.102387 1.992652 1.559775 8.686726 4.881892 0.636142 17.757187
1628062130.202565 1.973656 1.287771 4.586882 3.028620 0.278704 11.155633
1628062130.302849 2.045515 1.492097 7.877890 3.044249 0.612404 15.072155
1628062130.402945 1.834133 1.538613 8.651462 3.633181 0.632347 16.289736
1628062130.503158 2.163341 1.373680 6.618431 4.420151 0.445494 15.021097
1628062130.603328 2.071999 1.370524 9.040839 2.940482 0.695529 16.119373
1628062130.703522 1.684886 1.331507 8.596753 3.348110 0.557799 15.519055
1628062130.803734 1.867375 1.572649 8.476955 3.548086 0.633046 16.098111
1628062130.904702 2.132783 1.044390 6.849013 4.917774 0.451446 15.395406
1628062131.004112 1.730505 1.432247 5.646731 3.201399 0.617637 12.628519
1628062131.104290 1.762218 1.400416 8.203089 2.601556 0.557017 14.524296
1628062131.204515 2.072004 1.604989 8.961024 4.642953 0.663723 17.944693
1628062131.304692 1.924863 1.547183 8.642956 3.009545 0.663428 15.787975
1628062131.404861 1.803061 1.486518 8.898335 4.051669 0.617618 16.857201
1628062131.505051 1.744364 1.483626 6.639111 3.432375 0.632286 13.931762
1628062131.605260 1.980977 1.587998 9.053442 2.898292 0.644610 16.165319
1628062131.705544 1.827431 1.501588 8.454622 3.167522 0.597844 15.549007
1628062131.805630 1.680398 1.457509 8.496807 3.104799 0.603210 15.342723
1628062131.906410 1.943235 1.662691 5.181230 2.655948 0.691012 12.134116
1628062132.006028 1.828210 1.441776 8.694153 3.148293 0.589100 15.701532
1628062132.107862 1.757565 1.380629 6.380533 2.966799 0.609329 13.094855
1628062132.206573 1.846822 1.493494 8.230430 2.907599 0.670630 15.148975
1628062132.306862 1.866089 1.554230 9.704106 3.764301 0.653010 17.541736
1628062132.407104 1.853680 1.467188 8.842358 2.667996 0.615769 15.446991
1628062132.509850 1.925083 1.515759 8.659468 3.662838 0.644205 16.407353
1628062132.607290 1.794574 1.511011 9.138918 4.280035 0.649410 17.373948
1628062132.707353 1.837078 1.506782 9.296066 5.461839 0.664717 18.766482
1628062132.807543 1.834446 1.533673 9.483720 4.295153 0.658755 17.805747
1628062132.909417 1.860871 1.522324 5.667504 3.716180 0.673601 13.440480
1628062133.007957 1.705431 1.350850 5.600020 3.190901 0.566163 12.413365
1628062133.110370 2.069736 1.689995 9.828962 3.685508 0.745568 18.019769
1628062133.208313 1.778713 1.483844 9.345498 3.747734 0.628451 16.984240
1628062133.308704 0.970131 0.836706 6.317438 4.527424 0.366175 13.017874
1628062133.408702 1.784633 1.490553 5.371062 4.125265 0.624067 13.395580
1628062133.508889 1.821552 1.493107 9.094535 3.761392 0.641705 16.812291
1628062133.609119 1.859938 1.464895 8.638393 3.294771 0.622310 15.880307
1628062133.709393 1.766916 1.470209 8.584598 3.437127 0.591449 15.850299
1628062133.809466 2.013497 1.617721 9.624759 3.365262 0.666420 17.287659
1628062133.910171 1.950861 1.523690 6.796262 3.193382 0.650990 14.115185
1628062134.009831 1.845761 1.536517 8.917595 3.484517 0.623684 16.408074
1628062134.110110 1.823869 1.520278 8.572036 3.405675 0.599747 15.921605
1628062134.210227 1.362609 1.186709 8.559423 3.639175 0.506826 15.254742
1628062134.310456 1.130722 1.111537 9.276534 3.877148 0.548650 15.944591
1628062134.410609 2.153873 1.360515 6.478341 4.825716 0.669796 15.488241
1628062134.510822 1.779834 1.384163 9.269948 3.536598 0.588655 16.559198
1628062134.610980 1.962373 1.526784 5.914116 3.301761 0.626050 13.331084
1628062134.711330 1.724742 1.490198 9.446945 4.454103 0.595593 17.711581
1628062134.812008 2.159794 1.428452 6.825962 4.535811 0.584961 15.534980
1628062134.911961 1.738916 1.412970 5.808139 4.057355 0.604386 13.621766
1628062135.015233 2.049683 1.627747 5.540579 3.838885 0.694137 13.751031
1628062135.111987 1.911899 1.569360 6.221063 4.247057 0.675641 14.625020
1628062135.212201 1.920407 1.474843 9.561809 3.369410 0.644443 16.970912
1628062135.317819 1.561671 1.398628 9.991805 3.863728 0.590920 17.406752
1628062135.412514 1.735960 1.438959 5.910999 3.713896 0.615081 13.414895
1628062135.512750 1.872680 1.560868 9.529756 3.970794 0.669278 17.603376
1628062135.612896 1.871896 1.544543 6.114643 3.217015 0.631235 13.379332
1628062135.713084 1.707077 1.422109 5.170134 3.139588 0.488228 11.927136
1628062135.813269 1.449237 1.344610 5.828721 3.033044 0.596648 12.252260
1628062135.913469 1.843929 1.492418 9.339236 3.251062 0.651922 16.578567
1628062136.013666 1.955560 1.572946 10.021529 4.709134 0.631587 18.890756
1628062136.113873 1.809399 1.576992 9.854408 3.713311 0.673488 17.627598
1628062136.214043 1.911182 1.617374 9.275915 2.841162 0.651398 16.297031
1628062136.314271 1.712619 1.493104 9.029348 4.175588 0.615776 17.026435
1628062136.414420 2.048766 1.617103 8.833948 2.922859 0.676083 16.098759
1628062136.514608 1.826114 1.559408 5.412861 4.127971 0.648758 13.575112
1628062136.614801 1.833185 1.445833 5.423849 2.702742 0.623802 12.029411
1628062136.714998 1.935337 1.498939 8.921085 3.052037 0.619628 16.027026
1628062136.815274 1.777851 1.537524 4.968499 3.148362 0.626327 12.058563
1628062136.915393 1.807797 1.577656 5.232042 3.317332 0.691327 12.626154
1628062137.017500 1.886715 1.549894 8.843358 2.831367 0.614865 15.726199
1628062137.115786 0.773985 0.791939 5.979243 3.356858 0.456628 11.358653
1628062137.215962 1.808287 1.486020 8.759132 3.649794 0.617519 16.320752
1628062137.316167 1.797216 1.491501 9.409117 3.728507 0.700279 17.126620
1628062137.416332 2.077463 1.325880 8.866604 2.937890 0.698203 15.906040
1628062137.516524 2.052361 1.651825 5.710013 2.699078 0.663162 12.776439
1628062137.616768 1.811909 1.506649 5.692201 2.585443 0.627182 12.223384
1628062137.716910 1.577751 1.337893 9.268123 4.155162 0.546947 16.885876
1628062137.817104 1.676214 1.429259 5.193191 3.089835 0.576012 11.964511
1628062137.917298 1.902056 1.549745 8.645117 2.711258 0.653316 15.461492
1628062138.017485 1.796480 1.599636 8.804294 2.457623 0.651628 15.309661
1628062138.117682 1.857801 1.598469 9.394613 3.561533 0.670870 17.083286
1628062138.217861 1.905444 1.705826 9.073439 2.573397 0.720011 15.978117
1628062138.318070 1.868492 1.580433 9.558332 3.417282 0.663435 17.087974
1628062138.418259 1.685370 1.362230 5.652799 3.420860 0.560671 12.681930
1628062138.518466 1.821830 1.504845 9.308165 4.283246 0.613499 17.531585
1628062138.618628 2.038520 1.614032 9.260579 3.061671 0.659096 16.633898
1628062138.718992 1.615070 1.354331 9.186095 4.006039 0.599794 16.761329
1628062138.819007 1.922158 1.482150 9.407820 5.083122 0.612687 18.507937
1628062138.919213 1.736336 1.495601 9.058165 4.236663 0.600976 17.127741
1628062139.019404 2.114920 1.574641 9.076071 2.594280 0.631527 15.991439
1628062139.119581 1.728006 1.400341 7.990729 2.831853 0.394939 14.345868
1628062139.219810 1.759238 1.464296 9.052014 3.406383 0.605240 16.287171
1628062139.320141 1.566501 1.333954 7.741883 3.167722 0.543820 14.353880
1628062139.420184 1.799629 1.470849 9.131185 3.090676 0.603254 16.095593
1628062139.520363 1.618993 1.338613 8.967128 3.187155 0.565063 15.676952
1628062139.620537 1.720303 1.464897 8.724294 3.292377 0.607196 15.809067
1628062139.721006 1.667085 1.406645 8.681904 3.640859 0.593213 15.989706
1628062139.820973 1.842817 1.515950 9.287473 3.127427 0.620920 16.394587
1628062139.921274 2.046095 1.692848 5.510875 3.009821 0.668068 12.927707
1628062140.021349 2.182011 1.586549 8.851937 2.354117 0.613000 15.587614
1628062140.121764 2.077282 1.369214 8.042183 5.719563 0.289023 17.497265
1628062140.221703 1.724323 1.471504 9.295846 3.370987 0.606665 16.469325
1628062140.321921 1.749433 1.359544 8.595693 3.182129 0.549791 15.436590
1628062140.422067 1.866657 1.505374 5.531417 2.828240 0.598984 12.330672
1628062140.522267 1.591324 1.026693 6.369521 2.771731 0.398975 12.158244
1628062140.622465 1.152812 0.797914 6.698461 2.464350 0.438871 11.552408
1628062140.723820 0.810340 0.646999 5.226249 2.421631 0.279907 9.385126
1628062140.822856 0.720963 0.622482 5.144630 2.524083 0.285148 9.297306
1628062140.923033 0.727602 0.643624 5.580712 2.708904 0.324819 9.985661
1628062141.023226 1.179263 0.804477 5.582674 2.579473 0.447313 10.593200
1628062141.123417 1.182048 0.797101 7.759737 3.966660 0.446561 14.152107
1628062141.223739 1.457269 0.912609 8.344631 3.410345 0.442828 14.567682
1628062141.323790 0.732389 0.628158 5.214201 2.285268 0.277824 9.137840
1628062141.424018 0.733134 0.613638 5.370491 2.461959 0.274779 9.454001
1628062141.524174 0.730913 0.635587 8.426372 4.256919 0.282585 14.332376
1628062141.624545 0.866635 0.631166 5.267023 2.671298 0.275470 9.711592
1628062141.724733 0.751454 0.628912 5.477834 4.608375 0.275424 11.741999
1628062141.824748 0.809974 0.740173 8.353813 2.563422 0.323550 12.790932
1628062141.929313 1.921132 1.570443 9.376378 3.123782 0.592262 16.583997
1628062142.025140 1.998381 1.512619 9.040484 3.072932 0.596256 16.220672
1628062142.125318 1.867080 1.718274 9.389532 3.489161 0.637967 17.102014
1628062142.225512 1.752544 1.387869 9.199380 2.948718 0.596861 15.885372
1628062142.325704 2.005665 1.508266 9.477322 3.361532 0.628262 16.981047
1628062142.425897 2.119814 1.339020 9.653611 4.691564 0.711951 18.515960
1628062142.526124 1.796192 1.629617 9.911635 5.848126 0.445543 19.631113
1628062142.626279 1.781218 1.407628 6.955871 2.528302 0.679372 13.352391
1628062142.726481 1.804382 1.430758 9.784415 3.003880 0.582865 16.606300
1628062142.827608 1.162880 0.804564 8.221857 3.943097 0.467182 14.599580
1628062142.927004 1.189669 0.797329 6.839123 2.763434 0.455653 12.045208
1628062143.027045 0.747449 0.622894 5.685728 2.552809 0.281310 9.890190
1628062143.127700 0.769206 0.613599 5.365212 2.497221 0.267788 9.513026
1628062143.227443 0.763039 0.643251 5.429909 2.574644 0.281524 9.692367
1628062143.327631 0.814001 0.643806 8.491268 3.210870 0.277183 13.437128
1628062143.427816 1.730008 1.301011 9.674656 2.961049 0.576069 16.242793
1628062143.527999 1.663878 1.306512 9.575400 3.160925 0.531928 16.238643
1628062143.629508 1.898962 1.406408 9.258008 2.903613 0.663464 16.130455
1628062143.728382 1.711874 1.385869 8.896030 2.975996 0.580543 15.550312
1628062143.828912 1.864666 1.483931 9.078022 2.901056 0.621278 15.948953
1628062143.928786 1.821862 1.487695 9.465869 2.926343 0.613778 16.315547
1628062144.028979 1.800117 1.416935 6.463650 2.629341 0.716580 13.026623
1628062144.129173 1.995109 1.435040 9.387750 2.569813 0.609288 15.997000
1628062144.229370 1.981285 1.534233 10.334377 4.003941 0.648277 18.502113
1628062144.329579 1.874451 1.455093 9.763475 2.359808 0.572075 16.024902
1628062144.429940 1.930767 1.412505 9.167288 2.482306 0.584456 15.577322
1628062144.529910 1.940087 1.454123 10.481175 3.100776 0.570678 17.546839
1628062144.630137 1.850771 1.315299 9.180038 2.573298 0.539973 15.459379
1628062144.730315 1.959623 1.445104 9.779938 3.511793 0.575893 17.272351
1628062144.830684 1.807975 1.315859 5.973344 2.821600 0.600579 12.519357
1628062144.930672 2.081443 0.785313 7.715562 3.399789 0.423658 14.405765
1628062145.030876 1.824945 1.482607 9.699654 2.620475 0.593531 16.221212
1628062145.131096 2.179162 1.336920 7.357559 3.157447 0.452851 14.483939
1628062145.231263 1.868061 1.256926 8.648987 2.622735 0.654149 15.050858
1628062145.331461 2.018522 1.611991 9.339286 2.427120 0.605713 16.002632
1628062145.433908 1.908170 1.428596 6.386141 2.554782 0.559794 12.837483
1628062145.531825 1.854346 1.334746 8.885488 3.025172 0.507867 15.607619
1628062145.632141 1.917842 1.444724 5.150406 2.602707 0.551685 11.667364
1628062145.732207 1.919573 1.412500 8.269086 1.855645 0.514211 13.971015
1628062145.832397 1.786319 1.378161 4.775209 1.683364 0.509825 10.132878
1628062145.932591 2.011065 1.529067 4.740966 1.858170 0.542290 10.681558
1628062146.033153 1.702516 1.289619 8.616851 2.407547 0.487636 14.504169
1628062146.132974 2.014300 1.460914 8.203967 1.764540 0.508464 13.952185
1628062146.233163 1.450736 0.598853 8.190373 3.479702 0.218263 13.937927
1628062146.333353 1.695938 1.314517 5.566821 2.138951 0.467382 11.183609
1628062146.433573 2.211440 1.279307 8.764649 1.911186 0.607987 14.774569
1628062146.533754 2.199169 1.591879 9.568193 3.295498 0.565258 17.219997
1628062146.634128 1.791054 1.426086 8.800041 2.813540 0.483243 15.313964
1628062146.734127 1.694289 1.265588 8.165072 2.987619 0.476674 14.589242
1628062146.835003 1.730635 1.321657 8.096772 2.183351 0.470231 13.802646
1628062146.934503 1.912041 1.371624 6.050655 2.251602 0.486787 12.072709
1628062147.034785 1.991935 1.416631 8.533287 2.648563 0.522932 15.113348
1628062147.134881 1.870170 1.356623 8.389652 1.930013 0.481207 14.027665
1628062147.236295 1.889172 1.401349 8.236683 2.982057 0.497767 15.007028
1628062147.335272 2.046376 1.525684 5.174657 3.066010 0.521699 12.334426
1628062147.435455 1.683338 1.259562 8.312611 2.067805 0.464389 13.787705
1628062147.535655 1.789739 1.329336 4.308709 1.664852 0.482523 9.575159
1628062147.635847 2.030251 1.448903 7.994559 2.272646 0.499274 14.245633
1628062147.736031 1.818757 1.385594 8.481311 2.516467 0.503937 14.706066
1628062147.836243 1.925488 1.441211 8.354253 1.746143 0.501773 13.968868
1628062147.936417 1.921353 1.411925 4.948290 1.879172 0.500339 10.661079
1628062148.036608 1.776207 1.382439 7.397376 2.532978 0.234725 13.323725
1628062148.136793 1.710642 1.292311 4.453613 1.850106 0.430771 9.737443
1628062148.237749 1.922606 1.359214 7.761843 2.059205 0.484376 13.587244
1628062148.337359 2.104785 1.475197 4.926413 1.812252 0.482224 10.800871
1628062148.437370 1.514973 1.264488 7.106715 2.491911 0.443423 12.821510
1628062148.537617 1.901022 1.343246 7.261259 2.046958 0.471927 13.024412
1628062148.637857 1.743362 1.279703 4.319103 1.881802 0.478547 9.702517
1628062148.737947 1.679018 1.274787 7.221180 2.295834 0.438403 12.909222
1628062148.838162 1.714753 1.305588 7.346981 2.866806 0.449966 13.684094
1628062148.938464 2.114667 1.304396 5.710803 3.657548 0.544939 13.332353
1628062149.038529 1.652286 1.248484 5.910364 1.900845 0.415707 11.127686
1628062149.138764 1.797173 1.391149 7.493951 1.749077 0.455110 12.886460
1628062149.241870 1.767988 1.321480 8.132192 2.868949 0.473974 14.564583
1628062149.339092 0.925076 0.804768 5.917541 1.856945 0.299494 9.803824
1628062149.439290 1.726928 1.316118 7.930073 2.016252 0.437466 13.426837
1628062149.541847 1.739649 1.284902 7.856061 2.414981 0.470962 13.766555
1628062149.639669 1.910503 1.437826 8.067947 2.647845 0.515422 14.579543
1628062149.739958 1.832774 1.341703 3.985842 1.774764 0.466736 9.401819
1628062149.840054 1.961578 1.418818 8.218657 1.634808 0.507075 13.740936
1628062149.940306 1.964185 1.415540 4.750466 2.381940 0.495761 11.007892
1628062150.040514 1.728694 1.267937 7.916764 1.849914 0.449781 13.213090
1628062150.141124 1.920700 1.376292 8.239377 3.032356 0.491001 15.059726
1628062150.240812 1.648190 1.279512 7.796449 2.277371 0.452131 13.453653
1628062150.341000 2.020721 1.420821 5.400041 1.728012 0.459885 11.029480
1628062150.441197 1.565665 1.248147 5.092375 2.203701 0.427646 10.537534
1628062150.541418 1.558683 1.230076 7.972594 2.763823 0.416803 13.941979
1628062150.641610 1.853558 1.377183 5.518423 2.452546 0.511425 11.713135
1628062150.741804 1.892839 1.374634 4.518658 1.802973 0.466676 10.055780
1628062150.842078 1.719346 1.421677 7.727852 2.242583 0.479002 13.590460
1628062150.942199 1.966141 1.440453 8.398004 3.051915 0.521729 15.378242
1628062151.042345 1.884170 1.369905 8.185216 2.842404 0.508000 14.789695
1628062151.142544 1.912967 1.353719 7.869667 3.030075 0.460908 14.627336
1628062151.242726 1.727333 1.327050 8.076586 1.984168 0.464563 13.579700
1628062151.342947 1.630774 1.262372 8.338251 2.617868 0.451475 14.300740
1628062151.443111 1.846902 1.336479 8.224855 2.483483 0.475139 14.366858
1628062151.543317 2.014326 1.502322 8.952341 2.554400 0.537195 15.560584
1628062151.643489 1.811149 1.400532 7.975164 2.315780 0.488064 13.990689
1628062151.743712 1.904141 1.393899 5.516702 2.116103 0.486293 11.417138
1628062151.843904 1.901764 1.357168 7.437462 2.211369 0.467121 13.374884
1628062151.944067 1.624422 1.206247 8.300963 3.054120 0.451884 14.637636
1628062152.044275 1.938275 1.231916 8.292863 3.811887 0.575619 15.850560
1628062152.144476 1.330952 1.129511 8.463920 3.020585 0.411657 14.356625
1628062152.244637 1.812512 1.275898 9.186953 1.828629 0.473401 14.577393
1628062152.344847 1.549636 1.264029 8.277917 1.831612 0.454773 13.377967
1628062152.445045 1.988346 1.381561 9.180387 2.556032 0.494223 15.600549
1628062152.545249 1.568104 1.215342 8.651757 3.033842 0.463623 14.932668
1628062152.645408 1.901090 1.419819 8.281191 2.122405 0.494516 14.219021
1628062152.745613 1.680172 1.296224 5.900545 1.576131 0.456308 10.909380
1628062152.845841 1.645303 1.308747 4.483375 2.087968 0.459274 9.984667
1628062152.946355 1.881052 1.409806 8.086165 1.897989 0.498892 13.773904
1628062153.046176 2.027419 1.528266 8.446596 1.603924 0.548784 14.154989
1628062153.146376 1.835884 1.425298 8.762640 1.774608 0.543317 14.341747
1628062153.246642 0.747840 0.749492 6.920799 2.536291 0.292157 11.246579
1628062153.346895 1.532170 1.010114 5.737899 1.615400 0.352247 10.247830
1628062153.446946 1.868137 1.406693 8.323717 2.745700 0.519573 14.863820
1628062153.547129 1.771252 1.386821 8.246227 2.065334 0.497710 13.967344
1628062153.647326 1.950950 1.427033 5.931603 1.909918 0.560267 11.779771
1628062153.747529 1.843982 1.392506 8.063374 2.275653 0.539699 14.115214
1628062153.847887 1.720939 1.271669 8.368054 2.763428 0.513839 14.637929
1628062153.947902 2.042982 1.537016 8.380357 1.883348 0.533057 14.376760
1628062154.048081 1.809317 1.344522 8.130896 3.064800 0.516036 14.865571
1628062154.148286 1.737888 1.336847 4.697567 1.612909 0.537181 9.922392
1628062154.248475 1.608901 1.419526 7.664870 2.384558 0.528616 13.606471
1628062154.348701 1.867908 0.644315 4.498457 1.985632 0.264152 9.260464
1628062154.448915 1.645761 1.340954 8.437656 1.544630 0.529150 13.498151
1628062154.549088 2.130547 1.355731 7.366691 3.651664 0.665207 15.169840
1628062154.649233 2.109424 1.291842 8.359084 2.588630 0.641925 14.990905
1628062154.749434 1.296463 0.865673 7.916636 3.874335 0.496610 14.449717
1628062154.849672 2.005125 1.332267 8.312669 3.280409 0.728181 15.658651
1628062154.949840 2.045196 1.274828 8.897713 3.483516 0.665478 16.366731
1628062155.050028 1.833444 1.438052 7.107935 2.783852 0.591503 13.754786
1628062155.150212 2.094718 1.563709 5.430075 2.343560 0.470921 11.902983
1628062155.250594 1.981790 1.525609 9.849427 2.189139 0.644612 16.190577
1628062155.350599 1.831886 1.430891 5.531856 2.468164 0.640356 11.903153
1628062155.450816 1.850287 1.458185 10.016967 3.369866 0.626350 17.321655
1628062155.550959 1.848384 1.356976 9.686436 2.419702 0.550654 15.862152
1628062155.652698 1.856009 1.507477 5.563522 2.374655 0.656537 11.958200
1628062155.751356 1.822518 1.350080 9.779436 1.929614 0.589969 15.471617
1628062155.851532 2.095554 1.543923 5.834807 1.745537 0.633727 11.853548
1628062155.951742 1.886933 1.530644 9.810034 2.516253 0.637268 16.381132
1628062156.051906 1.966123 1.555806 10.409537 2.791853 0.635368 17.358687
1628062156.152124 2.020861 1.569388 5.575283 1.984689 0.624031 11.774252
1628062156.252296 1.719146 1.382020 9.764134 2.954664 0.570783 16.390747
1628062156.352508 2.105968 1.546083 9.872341 2.223356 0.629253 16.377001
1628062156.452892 1.909029 1.402673 9.966416 3.655751 0.579493 17.513362
1628062156.552869 1.760183 1.447793 9.285228 2.630821 0.607319 15.731344
1628062156.653056 1.756013 1.387807 8.297027 1.886385 0.558572 13.885804
1628062156.753243 1.964390 1.593038 9.548814 2.217165 0.642921 15.966328
1628062156.853842 2.170465 1.583702 10.142046 2.801703 0.671678 17.369594
1628062156.953624 2.002566 1.620482 6.330848 1.947161 0.631948 12.533005
1628062157.054124 2.026454 1.559280 10.349780 2.523220 0.648374 17.107108
1628062157.154357 1.602691 1.311123 7.238554 2.073299 0.576636 12.802303
1628062157.257873 2.218614 1.065310 6.674571 2.509025 0.462496 12.930016
1628062157.354415 2.116308 1.572668 5.715483 2.035979 0.650255 12.090693
1628062157.454898 1.954970 1.451469 11.367821 3.324443 0.651252 18.749955
1628062157.554779 1.465330 1.227179 9.731298 2.405951 0.568070 15.397828
1628062157.654972 1.739746 1.303676 7.279767 2.532291 0.604143 13.459623
1628062157.755176 1.956068 1.606530 9.672759 1.717356 0.643074 15.595787
1628062157.855489 2.026291 1.559152 9.786189 2.739615 0.628779 16.740026
1628062157.955574 2.094265 1.512151 5.802800 2.089427 0.652246 12.150889
1628062158.055787 1.905631 1.397538 10.844105 2.615859 0.570239 17.333372
1628062158.155926 1.853756 1.502313 5.866877 2.152975 0.597599 11.973520
1628062158.256117 1.897732 1.482362 9.477730 2.141017 0.630937 15.629778
1628062158.356334 1.771623 1.414968 9.218346 1.997238 0.564756 14.966931
1628062158.456504 1.811033 1.496431 11.748587 3.007790 0.657703 18.721544
1628062158.556712 1.894301 1.375623 7.324947 3.721755 0.476848 14.793474
1628062158.656891 2.343909 1.425237 8.601869 1.991042 0.521344 14.883401
1628062158.760631 2.010887 1.525184 10.057174 2.215062 0.647034 16.455341
1628062158.857278 1.832948 1.495190 9.236614 2.478665 0.616336 15.659753
1628062158.957457 1.940588 1.560219 9.855752 2.419652 0.636492 16.412703
1628062159.057655 1.968210 1.428714 9.372326 2.025642 0.602416 15.397308
1628062159.158184 1.853819 1.496681 9.863037 1.849115 0.648097 15.710749
1628062159.258023 1.698846 1.380969 7.903490 2.109975 0.600767 13.694047
1628062159.360056 1.880947 1.527428 9.513398 2.095399 0.624199 15.641371
1628062159.458411 1.878360 1.603462 9.979802 2.419707 0.648892 16.530223
1628062159.558622 1.597551 1.350411 6.452107 1.877303 0.540954 11.818326
1628062159.658823 1.788344 1.415194 9.781436 2.547784 0.589355 16.122113
1628062159.759012 2.351426 1.173085 6.696287 2.863570 0.448912 13.533280
1628062159.859203 2.097455 1.359125 9.114248 3.097757 0.714289 16.382874
1628062159.959478 1.772373 1.425437 6.441941 2.415375 0.600246 12.655372
1628062160.059597 1.660719 0.656534 5.826209 2.680892 0.325658 11.150012
1628062160.161863 1.919932 1.482701 6.906032 2.576689 0.638389 13.523743
1628062160.259943 1.881448 1.538872 9.747630 2.453076 0.648394 16.269420
1628062160.360137 1.852521 1.442131 8.932012 2.216536 0.641227 15.084427
1628062160.460338 1.036254 1.115808 10.899837 3.044317 0.555295 16.651511
1628062160.560553 1.908141 0.836389 7.505072 3.836590 0.497562 14.583754
1628062160.660725 2.016254 1.564343 9.107050 2.393969 0.672473 15.754089
1628062160.760904 1.963307 1.660891 6.142161 3.021426 0.696749 13.484534
1628062160.861103 1.667512 1.413263 10.106532 2.165280 0.639797 15.992384
1628062160.961281 1.892608 1.454865 5.719972 2.348769 0.633227 12.049441
1628062161.061498 1.776959 1.552024 10.172439 2.699617 0.653167 16.854206
1628062161.165862 1.917248 1.528992 9.725548 2.698069 0.646185 16.516042
1628062161.261857 2.028769 1.602738 10.297879 2.351596 0.674064 16.955046
1628062161.362055 1.780914 1.406829 6.045485 2.581309 0.633742 12.448279
1628062161.462267 1.769875 1.512590 6.669964 2.291428 0.632600 12.876457
1628062161.562466 1.800696 1.496915 9.311352 1.724517 0.647029 14.980509
1628062161.662623 1.874692 1.312799 5.611587 1.998775 0.303907 11.101760
1628062161.762828 1.912300 1.513759 9.521242 2.381487 0.666756 15.995544
1628062161.863018 2.097895 1.749071 9.731598 2.351835 0.725689 16.656088
1628062161.963201 1.829859 1.503664 9.431044 1.999502 0.619658 15.383727
1628062162.063399 1.980836 1.624139 9.874204 2.452672 0.769868 16.701719
1628062162.163585 1.621352 1.381494 8.759407 2.298664 0.591819 14.652736
1628062162.263789 1.840119 1.424473 9.964708 2.291802 0.694533 16.215635
1628062162.363959 1.748728 1.463506 9.770706 3.087924 0.633103 16.703967
1628062162.464148 1.797824 1.465206 6.994481 2.042106 0.691440 12.991057
1628062162.564369 2.153675 1.518219 10.677520 2.532144 0.676184 17.557742
1628062162.664540 1.821099 1.448176 10.622155 2.790691 0.620593 17.302714
1628062162.764797 1.824357 1.506738 9.343419 2.191043 0.631368 15.496925
1628062162.864910 2.023257 1.693385 10.723941 2.900815 0.704332 18.045730
1628062162.965120 1.750533 1.459404 9.729736 2.870833 0.601201 16.411707
1628062163.065302 1.972186 1.525356 10.389609 2.096992 0.633996 16.618139
1628062163.165524 1.721990 1.520829 5.593771 1.991292 0.623334 11.451216
1628062163.265746 1.786212 1.401424 9.494051 2.527263 0.580351 15.789301
1628062163.365890 2.024428 1.595304 10.546528 2.846288 0.661170 17.673718
1628062163.466064 1.614476 1.415137 10.308737 3.027669 0.587011 16.953030
1628062163.566273 1.995302 1.585972 10.262076 2.615288 0.650754 17.109392
1628062163.666536 1.810419 1.512057 9.231779 2.253114 0.601537 15.408906
1628062163.766670 1.804924 1.494545 10.192701 2.634060 0.607945 16.734175
1628062163.866828 1.984788 1.558928 10.213371 2.871339 0.630027 17.258453
1628062163.967018 1.876430 1.487876 10.302822 2.632240 0.592294 16.891662
1628062164.067286 1.750802 1.504659 10.257274 2.706117 0.620159 16.839011
1628062164.167433 1.866762 1.451297 10.538033 2.497980 0.595003 16.949075
1628062164.267595 1.842656 1.494338 9.003151 2.099543 0.600480 15.040168
1628062164.367795 2.023659 1.625147 10.392832 2.505326 0.671083 17.218047
1628062164.468004 1.608994 1.400830 10.067344 2.402165 0.590812 16.070145
1628062164.568255 1.585213 1.332922 7.309558 2.261641 0.591642 13.080976
1628062164.668380 1.823961 1.478063 9.292919 1.828069 0.604655 15.027667
1628062164.768554 1.734582 1.436552 6.545156 2.062511 0.623018 12.401819
1628062164.868735 1.739998 1.472890 9.497264 2.279773 0.604829 15.594754
1628062164.969074 1.934400 1.628883 10.513722 2.695037 0.820804 17.592846
1628062165.069140 1.851532 1.496695 9.443385 2.401733 0.640002 15.833347
1628062165.169320 1.854499 1.474716 5.432679 1.659877 0.613011 11.034782
1628062165.269836 1.931953 1.495078 8.838389 2.868209 0.608335 15.741964
1628062165.370321 2.029227 1.564875 9.210160 1.872345 0.644420 15.321027
1628062165.469920 2.090070 1.553028 9.666238 2.233204 0.624058 16.166598
1628062165.570097 1.845444 1.468782 6.139794 1.362709 0.595954 11.412683
1628062165.670276 1.900428 1.599223 9.679191 2.715762 0.672738 16.567342
1628062165.770493 1.818402 1.501516 9.073577 1.433133 0.613276 14.439904
1628062165.870682 1.902787 1.477802 9.306770 2.015885 0.611330 15.314574
1628062165.970891 1.904914 1.496496 5.981816 1.821386 0.608732 11.813344
1628062166.071043 1.752171 1.368589 9.217380 1.331460 0.550165 14.219765
1628062166.171249 1.752188 1.469089 8.711721 1.693755 0.620770 14.247523
1628062166.271418 1.739534 1.368450 8.822673 1.720675 0.541285 14.192617
1628062166.371658 1.876012 1.610380 9.551304 1.929597 0.630047 15.597340
1628062166.471821 1.623727 1.295173 8.836883 2.151396 0.548642 14.455821
1628062166.571994 1.859532 1.434961 8.448800 2.346096 0.567627 14.657016
1628062166.672201 1.824532 1.497144 9.396984 1.613659 0.593870 14.926189
1628062166.772383 1.699131 1.423058 5.748744 2.395228 0.579872 11.846033
1628062166.872577 1.868845 1.524077 9.247041 2.225309 0.623777 15.489049
1628062166.972782 1.820528 1.523541 8.913344 2.190573 0.603743 15.051729
1628062167.072971 1.784116 1.393967 9.212213 1.959196 0.584355 14.933847
1628062167.173144 1.783054 1.453507 8.570166 2.066667 0.615515 14.488909
1628062167.273344 1.901048 1.475955 9.056209 2.600706 0.591201 15.625119
1628062167.373548 1.729149 1.472136 4.999925 1.756290 0.489979 10.447479
1628062167.473718 1.886345 1.491085 9.256325 2.972858 0.604837 16.211450
1628062167.573930 1.977255 1.354970 8.339757 2.193589 0.575592 14.441163
1628062167.674095 1.735457 1.410101 6.314235 1.077972 0.596685 11.134450
1628062167.774583 1.586812 1.362123 5.686679 1.511084 0.562971 10.709669
1628062167.874509 1.900783 1.550090 8.863052 1.750549 0.573577 14.638051
1628062167.974677 1.908027 1.469440 9.299851 1.906090 0.569770 15.153178
1628062168.074865 1.825641 1.479409 9.201093 1.930432 0.599803 15.036378
1628062168.175055 1.530790 1.271236 9.546030 2.160424 0.555500 15.063980
1628062168.275247 1.951068 1.527039 9.457212 1.431424 0.626410 14.993153
1628062168.378518 1.646312 1.314156 9.123897 1.408669 0.537810 14.030844
1628062168.475668 1.882868 1.489568 9.705011 2.266966 0.596382 15.940795
1628062168.575819 0.977048 0.954878 7.447239 1.865784 0.447732 11.692681
1628062168.676008 1.771147 1.288825 9.536388 1.902343 0.558177 15.056880
1628062168.776223 1.899281 1.482183 5.750783 1.323333 0.594346 11.049926
1628062168.876404 1.900837 1.560614 9.032409 1.693221 0.646793 14.833874
1628062168.977617 1.888173 1.514137 10.217192 2.060126 0.687552 16.367180
1628062169.076786 1.730460 1.391615 9.642794 2.035606 0.550556 15.351031
1628062169.177153 1.910352 1.510268 5.602685 1.748947 0.632810 11.405062
1628062169.277187 2.215137 1.382912 6.471555 2.262869 0.430844 12.763317
1628062169.377922 1.843409 1.346661 6.347442 1.408518 0.534467 11.480497
1628062169.477539 1.855352 1.455379 9.324966 1.862524 0.606191 15.104412
1628062169.578943 1.650924 0.691436 5.306390 1.775646 0.274434 9.698830
1628062169.677923 1.830096 1.540725 6.520214 1.376635 0.601274 11.868944
1628062169.778130 1.749252 1.376978 9.623018 1.900760 0.535466 15.185474
1628062169.878328 1.654333 1.351720 9.136572 2.109873 0.585417 14.837915
1628062169.978503 1.975736 1.569121 9.372799 1.894424 0.599782 15.411862
1628062170.078702 1.857643 1.408371 8.791420 1.561530 0.569529 14.188493
1628062170.178891 1.876025 1.440623 8.903358 2.105081 0.555987 14.881074
1628062170.279101 2.054449 1.561500 9.098786 1.246936 0.568218 14.529889
1628062170.379272 1.898049 1.515948 9.935047 2.414103 0.562694 16.325841
1628062170.479471 1.635616 1.332822 9.468843 1.728925 0.495999 14.662205
1628062170.579672 1.913272 1.478194 4.865834 1.395844 0.530164 10.183308
1628062170.679874 1.143284 0.782562 5.846006 2.438140 0.379723 10.589715
1628062170.780045 1.998768 1.541146 9.481525 1.973925 0.587773 15.583137
1628062170.880250 1.705481 1.294674 5.591915 1.677467 0.514041 10.783578
1628062170.980551 1.574557 1.355367 12.688416 2.546720 0.557649 18.722709
1628062171.080618 1.247187 0.789070 6.141358 1.618165 0.395219 10.190999
1628062171.181861 1.870458 1.407471 6.710734 1.950402 0.533102 12.472167
1628062171.281016 1.891447 1.560200 9.154890 1.617918 0.601491 14.825946
1628062171.381217 1.379412 1.108235 6.016079 1.675895 0.448755 10.628376
1628062171.481364 1.778390 1.388535 5.584767 1.716647 0.507890 10.976229
1628062171.581574 1.654508 1.249982 8.483184 2.315925 0.458257 14.161856
1628062171.681758 1.649183 1.331418 8.156759 1.545033 0.479921 13.162314
1628062171.781940 1.888389 1.366082 5.107913 1.672435 0.516523 10.551342
1628062171.882153 1.709287 1.323785 6.281228 1.528955 0.506187 11.349442
1628062171.982462 0.732297 0.616443 5.079215 1.964378 0.233348 8.625681
1628062172.082512 1.834221 0.780351 4.989781 2.100372 0.358861 10.063586
1628062172.182714 1.684788 1.324270 8.130940 2.221447 0.480661 13.842106
1628062172.282911 1.729407 1.299172 7.720755 1.956225 0.461564 13.167123
1628062172.383087 1.651000 1.247971 8.472470 1.339605 0.480474 13.191520
1628062172.483296 1.535233 1.224963 7.768109 1.763805 0.442378 12.734488
1628062172.583480 1.735006 1.291785 7.666028 2.053615 0.458646 13.205080
1628062172.683659 1.611074 1.316429 7.697368 1.391793 0.469167 12.485831
1628062172.783864 1.536383 1.217423 7.806663 2.178128 0.477842 13.216439
1628062172.884049 1.738769 1.327858 7.138512 1.689417 0.448518 12.343074
1628062172.984233 1.749833 1.315254 4.152953 1.433049 0.459840 9.110929
1628062173.084444 1.751906 1.282506 7.068495 1.868827 0.459928 12.431662
1628062173.184615 1.615371 1.256141 7.959466 1.867249 0.452203 13.150430
1628062173.284933 1.620360 1.303512 4.131491 1.142305 0.447132 8.644800
1628062173.385004 1.646024 1.326995 7.329432 1.720672 0.462372 12.485495
1628062173.485267 1.782908 1.326877 7.331724 2.190771 0.450730 13.083010
1628062173.585387 1.767437 1.314214 7.695563 2.156394 0.447019 13.380627
1628062173.685573 1.636781 1.257174 7.666920 2.158951 0.442207 13.162033
1628062173.786073 1.983122 1.178524 7.785175 1.592238 0.445489 12.984548
1628062173.885960 1.611428 1.223005 4.942433 1.743947 0.425421 9.946234
1628062173.988569 1.749679 1.323912 8.431148 1.844941 0.468426 13.818106
1628062174.089746 1.860880 1.313365 8.236069 1.705842 0.463335 13.579491
1628062174.188676 1.701037 1.275725 8.306349 1.577813 0.454005 13.314929
1628062174.286724 1.769648 1.246731 8.446634 2.256370 0.434784 14.154167
1628062174.387341 1.786852 1.303867 8.458758 1.715867 0.460078 13.725422
1628062174.487106 1.811497 1.323626 8.360234 1.800416 0.479946 13.775719
1628062174.587700 1.601844 1.267753 7.918057 2.587772 0.462861 13.838287
1628062174.687960 1.610289 1.216306 8.518681 2.458460 0.452787 14.256523
1628062174.787983 1.838062 1.259468 7.570664 1.753025 0.450727 12.871946
1628062174.887925 1.786111 1.286209 7.294433 2.594889 0.466117 13.427759
1628062174.988194 1.972719 1.464860 7.707740 1.820533 0.514461 13.480313
1628062175.088270 1.608031 1.214520 7.042776 2.531339 0.447927 12.844593
1628062175.188647 1.647749 1.358722 4.914702 1.490844 0.495630 9.907647
1628062175.288661 1.719362 1.295155 7.461026 1.953268 0.463708 12.892519
1628062175.391201 1.658276 1.252913 7.172198 2.186015 0.436315 12.705717
1628062175.489374 1.873290 1.463001 5.321257 1.900453 0.517685 11.075686
1628062175.589259 1.831423 1.307672 7.494422 1.324920 0.484258 12.442695
1628062175.689855 1.751091 1.320450 7.202956 2.558718 0.483914 13.317129
1628062175.789598 1.915784 1.444637 4.729398 1.494847 0.511905 10.096571
1628062175.889893 1.677085 1.243212 7.061658 2.476135 0.432296 12.890386
1628062175.990027 1.809876 1.305885 7.204581 1.888210 0.463736 12.672288
1628062176.093772 1.772457 1.343184 7.396638 2.731426 0.472203 13.715908
1628062176.190380 1.766677 1.282960 7.394881 1.974448 0.583477 13.002443
1628062176.292884 1.821524 1.378894 4.658106 1.916607 0.491272 10.266403
1628062176.390770 2.135538 1.487915 7.811604 2.294766 0.526898 14.256721
1628062176.491120 1.910230 1.419416 7.576277 2.530238 0.477337 13.913498
1628062176.591123 1.945465 1.481925 7.636883 1.992437 0.495805 13.552515
1628062176.691351 1.245582 0.942416 4.743316 1.525062 0.334254 8.790630
1628062176.791755 1.871611 1.509775 7.727729 1.732033 0.517154 13.358302
1628062176.891882 1.789788 1.376356 7.321261 2.384002 0.469881 13.341288
1628062176.991901 1.789258 1.362441 7.630797 1.758964 0.468048 13.009508
1628062177.092081 2.008699 1.445544 7.432076 1.784498 0.506987 13.177804
1628062177.192277 1.663394 1.204180 4.619355 1.468997 0.416901 9.372827
1628062177.292466 1.742705 1.369334 7.988483 2.291789 0.460475 13.852786
1628062177.393894 2.021193 1.509266 7.399110 1.732505 0.507424 13.169498
1628062177.492860 1.770202 1.042828 3.908539 1.760844 0.218128 8.700541
1628062177.593036 1.866867 1.389183 7.514076 1.694387 0.466528 12.931041
1628062177.693233 2.038721 1.480802 6.461417 1.252193 0.483681 11.716814
1628062177.793447 1.979417 1.466667 7.382768 2.158437 0.491653 13.478942
1628062177.893657 1.677822 1.319134 4.069854 1.258006 0.463546 8.788362
1628062177.993799 1.942534 1.436421 7.387634 1.797578 0.491139 13.055306
1628062178.093991 1.725727 1.251658 6.970968 2.033181 0.465989 12.447523
1628062178.194205 1.811039 1.322324 7.181214 2.687214 0.473331 13.475122
1628062178.295299 1.618078 1.207115 7.061530 2.608499 0.417665 12.912887
1628062178.394569 1.913132 1.140510 3.710709 1.388607 0.239085 8.392043
1628062178.494783 1.836383 1.343269 7.254128 2.502761 0.487278 13.423819
1628062178.594947 1.829086 1.405137 6.308832 1.165613 0.507901 11.216569
1628062178.695156 1.492327 1.220457 5.202625 1.965014 0.476354 10.356777
1628062178.795484 2.218831 1.359447 5.571676 2.586896 0.465441 12.202291
1628062178.895522 2.347761 1.359277 7.049650 2.697106 0.587160 14.040954
1628062178.996006 1.681468 1.281614 7.035654 2.053939 0.438070 12.490745
1628062179.095942 1.711401 1.375622 4.535559 1.276137 0.477337 9.376056
1628062179.196093 1.866837 1.589303 7.950166 2.089312 0.585803 14.081421
1628062179.296312 1.199802 1.188322 6.027527 1.779465 0.415438 10.610554
1628062179.396520 1.793126 1.248374 6.831216 1.978223 0.421662 12.272601
1628062179.496708 1.823198 1.468544 7.531494 1.935857 0.484102 13.243195
1628062179.596885 1.709955 1.259702 7.412557 2.054287 0.434247 12.870748
1628062179.697070 1.932163 1.434824 7.228086 2.673894 0.477196 13.746163
1628062179.797275 1.800944 1.301595 4.000854 1.110625 0.442737 8.656755
1628062179.897459 1.829022 1.382535 7.194367 2.398444 0.484694 13.289062
1628062179.997648 2.400702 1.188772 5.446216 2.320053 0.345717 11.701460
1628062180.097840 2.213632 1.321843 7.509930 1.958948 0.557456 13.561809
1628062180.198025 1.749923 1.283512 7.035951 2.234792 0.447662 12.751840
1628062180.298230 2.105875 1.323178 7.395955 1.903568 0.466607 13.195183
1628062180.398431 1.983840 1.487741 4.339284 1.981098 0.499964 10.291927
1628062180.499226 2.005233 1.488242 7.731147 1.696928 0.540468 13.462018
1628062180.598794 1.813711 1.286247 6.799640 2.536813 0.409997 12.846408
1628062180.698972 1.876475 1.436799 4.665108 1.662465 0.505180 10.146027
1628062180.799181 2.220274 0.945873 5.797250 1.771622 0.344609 11.079628
1628062180.899373 2.190450 1.331077 7.426183 2.005267 0.464312 13.417289
1628062180.999557 2.096602 1.604587 7.921553 2.389151 0.522092 14.533985
1628062181.099748 1.908696 1.368611 5.019456 1.875940 0.469222 10.641925
1628062181.199925 2.020019 1.443530 7.898389 2.865000 0.506380 14.733318
1628062181.300117 1.808309 1.281491 7.402446 1.964344 0.445392 12.901982
1628062181.400335 1.820222 1.364809 4.872584 1.255240 0.476759 9.789614
1628062181.500508 1.799308 1.325618 7.641082 1.967835 0.470895 13.204738
1628062181.600720 1.804062 1.302945 4.255993 1.398836 0.443183 9.205019
1628062181.702533 1.177678 0.772890 6.234598 2.162942 0.370930 10.719038
