1743735739.3074 120.2930
1743735739.4119 120.2930
1743735739.5152 120.2930
1743735739.6190 120.2930
1743735739.7229 122.9102
1743735739.8270 122.9102
1743735739.9308 125.7461
1743735740.0347 125.7461
1743735740.1386 127.8086
1743735740.2424 129.0977
1743735740.3463 131.6758
1743735740.4502 133.9961
1743735740.5540 134.2539
1743735740.6579 134.2539
1743735740.7618 138.1211
1743735740.8657 140.4414
1743735740.9695 144.0508
1743735741.0734 144.0508
1743735741.1775 146.6289
1743735741.2813 146.6289
1743735741.3853 150.2383
1743735741.4891 151.0117
1743735741.5930 151.0117
1743735741.6970 155.1367
1743735741.8009 155.6523
1743735741.9048 155.6523
1743735742.0088 160.0352
1743735742.1135 160.5508
1743735742.2167 160.5508
1743735742.3205 164.9336
1743735742.4245 165.1914
1743735742.5284 165.1914
1743735742.6324 169.5742
1743735742.7364 170.0898
1743735742.8404 170.0898
1743735742.9443 174.7305
1743735743.0483 174.9883
1743735743.1523 174.9883
1743735743.2563 179.6289
1743735743.3601 180.1445
1743735743.4641 180.1445
1743735743.5681 184.5273
1743735743.6720 185.0430
1743735743.7760 185.0430
1743735743.8800 189.4258
1743735743.9839 189.9414
1743735744.0878 189.9414
1743735744.1916 194.0664
1743735744.2955 194.5820
1743735744.3994 194.5820
1743735744.5034 197.9336
1743735744.6073 198.4492
1743735744.7111 198.4492
1743735744.8151 200.5117
1743735744.9190 203.8633
1743735745.0229 203.8633
1743735745.1269 204.6367
1743735745.2308 207.9883
1743735745.3348 207.9883
1743735745.4386 208.7617
1743735745.5426 212.1133
1743735745.6465 212.1133
1743735745.7505 212.6289
1743735745.8545 215.9805
1743735745.9585 215.9805
1743735746.0625 216.7539
1743735746.1665 220.1055
1743735746.2705 220.1055
1743735746.3745 221.1367
1743735746.4785 224.2305
1743735746.5825 224.2305
1743735746.6865 225.0039
1743735746.7905 228.0977
1743735746.8945 228.0977
1743735746.9985 228.8711
1743735747.1025 231.9648
1743735747.2065 231.9648
1743735747.3105 235.8320
1743735747.4145 236.3477
1743735747.5185 236.3477
1743735747.6225 240.9883
1743735747.7265 241.2461
1743735747.8305 245.1133
1743735747.9345 245.8867
1743735748.0385 246.1445
1743735748.1425 250.0117
1743735748.2465 252.3320
1743735748.3505 252.5898
1743735748.4545 252.5898
1743735748.5585 257.4883
1743735748.6624 257.4883
1743735748.7664 257.4883
1743735748.8704 262.6445
1743735748.9743 262.6445
1743735749.0783 262.6445
1743735749.1821 268.0586
1743735749.2862 268.0586
1743735749.3901 268.0586
1743735749.4940 273.4727
1743735749.5980 273.4727
1743735749.7020 273.7305
1743735749.8060 278.8867
1743735749.9100 278.8867
1743735750.0141 279.1445
1743735750.1181 284.3008
1743735750.2221 284.3008
1743735750.3261 284.3008
1743735750.4301 289.7148
1743735750.5341 289.7148
1743735750.6382 289.7148
1743735750.7420 295.3867
1743735750.8460 295.3867
1743735750.9500 295.3867
1743735751.0540 300.5430
1743735751.1580 300.5430
1743735751.2620 300.5430
1743735751.3659 305.6992
1743735751.4699 305.6992
1743735751.5739 305.6992
1743735751.6778 309.8242
1743735751.7818 309.8242
1743735751.8858 313.6914
1743735751.9896 314.4648
1743735752.0936 314.9805
1743735752.1976 318.5898
1743735752.3015 318.5898
1743735752.4055 318.8477
1743735752.5095 323.4883
1743735752.6134 323.4883
1743735752.7174 323.4883
1743735752.8214 327.0977
1743735752.9253 327.0977
1743735753.0293 330.4492
1743735753.1331 330.7070
1743735753.2371 330.7070
1743735753.3411 335.0898
1743735753.4451 335.3477
1743735753.5490 335.3477
1743735753.6530 338.9570
1743735753.7570 339.2148
1743735753.8610 339.2148
1743735753.9649 344.1133
1743735754.0689 344.3711
1743735754.1728 344.3711
1743735754.2768 348.2383
1743735754.3806 348.4961
1743735754.4846 352.3633
1743735754.5886 352.8789
1743735754.6925 353.1367
1743735754.7965 353.1367
1743735754.9005 358.0352
1743735755.0044 358.2930
1743735755.1084 358.2930
1743735755.2124 362.4180
1743735755.3164 362.9336
1743735755.4203 362.9336
1743735755.5243 367.0586
1743735755.6283 367.5742
1743735755.7323 371.4414
1743735755.8363 371.4414
1743735755.9403 371.4414
1743735756.0441 374.0195
1743735756.1481 374.0195
1743735756.2521 374.0195
1743735756.3561 377.3711
1743735756.4601 378.9180
1743735756.5641 379.1758
1743735756.6681 379.1758
1743735756.7721 383.5586
1743735756.8761 383.5586
1743735756.9801 383.5586
1743735757.0841 388.4570
1743735757.1880 388.7148
1743735757.2920 392.3242
1743735757.3960 392.3242
1743735757.5000 394.6445
1743735757.6040 394.6445
1743735757.7080 398.2539
1743735757.8120 398.5117
1743735757.9159 398.5117
1743735758.0199 402.8945
1743735758.1239 402.8945
1743735758.2279 405.4727
1743735758.3320 405.4727
1743735758.4360 409.3398
1743735758.5400 412.1758
1743735758.6439 412.1758
1743735758.7479 412.1758
1743735758.8520 415.5273
1743735758.9560 415.7852
1743735759.0600 415.7852
1743735759.1640 419.3945
1743735759.2682 419.9102
1743735759.3723 419.9102
1743735759.4763 424.2930
1743735759.5804 424.5508
1743735759.6844 424.5508
1743735759.7885 428.4180
1743735759.8926 428.6758
1743735759.9967 428.6758
1743735760.1008 432.2852
1743735760.2049 432.2852
1743735760.3089 432.8008
1743735760.4130 433.3164
1743735760.5170 436.9258
1743735760.6211 436.9258
1743735760.7251 440.0195
1743735760.8293 440.0195
1743735760.9334 442.0820
1743735761.0374 442.5977
1743735761.1415 442.5977
1743735761.2456 442.8555
1743735761.3496 446.2070
1743735761.4538 446.2070
1743735761.5579 446.2070
1743735761.6619 449.5586
1743735761.7660 449.5586
1743735761.8701 449.8164
1743735761.9741 453.1680
1743735762.0781 453.1680
1743735762.1821 454.7148
1743735762.2863 455.2305
1743735762.3903 455.2305
1743735762.4943 456.5195
1743735762.5983 456.7773
1743735762.7024 460.6445
1743735762.8064 460.6445
1743735762.9104 460.6445
1743735763.0145 465.0273
1743735763.1185 465.0273
1743735763.2226 465.0273
1743735763.3267 465.5430
1743735763.4307 465.5430
1743735763.5348 466.5742
1743735763.6388 469.9258
1743735763.7429 469.9258
1743735763.8469 471.2148
1743735763.9510 472.2461
1743735764.0550 472.2461
1743735764.1591 472.7617
1743735764.2631 475.3398
1743735764.3672 475.3398
1743735764.4711 477.1445
1743735764.5751 477.1445
1743735764.6792 477.1445
1743735764.7832 479.9805
1743735764.8872 479.9805
1743735764.9911 481.7852
1743735765.0950 482.8164
1743735765.1990 482.8164
1743735765.3029 483.3320
1743735765.4069 485.9102
1743735765.5109 485.9102
1743735765.6148 487.9727
1743735765.7188 487.9727
1743735765.8227 489.7773
1743735765.9266 489.7773
1743735766.0305 491.5820
1743735766.1345 491.5820
1743735766.2385 491.5820
1743735766.3425 493.6445
1743735766.4465 494.9336
1743735766.5506 494.9336
1743735766.6546 495.1914
1743735766.7588 497.5117
1743735766.8628 497.5117
1743735766.9668 499.5742
1743735767.0708 499.5742
1743735767.1748 501.6367
1743735767.2788 501.6367
1743735767.3828 501.6367
1743735767.4866 504.2148
1743735767.5907 504.9883
1743735767.6944 504.9883
1743735767.7983 505.7617
1743735767.9022 509.1133
1743735768.0059 509.1133
1743735768.1097 509.1133
1743735768.2134 512.4648
1743735768.3172 512.4648
1743735768.4209 512.7227
1743735768.5247 516.0742
1743735768.6284 516.0742
1743735768.7320 516.3320
1743735768.8358 519.9414
1743735768.9395 519.9414
1743735769.0432 519.9414
1743735769.1469 523.5508
1743735769.2507 523.5508
1743735769.3545 526.9023
1743735769.4583 527.1602
1743735769.5620 527.1602
1743735769.6658 530.5117
1743735769.7694 530.7695
1743735769.8732 530.7695
1743735769.9769 533.8633
1743735770.0808 534.1211
1743735770.1845 534.1211
1743735770.2883 536.1836
1743735770.3922 536.1836
1743735770.4960 540.8242
1743735770.5998 540.8242
1743735770.7037 540.8242
1743735770.8075 540.8242
1743735770.9113 540.8242
1743735771.0152 544.9492
1743735771.1190 544.9492
1743735771.2229 544.9492
1743735771.3268 547.2695
1743735771.4307 547.2695
1743735771.5347 549.3320
1743735771.6387 549.3320
1743735771.7428 549.3320
1743735771.8469 551.3945
1743735771.9512 551.3945
1743735772.0554 551.3945
1743735772.1595 553.7148
1743735772.2638 553.7148
1743735772.3679 553.7148
1743735772.4722 554.7461
1743735772.5764 554.7461
1743735772.6805 554.7461
1743735772.7848 557.0664
1743735772.8890 557.5820
1743735772.9932 557.5820
1743735773.0974 557.5820
1743735773.2015 559.6445
1743735773.3057 559.6445
1743735773.4099 559.6445
1743735773.5140 561.7070
1743735773.6182 561.7070
1743735773.7223 561.7070
1743735773.8264 563.7695
1743735773.9307 563.7695
1743735774.0348 563.7695
1743735774.1390 563.7695
1743735774.2432 563.7695
1743735774.3474 566.3477
1743735774.4515 566.3477
1743735774.5558 566.3477
1743735774.6600 567.8945
1743735774.7643 567.8945
1743735774.8687 567.8945
1743735774.9729 567.8945
1743735775.0772 567.8945
1743735775.1816 567.8945
1743735775.2857 567.8945
1743735775.3899 567.8945
1743735775.4940 570.4727
1743735775.5983 570.4727
1743735775.7024 570.4727
1743735775.8065 570.4727
1743735775.9105 572.5352
1743735776.0147 572.5352
1743735776.1187 572.5352
1743735776.2227 572.5352
1743735776.3267 574.3398
1743735776.4307 574.3398
1743735776.5347 576.1445
1743735776.6385 576.1445
1743735776.7425 576.1445
1743735776.8464 576.1445
1743735776.9503 578.7227
1743735777.0542 578.7227
1743735777.1579 578.7227
1743735777.2618 578.7227
1743735777.3655 580.5273
1743735777.4694 581.0430
1743735777.5732 581.0430
1743735777.6769 581.0430
1743735777.7807 583.3633
1743735777.8844 583.3633
1743735777.9882 583.3633
1743735778.0920 585.4258
1743735778.1958 585.4258
1743735778.2995 585.4258
1743735778.4033 587.7461
1743735778.5070 587.7461
1743735778.6108 587.7461
1743735778.7147 589.0352
1743735778.8184 589.0352
1743735778.9222 590.3242
1743735779.0259 590.3242
1743735779.1295 590.3242
1743735779.2333 590.3242
1743735779.3370 594.1914
1743735779.4408 594.1914
1743735779.5444 594.1914
1743735779.6482 596.2539
1743735779.7519 596.2539
1743735779.8557 596.2539
1743735779.9594 597.0273
1743735780.0632 597.0273
1743735780.1669 599.6055
1743735780.2707 599.6055
1743735780.3744 599.6055
1743735780.4782 601.9258
1743735780.5819 601.9258
1743735780.6857 601.9258
1743735780.7895 603.4727
1743735780.8933 603.4727
1743735780.9971 605.5352
1743735781.1009 605.5352
1743735781.2047 605.5352
1743735781.3084 605.5352
1743735781.4122 608.3711
1743735781.5159 608.3711
1743735781.6197 608.3711
1743735781.7234 610.6914
1743735781.8273 610.6914
1743735781.9310 612.2383
1743735782.0348 612.2383
1743735782.1385 612.2383
1743735782.2423 612.4961
1743735782.3460 612.4961
1743735782.4498 615.0742
1743735782.5535 615.5898
1743735782.6573 615.5898
1743735782.7611 615.5898
1743735782.8648 618.1680
1743735782.9684 618.1680
1743735783.0722 619.1992
1743735783.1759 622.5508
1743735783.2797 622.5508
1743735783.3833 622.5508
1743735783.4870 624.8711
1743735783.5907 624.8711
1743735783.6944 624.8711
1743735783.7982 624.8711
1743735783.9019 624.8711
1743735784.0057 626.9336
1743735784.1095 626.9336
1743735784.2133 626.9336
1743735784.3172 628.4805
1743735784.4209 628.4805
1743735784.5248 628.4805
1743735784.6285 630.8008
1743735784.7324 631.3164
1743735784.8363 631.3164
1743735784.9402 631.3164
1743735785.0440 633.8945
1743735785.1479 633.8945
1743735785.2518 634.6680
1743735785.3558 634.6680
1743735785.4598 634.6680
1743735785.5637 634.6680
1743735785.6677 638.0195
1743735785.7717 638.0195
1743735785.8757 638.0195
1743735785.9797 639.3086
1743735786.0837 639.3086
1743735786.1877 641.3711
1743735786.2917 641.3711
1743735786.3957 642.6602
1743735786.4997 642.6602
1743735786.6037 644.4648
1743735786.7077 644.7227
1743735786.8118 646.5273
1743735786.9158 649.3633
1743735787.0198 649.3633
1743735787.1238 649.8789
1743735787.2278 649.8789
1743735787.3318 649.8789
1743735787.4358 649.8789
1743735787.5398 649.8789
1743735787.6438 654.2617
1743735787.7478 654.2617
1743735787.8518 654.2617
1743735787.9558 656.5820
1743735788.0598 656.5820
1743735788.1638 656.5820
1743735788.2678 658.6445
1743735788.3719 658.6445
1743735788.4759 658.6445
1743735788.5799 660.9648
1743735788.6839 660.9648
1743735788.7879 660.9648
1743735788.8919 663.2852
1743735788.9959 663.2852
1743735789.0999 663.2852
1743735789.2039 665.3477
1743735789.3079 665.3477
1743735789.4119 665.3477
1743735789.5159 665.3477
1743735789.6199 665.3477
1743735789.7239 668.9570
1743735789.8279 668.9570
1743735789.9321 668.9570
1743735790.0360 671.0195
1743735790.1400 671.0195
1743735790.2442 671.0195
1743735790.3482 673.3398
1743735790.4522 673.3398
1743735790.5562 673.3398
1743735790.6602 675.4023
1743735790.7642 675.6602
1743735790.8682 675.6602
1743735790.9722 677.4648
1743735791.0762 677.7227
1743735791.1802 677.7227
1743735791.2842 679.2695
1743735791.3882 679.7852
1743735791.4920 679.7852
1743735791.5961 681.5898
1743735791.7001 681.8477
1743735791.8041 681.8477
1743735791.9081 683.3945
1743735792.0119 683.3945
1743735792.1159 684.9414
1743735792.2198 684.9414
1743735792.3238 684.9414
1743735792.4277 686.2305
1743735792.5315 686.2305
1743735792.6354 687.0039
1743735792.7393 687.0039
1743735792.8432 687.0039
1743735792.9471 690.3555
1743735793.0508 690.3555
1743735793.1547 690.3555
1743735793.2586 690.3555
1743735793.3623 690.3555
1743735793.4662 690.3555
1743735793.5699 690.3555
1743735793.6737 691.6445
1743735793.7775 691.6445
1743735793.8813 694.4805
1743735793.9851 694.4805
1743735794.0889 694.4805
1743735794.1927 694.4805
1743735794.2966 694.4805
1743735794.4003 697.0586
1743735794.5042 697.0586
1743735794.6079 697.0586
1743735794.7118 697.0586
1743735794.8156 697.0586
1743735794.9193 699.3789
1743735795.0232 699.3789
1743735795.1269 700.6680
1743735795.2307 700.6680
1743735795.3346 700.6680
1743735795.4383 701.1836
1743735795.5421 701.1836
1743735795.6458 702.2148
1743735795.7497 702.2148
1743735795.8534 702.4727
1743735795.9572 702.9883
1743735796.0609 707.6289
1743735796.1647 707.6289
1743735796.2684 707.6289
1743735796.3722 707.8867
1743735796.4759 707.8867
1743735796.5797 707.8867
1743735796.6836 707.8867
1743735796.7873 707.8867
1743735796.8911 710.2070
1743735796.9948 710.2070
1743735797.0986 710.2070
1743735797.2023 713.8164
1743735797.3061 713.8164
1743735797.4098 715.3633
1743735797.5136 715.8789
1743735797.6174 715.8789
1743735797.7212 718.1992
1743735797.8249 718.7148
1743735797.9288 718.7148
1743735798.0326 718.9727
1743735798.1365 721.5508
1743735798.2402 721.5508
1743735798.3439 723.4062
1743735798.4478 723.4062
1743735798.5516 725.2109
1743735798.6554 725.2109
1743735798.7592 727.0156
1743735798.8630 727.0156
1743735798.9668 728.8203
1743735799.0706 728.8203
1743735799.1743 730.6250
1743735799.2782 730.6250
1743735799.3819 732.4297
1743735799.4857 732.4297
1743735799.5896 734.4922
1743735799.6933 734.4922
1743735799.7971 736.2969
1743735799.9008 736.2969
1743735800.0046 739.1328
1743735800.1084 739.1328
1743735800.2122 739.1328
1743735800.3159 742.4844
1743735800.4197 742.4844
1743735800.5236 742.4844
1743735800.6273 746.0938
1743735800.7311 746.0938
1743735800.8349 746.0938
1743735800.9387 749.4453
1743735801.0424 749.4453
1743735801.1462 749.7031
1743735801.2499 753.0547
1743735801.3538 753.0547
1743735801.4576 756.1484
1743735801.5613 756.6641
1743735801.6651 756.6641
1743735801.7689 760.7891
1743735801.8727 761.0469
1743735801.9764 761.0469
1743735802.0803 762.5938
1743735802.1841 765.9453
1743735802.2879 765.9453
1743735802.3917 768.7812
1743735802.4956 768.7812
1743735802.5993 770.8438
1743735802.7032 771.1016
1743735802.8069 775.7422
1743735802.9108 775.7422
1743735803.0146 776.5156
1743735803.1184 779.0938
1743735803.2222 779.0938
1743735803.3261 780.8984
1743735803.4298 780.8984
1743735803.5336 783.7344
1743735803.6374 783.7344
1743735803.7412 784.5078
1743735803.8450 787.8594
1743735803.9488 787.8594
1743735804.0527 791.4688
1743735804.1564 791.9844
1743735804.2603 791.9844
1743735804.3641 793.0156
1743735804.4679 796.3672
1743735804.5717 796.3672
1743735804.6754 797.1406
1743735804.7793 800.7500
1743735804.8831 800.7500
1743735804.9868 801.5234
1743735805.0906 804.8750
1743735805.1943 804.8750
1743735805.2982 808.4844
1743735805.4019 809.0000
1743735805.5057 809.0000
1743735805.6095 812.8672
1743735805.7133 813.3828
1743735805.8171 813.3828
1743735805.9208 817.2500
1743735806.0247 817.7656
1743735806.1284 817.7656
1743735806.2322 821.3750
1743735806.3361 821.8906
1743735806.4398 821.8906
1743735806.5437 826.5312
1743735806.6474 827.0469
1743735806.7512 827.0469
1743735806.8551 827.8203
1743735806.9589 831.1719
1743735807.0627 831.1719
1743735807.1664 831.9453
1743735807.2703 835.2969
1743735807.3742 835.2969
1743735807.4779 835.8125
1743735807.5818 838.9062
1743735807.6856 838.9062
1743735807.7894 839.1641
1743735807.8933 842.7734
1743735807.9971 842.7734
1743735808.1009 843.0312
1743735808.2048 846.3828
1743735808.3086 846.3828
1743735808.4124 847.1562
1743735808.5163 850.5078
1743735808.6202 850.5078
1743735808.7242 851.0234
1743735808.8281 854.3750
1743735808.9319 854.3750
1743735809.0358 854.6328
1743735809.1397 857.9844
1743735809.2437 857.9844
1743735809.3474 858.5000
1743735809.4513 861.8516
1743735809.5549 861.8516
1743735809.6586 862.3672
1743735809.7622 865.9766
1743735809.8660 865.9766
1743735809.9696 866.4922
1743735810.0732 869.8438
1743735810.1768 869.8438
1743735810.2804 873.4531
1743735810.3841 873.9688
1743735810.4877 873.9688
1743735810.5913 877.8359
1743735810.6951 878.0938
1743735810.7987 878.0938
1743735810.9025 882.2188
1743735811.0062 882.4766
1743735811.1098 882.4766
1743735811.2136 886.3438
1743735811.3172 886.6016
1743735811.4211 886.6016
1743735811.5248 890.7266
1743735811.6287 890.9844
1743735811.7326 890.9844
1743735811.8364 895.1094
1743735811.9403 895.1094
1743735812.0443 895.1094
1743735812.1482 899.2344
1743735812.2522 899.2344
1743735812.3562 899.2344
1743735812.4602 903.1016
1743735812.5641 903.3594
1743735812.6681 903.3594
1743735812.7719 907.2266
1743735812.8759 907.2266
1743735812.9800 909.0312
1743735813.0838 909.2891
1743735813.1878 909.2891
1743735813.2918 913.4141
1743735813.3958 913.4141
1743735813.4999 913.4141
1743735813.6039 916.7656
1743735813.7081 916.7656
1743735813.8122 916.7656
1743735813.9162 918.0547
1743735814.0202 918.0547
1743735814.1243 920.8906
1743735814.2285 920.8906
1743735814.3326 920.8906
1743735814.4369 923.7266
1743735814.5412 923.7266
1743735814.6456 925.2734
1743735814.7499 926.0469
1743735814.8543 926.0469
1743735814.9587 926.0469
1743735815.0631 927.5938
1743735815.1676 927.8516
1743735815.2721 928.3672
1743735815.3766 928.3672
1743735815.4811 928.3672
1743735815.5854 929.6562
1743735815.6898 929.6562
1743735815.7942 931.7188
1743735815.8984 931.7188
1743735816.0027 931.7188
1743735816.1068 931.7188
1743735816.2109 932.2344
1743735816.3151 932.2344
1743735816.4192 932.2344
1743735816.5233 932.2344
1743735816.6274 932.2344
1743735816.7314 935.3281
1743735816.8356 935.3281
1743735816.9396 935.3281
1743735817.0436 935.3281
1743735817.1476 935.3281
1743735817.2516 936.8750
1743735817.3554 936.8750
1743735817.4595 936.8750
1743735817.5633 936.8750
1743735817.6672 938.6797
1743735817.7711 938.6797
1743735817.8750 938.6797
1743735817.9787 939.1953
1743735818.0826 939.7109
1743735818.1864 939.7109
1743735818.2903 941.5156
1743735818.3942 942.0312
1743735818.4981 942.0312
1743735818.6018 942.0312
1743735818.7057 944.0938
1743735818.8096 944.0938
1743735818.9134 944.0938
1743735819.0173 945.1250
1743735819.1212 945.3828
1743735819.2249 945.8984
1743735819.3288 945.8984
1743735819.4326 945.8984
1743735819.5363 947.9609
1743735819.6402 947.9609
1743735819.7441 947.9609
1743735819.8478 947.9609
1743735819.9517 949.5078
1743735820.0555 949.7656
1743735820.1593 949.7656
1743735820.2631 949.7656
1743735820.3668 950.7969
1743735820.4706 951.3125
1743735820.5743 951.3125
1743735820.6781 953.3750
1743735820.7820 953.3750
1743735820.8857 954.4062
1743735820.9895 954.6641
1743735821.0933 954.6641
1743735821.1971 954.6641
1743735821.3008 954.6641
1743735821.4047 957.7578
1743735821.5085 958.2734
1743735821.6122 958.2734
1743735821.7160 960.0781
1743735821.8198 960.3359
1743735821.9236 960.3359
1743735822.0273 962.3984
1743735822.1312 962.6562
1743735822.2350 962.6562
1743735822.3388 962.6562
1743735822.4426 964.7188
1743735822.5463 964.7188
1743735822.6502 965.7500
1743735822.7540 965.7500
1743735822.8578 965.7500
1743735822.9617 967.0391
1743735823.0656 967.0391
1743735823.1695 968.8438
1743735823.2733 968.8438
1743735823.3772 968.8438
1743735823.4811 968.8438
1743735823.5851 968.8438
1743735823.6890 968.8438
1743735823.7928 968.8438
1743735823.8967 968.8438
1743735824.0006 968.8438
1743735824.1045 969.1016
1743735824.2083 972.4531
1743735824.3122 972.4531
1743735824.4161 972.4531
1743735824.5198 974.2578
1743735824.6237 974.2578
1743735824.7276 974.2578
1743735824.8313 974.5156
1743735824.9352 975.0312
1743735825.0390 975.0312
1743735825.1427 975.0312
1743735825.2465 976.3203
1743735825.3502 976.8359
1743735825.4541 977.3516
1743735825.5578 977.3516
1743735825.6616 977.3516
1743735825.7655 977.3516
1743735825.8692 977.3516
1743735825.9731 979.4141
1743735826.0768 979.4141
1743735826.1806 979.4141
1743735826.2843 979.4141
1743735826.3881 979.4141
1743735826.4920 982.2500
1743735826.5957 982.2500
1743735826.6995 984.0547
1743735826.8032 984.0547
1743735826.9071 984.0547
1743735827.0108 984.0547
1743735827.1147 984.0547
1743735827.2185 984.0547
1743735827.3223 984.0547
1743735827.4261 984.0547
1743735827.5300 984.0547
1743735827.6337 986.3750
1743735827.7376 986.3750
1743735827.8415 986.3750
1743735827.9452 986.3750
1743735828.0490 986.3750
1743735828.1528 986.3750
1743735828.2566 988.1797
1743735828.3603 988.1797
1743735828.4642 988.1797
1743735828.5680 988.1797
1743735828.6717 988.1797
1743735828.7755 988.1797
1743735828.8792 988.1797
1743735828.9830 988.1797
1743735829.0867 988.1797
1743735829.1906 988.1797
1743735829.2943 988.1797
1743735829.3981 988.1797
1743735829.5018 988.1797
1743735829.6057 988.4375
1743735829.7095 991.0156
1743735829.8133 991.0156
1743735829.9171 992.8203
1743735830.0210 992.8203
1743735830.1247 992.8203
1743735830.2285 992.8203
1743735830.3322 992.8203
1743735830.4361 992.8203
1743735830.5398 992.8203
1743735830.6436 992.8203
1743735830.7473 994.6250
1743735830.8511 994.6250
1743735830.9550 997.4609
1743735831.0586 997.4609
1743735831.1625 997.4609
1743735831.2662 997.4609
1743735831.3700 997.4609
1743735831.4737 997.4609
1743735831.5775 997.4609
1743735831.6812 997.4609
1743735831.7850 997.4609
1743735831.8887 997.4609
1743735831.9925 997.4609
1743735832.0962 997.4609
1743735832.2000 997.4609
1743735832.3037 997.4609
1743735832.4076 997.4609
1743735832.5113 997.4609
1743735832.6152 997.7188
1743735832.7190 1000.2969
1743735832.8228 1000.2969
1743735832.9266 1000.2969
1743735833.0305 1000.2969
1743735833.1342 1000.2969
1743735833.2381 1000.2969
1743735833.3420 1002.6172
1743735833.4458 1002.6172
1743735833.5497 1002.6172
1743735833.6536 1002.6172
1743735833.7575 1002.6172
1743735833.8613 1002.6172
1743735833.9651 1002.6172
1743735834.0690 1005.1953
1743735834.1728 1005.1953
1743735834.2767 1005.1953
1743735834.3806 1005.4531
1743735834.4843 1005.4531
1743735834.5882 1007.5156
1743735834.6921 1007.5156
1743735834.7960 1008.2891
1743735834.8999 1008.2891
1743735835.0037 1008.2891
1743735835.1077 1008.2891
1743735835.2117 1010.3516
1743735835.3158 1010.3516
1743735835.4198 1010.3516
1743735835.5240 1010.3516
1743735835.6280 1010.3516
1743735835.7321 1010.6094
1743735835.8361 1010.6094
1743735835.9402 1012.6719
1743735836.0442 1012.6719
1743735836.1482 1012.6719
1743735836.2522 1014.4766
1743735836.3561 1014.4766
1743735836.4601 1014.4766
1743735836.5640 1014.4766
1743735836.6680 1014.4766
1743735836.7718 1014.4766
1743735836.8757 1014.4766
1743735836.9796 1014.4766
1743735837.0835 1014.4766
1743735837.1872 1014.4766
1743735837.2910 1014.4766
1743735837.3949 1014.4766
1743735837.4985 1014.4766
1743735837.6022 1016.7969
1743735837.7061 1016.7969
1743735837.8099 1018.8594
1743735837.9136 1018.8594
1743735838.0173 1018.8594
1743735838.1212 1018.8594
1743735838.2250 1018.8594
1743735838.3287 1018.8594
1743735838.4325 1020.6641
1743735838.5363 1020.6641
1743735838.6401 1020.6641
1743735838.7440 1020.6641
1743735838.8477 1020.6641
1743735838.9515 1020.6641
1743735839.0553 1020.6641
1743735839.1591 1020.6641
1743735839.2628 1020.6641
1743735839.3666 1020.6641
1743735839.4704 1020.6641
1743735839.5742 1020.9219
1743735839.6780 1023.5000
1743735839.7818 1023.5000
1743735839.8856 1025.5625
1743735839.9894 1025.5625
1743735840.0931 1026.0781
1743735840.1970 1026.0781
1743735840.3007 1026.0781
1743735840.4046 1026.0781
1743735840.5084 1026.0781
1743735840.6121 1027.3672
1743735840.7159 1027.3672
1743735840.8197 1027.3672
1743735840.9235 1027.3672
1743735841.0272 1027.3672
1743735841.1310 1027.3672
1743735841.2347 1028.9141
1743735841.3385 1029.1719
1743735841.4422 1029.1719
1743735841.5461 1029.1719
1743735841.6499 1029.1719
1743735841.7536 1029.1719
1743735841.8574 1030.7188
1743735841.9611 1030.9766
1743735842.0650 1030.9766
1743735842.1687 1030.9766
1743735842.2725 1030.9766
1743735842.3762 1030.9766
1743735842.4800 1032.0078
1743735842.5839 1032.5234
1743735842.6876 1032.7812
1743735842.7914 1032.7812
1743735842.8951 1032.7812
1743735842.9990 1032.7812
1743735843.1028 1033.0391
1743735843.2065 1035.3594
1743735843.3101 1036.1328
1743735843.4139 1036.1328
1743735843.5176 1036.1328
1743735843.6214 1036.1328
1743735843.7252 1036.1328
1743735843.8290 1037.1641
1743735843.9327 1037.6797
1743735844.0366 1037.9375
1743735844.1404 1037.9375
1743735844.2441 1040.2578
1743735844.3479 1040.2578
1743735844.4517 1040.2578
1743735844.5555 1040.2578
1743735844.6594 1040.2578
1743735844.7632 1041.8047
1743735844.8670 1041.8047
1743735844.9709 1041.8047
1743735845.0747 1042.3203
1743735845.1786 1042.3203
1743735845.2826 1042.3203
1743735845.3865 1042.3203
1743735845.4905 1044.3828
1743735845.5945 1044.3828
1743735845.6985 1044.3828
1743735845.8025 1044.3828
1743735845.9065 1044.3828
1743735846.0105 1045.6719
1743735846.1145 1045.6719
1743735846.2185 1045.6719
1743735846.3225 1046.1875
1743735846.4264 1046.7031
1743735846.5304 1046.7031
1743735846.6344 1046.7031
1743735846.7384 1046.7031
1743735846.8424 1046.7031
1743735846.9464 1046.7031
1743735847.0502 1046.7031
1743735847.1542 1048.7656
1743735847.2582 1048.7656
1743735847.3622 1048.7656
1743735847.4662 1048.7656
1743735847.5703 1048.7656
1743735847.6742 1048.7656
1743735847.7782 1049.5391
1743735847.8822 1049.7969
1743735847.9862 1049.7969
1743735848.0903 1049.7969
1743735848.1944 1050.3125
1743735848.2984 1050.3125
1743735848.4024 1050.3125
1743735848.5064 1050.3125
1743735848.6104 1050.3125
1743735848.7144 1050.3125
1743735848.8184 1050.3125
1743735848.9224 1050.3125
1743735849.0264 1050.5703
1743735849.1304 1050.5703
1743735849.2344 1050.5703
1743735849.3384 1053.1484
1743735849.4424 1053.1484
1743735849.5464 1053.1484
1743735849.6504 1053.1484
1743735849.7544 1053.1484
1743735849.8584 1053.1484
1743735849.9624 1053.1484
1743735850.0664 1053.1484
1743735850.1702 1055.2109
1743735850.2742 1055.2109
1743735850.3782 1055.2109
1743735850.4822 1055.2109
1743735850.5862 1055.2109
1743735850.6901 1055.2109
1743735850.7941 1056.2422
1743735850.8981 1056.2422
1743735851.0021 1056.2422
1743735851.1060 1056.2422
1743735851.2100 1056.2422
1743735851.3140 1056.2422
1743735851.4180 1056.2422
1743735851.5220 1056.2422
1743735851.6260 1056.2422
1743735851.7300 1056.2422
1743735851.8340 1056.2422
1743735851.9380 1056.2422
1743735852.0420 1056.2422
1743735852.1460 1056.2422
1743735852.2500 1056.7578
1743735852.3540 1056.7578
1743735852.4580 1056.7578
1743735852.5620 1059.0781
1743735852.6660 1059.0781
1743735852.7700 1060.8828
1743735852.8740 1060.8828
1743735852.9780 1061.6562
1743735853.0820 1061.6562
1743735853.1859 1061.6562
1743735853.2899 1061.6562
1743735853.3937 1061.6562
1743735853.4977 1062.9453
1743735853.6017 1063.4609
