1743735739.307388 0.009387 0.000000 0.000000 0.000000 0.000000 0.000000
1743735739.411887 0.216735 3.836960 18.413069 33.732999 6.311810 62.511573
1743735739.515182 0.009417 3.775750 17.566488 22.197189 9.134500 52.683344
1743735739.619022 0.010768 3.692404 16.863754 21.826180 9.632242 52.025348
1743735739.722882 0.009840 4.013119 17.877657 23.975766 9.847734 55.724116
1743735739.827032 0.010164 4.285505 17.637789 26.820108 10.241658 58.995224
1743735739.930789 0.009820 3.980133 17.716318 26.009429 9.567924 57.283624
1743735740.034734 0.009920 3.720561 16.956688 24.155584 9.379474 54.222227
1743735740.138568 0.010028 4.514171 18.438228 29.731243 9.896981 62.590651
1743735740.242419 0.009710 3.953365 17.824209 27.397503 9.502927 58.687714
1743735740.346265 0.011377 3.477380 17.095701 31.373874 8.503067 60.461399
1743735740.450162 0.010583 4.274225 18.176197 29.992953 9.611928 62.065886
1743735740.554024 0.014587 3.477525 16.724286 27.725395 8.592700 56.534493
1743735740.657941 0.010230 3.726893 16.671299 29.646288 9.460966 59.515676
1743735740.761798 0.010203 3.478671 17.389286 27.453253 8.761281 57.092694
1743735740.865681 0.010818 3.741580 17.032648 30.027798 9.701599 60.514443
1743735740.969545 0.011027 4.048041 17.225530 32.130087 9.631743 63.046428
1743735741.073445 0.009516 3.491071 16.319680 32.497347 8.360677 60.678291
1743735741.177478 0.011281 3.487322 16.611650 31.342445 8.411569 59.864267
1743735741.281311 0.010810 3.534876 16.835333 32.599675 8.810157 61.790851
1743735741.385262 0.011069 3.506672 17.753528 31.550157 8.729708 61.551134
1743735741.489144 0.011054 3.571051 16.962207 34.800377 8.892522 64.237211
1743735741.593040 0.011871 3.477027 16.785657 34.349883 8.631848 63.256286
1743735741.697015 0.011192 3.500124 17.987232 36.126082 8.234632 65.859262
1743735741.800876 0.006141 3.691078 17.460596 39.451297 6.074352 66.683464
1743735741.904751 0.011854 3.516656 16.829716 35.144751 8.267708 63.770685
1743735742.008829 0.010274 3.972228 18.089657 35.284581 9.799995 67.156735
1743735742.113486 0.010606 3.464649 17.436123 38.875771 7.782751 67.569900
1743735742.216726 0.010380 3.480960 17.140663 40.156883 7.627773 68.416659
1743735742.320524 0.011089 3.442676 18.444477 36.043665 7.510324 65.452231
1743735742.424520 0.010987 3.442469 17.411402 38.252227 7.993024 67.110109
1743735742.528388 0.011552 3.463769 17.388404 38.344843 7.934594 67.143162
1743735742.632378 0.010973 3.477640 18.199154 39.763082 7.839010 69.289859
1743735742.736379 0.010860 3.472643 18.199116 39.144928 7.345796 68.173343
1743735742.840449 0.008328 4.528204 17.990597 40.659677 9.611605 72.798411
1743735742.944267 0.010466 3.465860 18.298134 39.217684 7.306459 68.298603
1743735743.048258 0.010440 4.168059 18.295926 39.517042 9.722209 71.713676
1743735743.152256 0.009334 3.549276 17.939164 39.628745 6.877626 68.004145
1743735743.256259 0.011566 3.531678 18.782524 39.901747 8.545411 70.772926
1743735743.360133 0.007841 3.516253 18.000748 38.669991 6.130239 66.325072
1743735743.464135 0.011387 3.502646 17.809845 40.141866 7.911447 69.377191
1743735743.568129 0.011543 3.828323 19.754070 43.808519 9.967287 77.369742
1743735743.672007 0.008311 3.441388 18.060441 41.276922 6.706958 69.494020
1743735743.776008 0.010669 3.478988 17.812583 39.930174 8.013884 69.246298
1743735743.880005 0.010379 5.106605 19.849894 43.688355 10.241696 78.896929
1743735743.983882 0.005982 3.491678 17.764935 43.063635 6.101537 70.427767
1743735744.087759 0.010629 4.583519 18.737980 42.381149 9.870657 75.583934
1743735744.191632 0.007686 3.516893 18.430015 42.818156 6.138125 70.910875
1743735744.295506 0.009951 3.506481 17.167112 40.513631 7.225185 68.422360
1743735744.399382 0.009510 3.536597 17.811227 42.636790 6.897053 70.891177
1743735744.503382 0.009155 3.502984 17.916220 40.603616 6.644113 68.676088
1743735744.607287 0.012136 3.524501 17.350446 40.554387 8.231722 69.673192
1743735744.711133 0.010792 3.548556 16.470460 39.613288 7.456102 67.099198
1743735744.815144 0.010993 3.486883 16.477852 38.283756 7.694654 65.954138
1743735744.919006 0.010373 3.535189 16.217694 37.675914 7.415807 64.854977
1743735745.022881 0.010910 3.467146 16.513590 38.363049 8.098328 66.453023
1743735745.126901 0.010396 3.518475 16.095498 36.969264 7.947347 64.540980
1743735745.230760 0.010406 3.503810 16.336722 36.487519 7.659003 63.997460
1743735745.334775 0.011458 3.539660 16.183459 36.448788 8.528908 64.712273
1743735745.438649 0.011442 3.511868 16.465508 38.171891 8.340235 66.500944
1743735745.542632 0.015421 3.872011 16.098495 38.627119 9.366305 67.979351
1743735745.646509 0.010789 4.135272 16.634045 33.764223 9.892834 64.437163
1743735745.750508 0.011430 3.490963 15.632286 35.279647 8.365924 62.780250
1743735745.854510 0.009432 3.411828 16.424820 34.039670 6.974238 60.859988
1743735745.958511 0.011342 3.453222 15.723167 34.796425 7.835959 61.820115
1743735746.062509 0.011265 3.427369 16.473784 31.731123 8.233743 59.877284
1743735746.166510 0.011153 3.417386 16.289282 32.680524 8.351864 60.750209
1743735746.270507 0.011292 6.225735 19.628821 37.839377 11.015084 74.720309
1743735746.374508 0.008150 3.358857 15.838934 32.331198 6.231713 57.768852
1743735746.478508 0.011461 3.373860 15.709356 31.022935 8.739268 58.856880
1743735746.582512 0.011631 3.382041 15.290372 30.155196 8.847361 57.686601
1743735746.686510 0.009620 3.367274 15.594982 29.137800 8.788369 56.898045
1743735746.790510 0.010280 3.268976 15.698703 31.256937 8.704360 58.939256
1743735746.894513 0.010295 3.336722 15.323539 29.580783 8.812598 57.063937
1743735746.998513 0.011123 3.382131 15.904047 28.705888 8.899998 56.903187
1743735747.102531 0.010851 3.291822 15.602799 29.928014 8.487201 57.320687
1743735747.206511 0.010632 3.350481 16.466151 30.387865 8.769311 58.984440
1743735747.310510 0.010219 3.424865 17.514100 30.432822 8.914996 60.297002
1743735747.414510 0.011616 3.404974 16.819252 31.851473 9.027236 61.114551
1743735747.518515 0.011141 3.505896 16.640905 33.260201 9.010996 62.429139
1743735747.622512 0.010905 3.540260 18.774434 33.014366 8.552568 63.892533
1743735747.726510 0.009513 3.372297 17.269321 33.043231 7.141929 60.836291
1743735747.830513 0.010708 3.462615 18.366322 35.376761 8.297012 65.513418
1743735747.934525 0.012113 3.443323 18.397893 34.760312 8.243219 64.856860
1743735748.038511 0.012102 3.498129 18.560456 34.482088 8.439617 64.992392
1743735748.142509 0.010728 3.503368 19.069972 35.504722 7.724347 65.813137
1743735748.246510 0.011771 3.528564 20.154338 37.572818 8.203359 69.470850
1743735748.350511 0.010603 3.560430 19.895174 39.148813 7.657012 70.272032
1743735748.454513 0.010936 3.538103 20.116847 39.120333 7.853386 70.639605
1743735748.558513 0.010830 3.531491 21.952631 39.966265 7.352601 72.813818
1743735748.662389 0.008736 3.501312 20.649163 42.200580 6.867598 73.227389
1743735748.766389 0.010158 3.493301 20.439165 43.710295 7.277892 74.930811
1743735748.870386 0.008869 3.499348 22.082983 41.270508 6.759916 73.621624
1743735748.974279 0.009834 3.446731 21.191099 41.965017 7.108743 73.721424
1743735749.078264 0.008803 3.478542 21.338498 40.685885 7.189336 72.701064
1743735749.182138 0.009463 3.471822 22.588956 43.835109 6.982714 76.888064
1743735749.286158 0.007260 3.447530 21.623421 45.165177 6.369857 76.613245
1743735749.390138 0.009219 3.482640 21.693646 46.461158 7.139652 78.786315
1743735749.494008 0.006789 3.498719 23.103143 43.809005 6.205225 76.622881
1743735749.598018 0.009521 3.523081 23.061631 48.753872 7.336860 82.684965
1743735749.702018 0.006634 3.493805 21.803485 47.948414 6.177367 79.429705
1743735749.806008 0.007909 3.526399 23.023843 47.355054 6.548049 80.461254
1743735749.910018 0.007098 3.510967 21.816242 48.189934 6.172976 79.697217
1743735750.014138 0.008459 3.545235 22.015289 46.481528 6.695933 78.746444
1743735750.118138 0.007707 3.510730 22.822388 47.441465 6.392551 80.174841
1743735750.222138 0.007144 3.534882 21.777804 46.665458 6.346578 78.331866
1743735750.326138 0.008398 3.540984 21.259898 46.921805 6.610876 78.341961
1743735750.430138 0.008002 3.570678 22.170290 47.329878 6.371494 79.450342
1743735750.534138 0.010743 4.286980 21.908647 54.818263 10.513445 91.538078
1743735750.638158 0.006739 4.671431 22.980163 50.101502 7.158384 84.918219
1743735750.742008 0.007154 3.610702 23.683913 49.244291 6.271333 82.817393
1743735750.846018 0.007259 4.073843 22.111242 47.360857 9.150071 82.703272
1743735750.950018 0.006442 3.595174 21.935020 47.226474 6.233918 78.997028
1743735751.054018 0.008431 3.534806 22.469527 49.954769 6.637593 82.605126
1743735751.158018 0.006411 3.507709 21.355184 46.121670 6.151785 77.142759
1743735751.262008 0.009904 3.505644 21.182498 46.465318 7.249330 78.412694
1743735751.365888 0.006571 3.516960 22.019588 45.602576 6.198411 77.344106
1743735751.469888 0.011097 6.489596 23.678369 48.925430 11.661001 90.765493
1743735751.573908 0.006525 3.628289 21.560509 46.813399 6.311350 78.320072
1743735751.677768 0.012510 4.077118 21.060518 45.980148 10.957707 82.088001
1743735751.781758 0.006600 3.570493 19.732342 45.406666 6.090986 74.807087
1743735751.885758 0.009001 3.576897 20.079100 44.829391 7.014296 75.508685
1743735751.989638 0.008238 3.561102 20.048715 42.924950 6.379482 72.922487
1743735752.093638 0.010070 3.575531 20.199220 43.855748 7.506225 75.146794
1743735752.197638 0.007960 3.603962 19.552995 43.111676 6.371940 72.648533
1743735752.301518 0.009631 3.638399 19.579408 41.687275 7.235312 72.150025
1743735752.405518 0.010171 3.685655 20.255524 42.476156 7.478876 73.906382
1743735752.509518 0.008606 3.640653 20.129800 43.870602 6.411359 74.061020
1743735752.613388 0.008812 3.567207 19.969473 42.326846 6.717208 72.589546
1743735752.717388 0.009998 3.622542 19.703661 43.155603 7.654220 74.146024
1743735752.821398 0.008573 3.601611 20.537819 42.094968 6.773296 73.016267
1743735752.925268 0.008834 3.642918 19.811500 42.701881 6.937304 73.102437
1743735753.029268 0.009610 3.596470 21.238121 42.874557 7.279018 74.997776
1743735753.133138 0.007899 3.584566 19.430453 42.022432 6.641537 71.686887
1743735753.237138 0.010718 3.600669 19.638302 42.955291 7.612315 73.817295
1743735753.341138 0.007890 3.614757 21.060754 40.098079 6.652814 71.434294
1743735753.445138 0.009378 3.786977 21.360701 44.499560 7.468996 77.125612
1743735753.549018 0.008081 3.635151 20.084215 40.112716 6.415638 70.255801
1743735753.653018 0.011355 5.989574 22.027881 41.266749 10.337004 79.632563
1743735753.757038 0.006257 7.200325 22.141009 42.291693 8.653958 80.293242
1743735753.861018 0.007584 3.639274 21.709501 40.841186 6.443340 72.640885
1743735753.964888 0.010005 3.634942 21.145967 39.595576 7.277856 71.664346
1743735754.068898 0.010598 3.639829 20.057260 41.021869 7.405870 72.135426
1743735754.172768 0.009926 3.617259 19.937029 38.867872 7.489427 69.921513
1743735754.276768 0.010763 3.603950 20.965659 38.721524 7.940520 71.242416
1743735754.380638 0.009991 3.635501 20.387089 41.789258 7.404215 73.226054
1743735754.484638 0.010469 5.676383 20.572367 39.767209 10.795563 76.821991
1743735754.588648 0.007691 3.566545 19.647540 37.855398 6.180186 67.257360
1743735754.692518 0.010411 4.136149 20.018350 39.748336 10.237125 74.150371
1743735754.796518 0.008220 3.529399 20.186200 37.601324 6.524327 67.849470
1743735754.900518 0.010355 3.514799 20.279410 37.779467 8.360818 69.944849
1743735755.004388 0.010048 3.522234 19.652993 35.715281 7.298747 66.199303
1743735755.108398 0.011313 3.520035 19.408153 35.891210 8.764061 67.594772
1743735755.212398 0.011570 3.496265 20.911996 36.447002 7.824611 68.691444
1743735755.316398 0.010634 3.491735 18.704221 37.138404 7.654858 66.999852
1743735755.420268 0.011677 3.473612 18.624381 35.624613 8.448406 66.182689
1743735755.524268 0.011399 3.441351 20.134973 32.813668 7.599368 64.000759
1743735755.628268 0.011064 3.451081 19.755482 37.675923 8.478600 69.372150
1743735755.732268 0.009376 3.388081 17.927333 33.395057 6.853463 61.573310
1743735755.836268 0.011140 3.473871 18.777286 33.593217 8.963757 64.819271
1743735755.940268 0.011565 3.402129 18.609897 34.070382 8.384066 64.478039
1743735756.044148 0.011042 3.381788 18.391979 33.190340 7.749215 62.724364
1743735756.148148 0.016266 3.427713 18.102062 32.534041 8.423247 62.503329
1743735756.252148 0.011241 3.371930 19.057644 33.382682 8.527686 64.351183
1743735756.356148 0.010776 3.347196 18.412511 31.448155 7.833732 61.052370
1743735756.460148 0.011515 3.430561 19.081530 35.062053 8.536213 66.121872
1743735756.564148 0.016123 3.374568 18.630382 34.532962 8.242257 64.796292
1743735756.668138 0.014175 3.415087 18.839870 34.783695 8.246996 65.299823
1743735756.772148 0.012734 3.400156 19.911879 34.251098 8.121848 65.697715
1743735756.876138 0.010528 3.426769 19.026303 37.343549 8.201568 68.008717
1743735756.980148 0.007132 3.480353 19.737723 36.035406 5.830508 65.091122
1743735757.084148 0.010849 3.495510 20.370948 33.724130 8.120382 65.721819
1743735757.188018 0.011397 3.502867 19.642886 37.368198 8.064627 68.589975
1743735757.292038 0.009943 3.505322 19.368712 37.071729 7.251635 67.207341
1743735757.396018 0.011034 3.486862 19.511374 34.939204 7.744243 65.692717
1743735757.500018 0.012186 3.506819 19.621776 34.941623 7.989548 66.071952
1743735757.604018 0.012032 4.355926 20.682861 38.061934 10.390238 73.502991
1743735757.708018 0.008034 3.715728 21.232356 38.884690 6.815250 70.656058
1743735757.812018 0.011180 3.441715 20.287896 36.480255 7.850213 68.071259
1743735757.915908 0.009801 3.464303 19.998975 36.488112 7.716883 67.678074
1743735758.019898 0.011322 3.492643 21.344624 37.353024 7.949699 70.151312
1743735758.123898 0.009697 3.504079 20.096470 38.196311 7.360058 69.166615
1743735758.227898 0.011487 3.442514 21.167519 37.743469 7.900160 70.265149
1743735758.332018 0.009696 3.475144 20.578656 37.769564 7.523196 69.356256
1743735758.436018 0.010149 3.484755 20.435172 36.429608 7.140659 67.500343
1743735758.540018 0.012124 3.471289 20.781127 37.240017 7.878691 69.383248
1743735758.643898 0.010226 3.498548 19.908331 36.958005 7.478723 67.853833
1743735758.747898 0.007336 3.528928 20.061632 38.182869 5.972589 67.753354
1743735758.852028 0.006969 3.587275 22.732822 36.608845 5.977572 68.913483
1743735758.956038 0.009269 3.854042 21.257093 41.840553 9.151369 76.112326
1743735759.060018 0.009674 3.957025 21.281137 37.829123 10.126260 73.203219
1743735759.164018 0.006260 3.615328 21.840015 35.739497 6.265568 67.466668
1743735759.268168 0.006400 3.742291 21.860985 38.398743 6.058549 70.066968
1743735759.372278 0.006455 3.644169 20.399553 35.949179 6.026202 66.025558
1743735759.476268 0.006725 3.537067 21.878099 37.686315 6.122791 69.230997
1743735759.580398 0.007128 3.617713 24.589450 38.526211 6.014541 72.755043
1743735759.684398 0.007101 3.830093 20.894596 32.613999 6.141265 63.487054
1743735759.788538 0.006062 3.681642 21.775405 39.830303 6.182168 71.475580
1743735759.892648 0.006991 3.558714 19.850579 38.759754 6.030128 68.206166
1743735759.996658 0.005872 3.450839 21.235721 35.485099 5.968307 66.145838
1743735760.100768 0.011986 3.503174 20.338652 36.391444 8.876631 69.121887
1743735760.204898 0.011224 3.407760 19.024771 35.423554 7.660873 65.528182
1743735760.308898 0.016609 3.450197 18.963438 34.198903 8.408126 65.037273
1743735760.413018 0.012342 3.497771 18.988948 34.446202 8.500108 65.445371
1743735760.517028 0.010511 3.350226 18.523015 31.843315 7.254303 60.981370
1743735760.621148 0.011689 3.410702 18.426204 33.690487 8.623206 64.162288
1743735760.725148 0.010464 3.342488 18.952578 32.739381 8.137084 63.181995
1743735760.829268 0.011254 3.358532 18.136241 34.726246 8.620409 64.852682
1743735760.933398 0.011556 3.330746 19.742065 32.856707 8.336587 64.277661
1743735761.037398 0.006488 3.473943 18.829961 32.125801 5.971668 60.407861
1743735761.141528 0.007365 3.342562 18.745511 37.920427 5.893509 65.909374
1743735761.245648 0.007013 3.371751 19.072468 33.683975 5.841178 61.976385
1743735761.349648 0.006590 3.612028 19.324766 33.908254 5.946040 62.797678
1743735761.453788 0.006708 3.560283 18.381558 31.157674 5.909135 59.015358
1743735761.557898 0.008279 3.503214 19.162599 34.166237 6.496073 63.336402
1743735761.661898 0.010252 3.461592 18.253341 33.305969 8.830261 63.861415
1743735761.766048 0.011500 3.394345 18.158164 33.172832 8.188398 62.925239
1743735761.870148 0.013465 3.421078 18.024569 30.035135 8.749765 60.244012
1743735761.974148 0.011349 3.432041 18.402641 31.951284 8.509391 62.306706
1743735762.078148 0.011148 3.393575 18.447931 33.422563 8.551979 63.827196
1743735762.182148 0.011085 3.428785 18.585970 35.528114 8.656429 66.210383
1743735762.286278 0.011046 4.114076 17.717176 32.808028 6.689538 61.339864
1743735762.390288 0.010710 3.829853 17.599564 30.075155 9.616167 61.131449
1743735762.494278 0.010554 4.238573 18.407794 31.108245 9.652030 63.417196
1743735762.598278 0.011264 3.221957 16.962150 30.126388 8.275706 58.597465
1743735762.702398 0.010983 3.114992 16.152812 29.463239 8.206965 56.948991
1743735762.806398 0.011121 3.285584 15.242964 27.137054 8.582433 54.259156
1743735762.910398 0.010778 3.479554 15.132963 28.345831 9.200087 56.169213
1743735763.014548 0.010967 3.244596 14.901623 28.346925 8.258781 54.762892
1743735763.118518 0.012495 3.506322 15.822432 27.579276 9.354408 56.274933
1743735763.222648 0.011693 3.490489 16.021492 28.666667 9.273244 57.463585
1743735763.326658 0.011706 3.475958 16.175900 28.588608 8.936194 57.188366
1743735763.430668 0.011243 3.526932 15.573439 28.732154 9.224040 57.067808
1743735763.534778 0.011947 3.444676 16.070866 27.043745 8.958037 55.529271
1743735763.638778 0.010736 3.354794 15.903648 28.048642 8.778273 56.096093
1743735763.742918 0.011327 4.505278 15.830727 28.494344 10.375589 59.217265
1743735763.846898 0.010558 3.460145 16.774876 30.288532 9.076234 59.610345
1743735763.951028 0.011560 3.408463 15.425677 27.792303 8.846622 55.484625
1743735764.055028 0.010889 3.531618 15.555204 27.816931 9.113704 56.028346
1743735764.159148 0.016910 3.507232 15.484977 29.178166 9.248253 57.435538
1743735764.263148 0.011163 3.360829 14.992012 28.438055 8.563898 55.365957
1743735764.367168 0.011810 3.620862 15.009056 28.985737 9.486349 57.113814
1743735764.471148 0.011237 3.408030 15.573016 28.411505 8.907451 56.311239
1743735764.575148 0.010238 3.320191 15.959224 28.501968 7.686991 55.478612
1743735764.679158 0.010871 3.367030 15.769276 26.514269 8.979410 54.640856
1743735764.783158 0.011284 3.440697 15.976380 27.563009 8.931218 55.922588
1743735764.887158 0.010857 3.535365 15.761105 28.222089 9.298895 56.828311
1743735764.991148 0.011222 3.458558 15.728425 27.536932 9.197314 55.932451
1743735765.095038 0.009802 3.659842 15.582758 29.373159 9.243406 57.868967
1743735765.199028 0.011078 3.628474 15.353897 28.753681 9.369713 57.116843
1743735765.302908 0.011120 3.930140 15.325517 27.901309 10.145507 57.313593
1743735765.406908 0.011763 3.328785 15.778298 27.929580 8.789328 55.837754
1743735765.510898 0.010312 3.521418 15.596417 26.355823 9.332692 54.816662
1743735765.614778 0.010584 3.398352 16.175610 29.428412 8.887553 57.900511
1743735765.718778 0.011392 3.594132 16.608913 27.157809 9.366944 56.739190
1743735765.822658 0.011380 3.440754 15.402680 27.896038 9.199369 55.950221
1743735765.926648 0.011304 3.448107 15.832399 27.956266 9.168838 56.416914
1743735766.030528 0.011609 3.399117 15.140928 27.612151 8.976871 55.140676
1743735766.134528 0.011209 4.038546 15.021464 26.229105 10.102939 55.403263
1743735766.238528 0.010701 3.473008 14.997510 26.026897 9.264002 53.772118
1743735766.342528 0.012144 3.557944 15.753867 26.259582 9.468586 55.052123
1743735766.446528 0.012049 3.408500 14.835094 26.468636 9.252319 53.976598
1743735766.550648 0.011087 3.529575 15.174114 27.493315 9.216778 55.424869
1743735766.654648 0.011445 3.464532 15.421480 28.161188 9.344107 56.402752
1743735766.758778 0.011744 3.377018 15.337658 27.181632 8.888158 54.796210
1743735766.862778 0.012270 3.483138 15.303800 27.127331 8.891632 54.818171
1743735766.966798 0.010743 3.419497 14.910454 27.853840 8.937783 55.132317
1743735767.070778 0.010881 3.515838 15.191554 26.859807 8.973990 54.552070
1743735767.174798 0.011422 3.487214 15.302681 28.392056 9.124588 56.317961
1743735767.278778 0.011441 3.584356 15.830608 28.600515 9.447507 57.474427
1743735767.382798 0.011704 3.457913 15.889066 27.528552 9.335336 56.222571
1743735767.486648 0.011189 3.577216 16.989118 28.696635 9.319531 58.593689
1743735767.590658 0.012456 3.499196 16.337392 29.417678 9.039840 58.306562
1743735767.694428 0.011884 3.558047 16.596429 28.822593 9.083624 58.072577
1743735767.798288 0.010956 3.881316 17.506657 30.556514 10.147122 62.102565
1743735767.902178 0.010152 3.459875 17.770206 30.438445 7.911922 59.590600
1743735768.005908 0.012034 3.544872 17.606629 31.037925 9.028688 61.230148
1743735768.109658 0.011646 3.444412 17.760666 31.283547 8.292381 60.792652
1743735768.213428 0.011189 3.525723 17.910504 33.238095 8.175767 62.861278
1743735768.317158 0.010888 4.413875 19.710326 38.682138 10.298354 73.115581
1743735768.420898 0.011660 3.867532 19.573045 34.830602 9.899758 68.182597
1743735768.524668 0.009357 3.486907 18.891279 34.335363 6.559914 63.282820
1743735768.628388 0.010527 4.533274 20.177739 35.622037 10.189960 70.533537
1743735768.732028 0.008662 3.466130 18.442338 34.790417 6.631423 63.338970
1743735768.835778 0.010699 3.446670 18.575690 34.852759 7.727466 64.613284
1743735768.939548 0.011298 3.943008 19.999721 37.139159 9.938760 71.031946
1743735769.043158 0.008045 3.501309 19.068780 34.004885 6.528693 63.111712
1743735769.146928 0.011068 3.788932 20.215891 36.426786 9.535143 69.977820
1743735769.250668 0.011275 3.905520 19.945499 39.791088 9.773387 73.426769
1743735769.354528 0.011766 4.382460 22.004956 37.195624 10.956505 74.551311
1743735769.458278 0.011846 3.875277 20.065477 41.152575 9.817190 74.922365
1743735769.562028 0.007732 3.475086 19.022297 35.048109 6.209632 63.762856
1743735769.665778 0.010453 3.998565 20.689929 39.103162 9.655070 73.457179
1743735769.769428 0.010090 4.851376 19.228586 39.667630 10.213554 73.971236
1743735769.873178 0.010679 3.459273 18.671961 40.637268 7.452910 70.232091
1743735769.976908 0.009950 3.470346 19.698986 36.011693 7.745270 66.936245
1743735770.080788 0.011166 3.412867 19.471524 34.822881 8.024821 65.743259
1743735770.184528 0.011672 3.459083 18.922318 36.368161 8.384483 67.145717
1743735770.288278 0.011254 3.459574 20.160668 36.258023 8.321305 68.210824
1743735770.392158 0.011328 3.446988 19.436282 34.256330 7.976746 65.127674
1743735770.496028 0.011134 3.484266 18.965972 34.245579 7.877998 64.584949
1743735770.599798 0.011665 3.447470 19.595339 34.901574 8.310971 66.267019
1743735770.703658 0.011773 3.422188 19.116159 35.435699 8.303066 66.288885
1743735770.807548 0.011630 3.487888 19.813794 31.856398 8.479519 63.649229
1743735770.911288 0.010986 3.506818 19.485555 33.864882 8.868518 65.736759
1743735771.015198 0.012927 3.418203 20.428732 34.388096 8.498133 66.746091
1743735771.119038 0.011726 3.426763 19.425866 33.345351 8.173364 64.383070
1743735771.222908 0.011615 3.417666 19.710549 32.060467 8.996388 64.196685
1743735771.326788 0.012191 3.442638 20.222443 32.618294 8.942298 65.237864
1743735771.430678 0.010667 3.407893 19.546252 32.554900 8.610932 64.130644
1743735771.534688 0.011302 3.435272 20.064021 32.137630 8.744805 64.393030
1743735771.638678 0.013129 3.423709 19.856963 31.606723 8.583974 63.484498
1743735771.742818 0.012038 3.421001 20.773056 31.869634 8.848081 64.923810
1743735771.846908 0.012027 3.317848 19.580770 29.299168 8.280777 60.490590
1743735771.951158 0.010423 3.545073 20.047819 31.531233 8.785343 63.919891
1743735772.055408 0.011800 3.331057 18.814126 29.249546 8.596394 60.002923
1743735772.159538 0.012009 3.272712 18.992270 29.615751 8.109635 60.002377
1743735772.263788 0.011369 3.404547 19.220837 28.989013 9.094127 60.719893
1743735772.367908 0.011629 3.419665 18.775928 29.634830 8.962000 60.804052
1743735772.472158 0.011759 3.312323 18.650883 30.150009 8.704885 60.829859
1743735772.576408 0.011723 3.352885 18.930715 29.252248 8.666890 60.214461
1743735772.680528 0.012110 3.480576 18.465431 29.918976 9.055165 60.932258
1743735772.784808 0.010755 3.370333 18.804339 26.592486 8.845677 57.623590
1743735772.889028 0.010925 3.467832 18.280508 27.661142 9.085082 58.505489
1743735772.993158 0.016321 3.530796 17.631200 27.428492 9.204628 57.811437
1743735773.097408 0.011702 3.414409 17.656522 25.141081 8.839609 55.063323
1743735773.201538 0.010876 3.362649 17.400899 26.072558 8.912909 55.759891
1743735773.305668 0.010820 3.486125 17.238793 25.009055 8.944799 54.689592
1743735773.409908 0.011411 3.590320 17.433041 23.901000 9.238729 54.174501
1743735773.514038 0.011473 3.403131 17.271282 24.420142 8.906649 54.012677
1743735773.618158 0.011905 3.610143 17.453242 23.109009 9.392400 53.576699
1743735773.722278 0.011421 3.575376 17.473665 23.826421 9.612616 54.499499
1743735773.826408 0.011451 3.386770 17.067032 22.605696 8.617787 51.688736
1743735773.930658 0.011217 3.613085 17.379762 22.279578 9.233572 52.517214
1743735774.034788 0.011493 3.645281 17.656855 23.367699 9.548462 54.229790
1743735774.139048 0.011587 3.668049 18.449696 20.929325 9.529659 52.588316
1743735774.243168 0.011581 3.643681 17.920095 23.715125 9.589231 54.879713
1743735774.347408 0.010530 3.535788 18.109026 21.408816 8.935722 51.999882
1743735774.451538 0.011805 3.689977 18.090407 20.528261 9.528940 51.849390
1743735774.555788 0.010499 3.677791 18.661756 19.154552 9.451809 50.956407
1743735774.660038 0.011564 3.582466 18.371436 20.807287 9.189707 51.962460
1743735774.764308 0.010991 3.833415 17.962393 20.495797 9.684683 51.987279
1743735774.868658 0.010847 3.812644 18.755446 19.519008 10.053992 52.151937
1743735774.972908 0.010485 4.258235 19.291004 21.069648 9.849082 54.478454
1743735775.077158 0.010484 3.703611 18.852881 20.055556 9.609144 52.231676
1743735775.181568 0.011648 3.717228 19.109594 18.159666 9.700217 50.698353
1743735775.285668 0.010185 3.910378 18.921804 20.115609 9.621740 52.579716
1743735775.389908 0.011637 3.693331 18.712221 19.454070 9.581178 51.452437
1743735775.494038 0.010297 3.567608 20.071935 19.576202 9.099949 52.325991
1743735775.598298 0.010159 4.026806 20.811818 22.664614 9.847444 57.360841
1743735775.702418 0.011482 3.665717 19.908219 17.827196 9.513009 50.925623
1743735775.806538 0.011717 5.366713 20.281375 19.338963 8.224081 53.222849
1743735775.910538 0.010730 3.829608 21.337891 20.759804 9.253104 55.191137
1743735776.014668 0.011771 3.742496 21.307230 22.400905 9.359952 56.822354
1743735776.118668 0.010301 3.709627 20.724207 19.674336 9.030713 53.149184
1743735776.222668 0.011699 3.541070 20.014059 19.801805 8.684997 52.053630
1743735776.326658 0.011670 3.647931 21.144656 22.008689 9.438058 56.251004
1743735776.430668 0.011905 3.507197 21.009096 19.893022 9.193539 53.614759
1743735776.534688 0.010755 3.593247 20.514062 20.127177 9.121661 53.366902
1743735776.638538 0.011119 3.759916 21.125332 20.740278 9.612955 55.249600
1743735776.742538 0.010629 3.686297 21.232239 21.670995 9.364949 55.965109
1743735776.846418 0.011095 3.720629 21.573682 23.809015 9.487763 58.602184
1743735776.950288 0.010568 3.538089 21.854248 21.420960 8.906012 55.729877
1743735777.054158 0.010694 3.723375 21.904091 25.954623 9.404425 60.997208
1743735777.157918 0.010561 3.507804 22.078072 21.828576 8.822050 56.247063
1743735777.261788 0.010433 3.654351 21.775256 24.463066 9.288894 59.192000
1743735777.365538 0.010146 3.792443 23.003912 22.513940 9.200118 58.520559
1743735777.469408 0.010904 3.583300 23.519846 24.122657 9.089414 60.326121
1743735777.573168 0.010131 5.335526 22.843367 25.951687 10.476600 64.617311
1743735777.676918 0.009938 4.023719 23.559839 22.880512 10.004784 60.478792
1743735777.780668 0.010161 3.577775 22.090828 23.891255 9.089521 58.659540
1743735777.884438 0.011135 4.162880 23.762608 24.057108 10.412887 62.406618
1743735777.988168 0.011188 3.507678 22.220133 21.836595 8.692542 56.268136
1743735778.092038 0.010126 3.534242 22.019361 23.979486 9.060007 58.603222
1743735778.195788 0.012160 3.557184 21.690422 21.666661 9.280605 56.207032
1743735778.299538 0.011358 3.623170 21.929507 22.595712 9.365793 57.525540
1743735778.403288 0.012433 3.513049 22.545035 22.498294 9.063561 57.632372
1743735778.507038 0.010784 3.963443 23.432583 27.599419 9.988664 64.994893
1743735778.610788 0.010665 3.888498 24.624661 24.449671 9.841495 62.814990
1743735778.714658 0.011184 3.576714 24.569979 25.844064 8.289000 62.290941
1743735778.818418 0.011373 3.643189 24.642580 27.356470 8.920101 64.573713
1743735778.922168 0.011038 6.664863 25.979887 25.650435 11.113551 69.419774
1743735779.025918 0.010690 3.583134 25.369290 26.081038 7.902091 62.946243
1743735779.129538 0.011454 4.404604 26.755073 29.727199 10.828272 71.726602
1743735779.233288 0.010160 3.605332 26.245546 28.775966 7.819402 66.456406
1743735779.337048 0.011533 3.627540 26.785117 28.554714 8.431505 67.410409
1743735779.440788 0.010781 3.607502 25.830303 29.713316 8.061470 67.223372
1743735779.544428 0.010586 3.495007 24.706316 28.480162 7.829174 64.521245
1743735779.648168 0.011300 3.506955 25.240164 29.113764 8.559607 66.431790
1743735779.751918 0.011187 3.513843 24.299262 29.308138 7.931500 65.063930
1743735779.855668 0.012550 3.492457 24.505684 28.667604 8.017995 64.696290
1743735779.959428 0.011197 3.539295 23.856095 27.889178 8.491899 63.787664
1743735780.063168 0.012361 3.640646 23.625463 27.559293 8.810621 63.648384
1743735780.166918 0.009844 3.813770 25.336525 28.391082 10.070790 67.622011
1743735780.270688 0.012304 4.265887 24.634883 27.343546 10.911345 67.167965
1743735780.374428 0.010679 3.894874 26.390970 30.734223 8.746598 69.777344
1743735780.478188 0.008867 3.659499 24.212418 29.904155 7.022339 64.807278
1743735780.581918 0.010271 4.122686 25.550819 32.248887 9.866193 71.798856
1743735780.685688 0.011264 4.068693 25.842468 29.743634 9.885438 69.551497
1743735780.789538 0.010632 3.951612 25.847662 31.298482 9.466599 70.574987
1743735780.893298 0.011245 3.907416 24.742766 33.319185 9.610880 71.591492
1743735780.997058 0.011445 3.913863 24.941645 27.930785 9.894993 66.692731
1743735781.100918 0.011643 4.035607 24.906375 30.195001 10.169148 69.317774
1743735781.204668 0.009834 3.380552 22.546422 27.225998 7.513671 60.676477
1743735781.308418 0.006432 3.492794 23.111990 27.229554 6.019396 59.860166
1743735781.412168 0.007178 3.653971 24.353809 30.536448 6.068030 64.619436
1743735781.515918 0.010901 4.098036 23.192717 27.747497 10.147527 65.196678
1743735781.619668 0.010855 3.401610 27.562617 32.868327 8.317896 72.161305
1743735781.723438 0.006936 3.390265 22.340854 27.982839 5.943725 59.664619
1743735781.827288 0.010914 4.082581 25.575229 27.050964 10.106327 66.826015
1743735781.931048 0.010597 3.346482 23.498076 28.102442 7.768591 62.726188
1743735782.034788 0.010829 3.899611 25.041288 32.554006 9.763011 71.268745
1743735782.138548 0.010760 3.702912 23.938414 31.947812 9.551085 69.150983
1743735782.242298 0.011178 3.751258 23.404888 30.938841 9.901235 68.007400
1743735782.346048 0.011123 3.400105 23.150889 28.799460 8.745753 64.107330
1743735782.449798 0.009922 3.638592 23.910951 27.550795 9.234367 64.344627
1743735782.553548 0.010165 3.188050 23.245935 24.920463 7.273501 58.638114
1743735782.657298 0.013613 3.397565 23.507130 27.525483 8.896875 63.340666
1743735782.761078 0.012425 3.301657 22.634426 28.424882 7.941597 62.314987
1743735782.864788 0.010664 3.356736 22.843730 29.323159 7.354230 62.888519
1743735782.968418 0.011087 3.334697 22.743754 28.860358 7.555968 62.505864
1743735783.072178 0.011687 4.193365 24.241287 33.099662 10.297516 71.843517
1743735783.175918 0.010277 3.648175 24.338706 28.805544 8.943288 65.745990
1743735783.279678 0.012025 4.075101 23.972631 31.790719 10.084765 69.935241
1743735783.383308 0.011267 4.298768 24.029941 27.788505 10.915081 67.043562
1743735783.487048 0.010594 4.021044 24.169755 30.402921 9.971435 68.575749
1743735783.590668 0.011431 4.078348 24.140877 32.382954 10.328347 70.941957
1743735783.694428 0.011228 3.914845 23.679495 30.825915 10.044805 68.476288
1743735783.798168 0.011743 3.968501 23.419179 34.483356 10.289623 72.172402
1743735783.901918 0.012313 3.453369 23.065255 32.052750 9.886693 68.470380
1743735784.005668 0.010267 3.801353 23.807187 35.326082 9.508373 72.453262
1743735784.109548 0.011735 3.827606 24.681322 31.646400 10.098567 70.265630
1743735784.213298 0.010991 3.929733 24.809069 31.955876 10.178201 70.883870
1743735784.317168 0.012081 3.902144 24.262395 32.405451 9.839109 70.421180
1743735784.420918 0.012145 3.518630 24.665331 34.370019 7.258163 69.824288
1743735784.524798 0.010120 3.360141 23.561647 31.106519 7.721286 65.759713
1743735784.628548 0.010643 3.323512 23.934048 32.280508 8.375286 67.923997
1743735784.732418 0.010353 3.374498 23.397880 30.961171 7.835476 65.579378
1743735784.836298 0.010730 3.406743 24.002765 33.695304 8.585875 69.701417
1743735784.940168 0.014464 3.399079 24.219716 32.604217 7.536749 67.774225
1743735785.044048 0.010260 3.439078 24.399607 32.866542 7.692024 68.407511
1743735785.147918 0.010253 3.417246 24.124935 30.619182 7.713784 65.885400
1743735785.251798 0.011651 3.445328 24.321281 29.470914 8.620257 65.869431
1743735785.355798 0.010183 3.440693 24.244538 29.668130 7.954722 65.318266
1743735785.459798 0.011393 3.537573 25.092592 30.319439 9.142890 68.103887
1743735785.563668 0.011115 3.426166 25.217454 35.086480 8.072626 71.813841
1743735785.667668 0.008256 3.452099 26.227294 31.456092 6.449075 67.592816
1743735785.771688 0.010972 3.459143 24.980005 32.748929 8.504449 69.703498
1743735785.875668 0.010611 3.860758 26.046655 31.816768 7.460939 69.195731
1743735785.979688 0.009668 3.400991 24.836582 32.657358 7.556717 68.461316
1743735786.083688 0.010974 3.509426 26.798836 32.780247 8.148107 71.247590
1743735786.187668 0.008562 3.486862 25.379625 32.900780 6.990590 68.766419
1743735786.291678 0.010594 3.444315 26.323628 33.534174 8.114027 71.426738
1743735786.395668 0.008887 3.495808 26.539120 35.405837 7.360661 72.810313
1743735786.499678 0.009264 3.479489 26.700028 33.440063 7.262078 70.890922
1743735786.603678 0.009756 3.468795 26.708876 32.713520 7.605031 70.505978
1743735786.707668 0.009473 3.492551 26.944747 38.186002 7.515404 76.148177
1743735786.811798 0.007688 3.513928 27.780706 35.388796 6.612305 73.303423
1743735786.915798 0.009234 3.493837 30.102503 39.307267 7.581674 80.494515
1743735787.019798 0.006480 3.497536 28.618180 37.611285 6.193937 75.927418
1743735787.123798 0.009864 3.476947 29.232238 36.576511 7.582924 76.878484
1743735787.227798 0.007667 3.484002 27.480519 33.085136 6.764982 70.822306
1743735787.331798 0.010399 3.475833 28.589038 35.821864 7.964021 75.861155
1743735787.435818 0.008419 3.464676 27.933892 34.889356 6.606905 72.903248
1743735787.539798 0.009919 3.486516 28.770234 34.481593 7.757185 74.505447
1743735787.643798 0.008225 3.478179 29.722509 33.046377 6.857979 73.113269
1743735787.747798 0.009865 3.450178 28.991891 34.268304 7.855883 74.576121
1743735787.851798 0.008650 3.479686 29.001030 37.012661 7.153138 76.655165
1743735787.955798 0.008445 3.457544 29.550886 34.637529 6.689344 74.343748
1743735788.059798 0.008981 3.455523 28.468847 32.965768 7.264643 72.163762
1743735788.163798 0.010031 3.427474 28.581784 34.007170 7.609583 73.636042
1743735788.267798 0.009135 3.446144 29.241012 37.889894 7.158971 77.745156
1743735788.371918 0.007891 3.434209 29.386406 37.116393 6.548108 76.493007
1743735788.475928 0.008552 3.416377 28.889239 34.802351 7.025437 74.141956
1743735788.579928 0.009118 3.447044 29.637995 34.144037 7.361005 74.599199
1743735788.683928 0.008786 3.464668 28.347758 36.786461 7.214968 75.822641
1743735788.787928 0.008391 3.445488 28.001112 32.158177 6.973690 70.586858
1743735788.891928 0.006541 3.704831 31.701590 37.706002 6.624651 79.743615
1743735788.995928 0.007557 3.397180 29.086777 32.457934 6.387006 71.336454
1743735789.099928 0.009756 3.380160 28.772507 34.237104 7.218519 73.618046
1743735789.203928 0.009320 4.336615 31.698476 39.448202 10.497592 85.990205
1743735789.307928 0.007393 3.422513 28.041306 39.084418 6.293774 76.849404
1743735789.411938 0.005856 3.591527 28.210707 36.368327 6.354819 74.531236
1743735789.515928 0.006468 3.420397 28.684902 37.057786 6.219846 75.389399
1743735789.619928 0.009825 3.383454 27.004695 35.227362 7.200124 72.825460
1743735789.723928 0.009277 3.394748 27.545491 30.972617 7.127851 69.049984
1743735789.827928 0.011279 3.367962 25.794016 34.277029 7.955858 71.406144
1743735789.932058 0.012712 6.667956 26.531383 31.969516 11.338253 76.519820
1743735790.036048 0.008413 3.352507 26.797283 30.646554 6.580541 67.385298
1743735790.140048 0.012160 3.444516 25.285299 28.982876 8.948925 66.673776
1743735790.244178 0.010601 3.390311 25.364314 31.550640 8.167028 68.482894
1743735790.348178 0.009422 3.401382 25.454531 29.459559 7.642433 65.967327
1743735790.452178 0.013122 3.393295 24.891909 29.325118 8.684205 66.307649
1743735790.556178 0.010837 3.453469 25.042521 29.552339 8.207136 66.266302
1743735790.660178 0.018220 3.494368 25.486218 31.094544 8.850324 68.943674
1743735790.764178 0.009977 3.417450 24.898666 30.451458 7.725658 66.503209
1743735790.868178 0.011416 3.415195 23.625991 31.775030 8.568160 67.395792
1743735790.972178 0.011410 3.415626 24.523697 28.054775 7.737194 63.742702
1743735791.076178 0.012113 3.471563 23.742488 30.109801 8.824612 66.160577
1743735791.180178 0.011918 3.456447 22.829406 28.044951 8.247600 62.590322
1743735791.284178 0.010861 3.523387 23.859271 25.030292 8.862353 61.286164
1743735791.388178 0.011299 3.565269 23.243830 28.842143 9.166298 64.828839
1743735791.492048 0.006722 3.925094 28.705786 32.472696 6.596876 71.707174
1743735791.596068 0.012547 3.496523 23.321753 27.568010 9.078780 63.477613
1743735791.700058 0.012316 4.276241 22.268540 27.280967 10.721003 64.559067
1743735791.804058 0.011457 3.363564 22.902512 25.568761 8.517257 60.363551
1743735791.908058 0.010500 3.535143 24.155780 26.470068 9.018941 63.190432
1743735792.011928 0.010906 3.374334 22.729328 24.936249 8.722900 59.773717
1743735792.115928 0.011599 3.401457 22.633515 25.489070 8.834378 60.370019
1743735792.219798 0.010765 3.398135 22.030592 23.966974 8.767575 58.174041
1743735792.323808 0.011150 3.427321 19.633982 24.514436 8.916551 56.503440
1743735792.427698 0.006372 3.253281 20.884880 22.851675 5.488439 52.484647
1743735792.531548 0.011016 4.303800 20.356177 23.165841 9.567093 57.403927
1743735792.635428 0.010579 4.578346 19.450984 23.257832 9.638287 56.936028
1743735792.739298 0.010834 3.928255 18.006185 20.728715 9.910762 52.584751
1743735792.843178 0.014195 3.689573 19.647887 24.135316 9.095334 56.582305
1743735792.947058 0.009800 3.374036 19.321769 21.087961 8.588821 52.382387
1743735793.050808 0.010783 3.595597 19.429982 22.709072 9.169774 54.915208
1743735793.154698 0.010387 3.500694 18.085531 24.153008 9.221370 54.970990
1743735793.258558 0.010405 3.534324 19.096040 20.753632 9.036842 52.431243
1743735793.362308 0.010925 3.684604 17.760022 20.106412 9.348583 50.910546
1743735793.466178 0.011204 3.706912 17.685279 21.298908 9.582144 52.284447
1743735793.569928 0.011400 3.668078 17.679606 20.914307 9.234505 51.507896
1743735793.673678 0.011064 3.580752 18.045814 20.018379 8.976075 50.632084
1743735793.777548 0.011215 3.674009 18.745578 20.747266 9.149270 52.327338
1743735793.881298 0.010712 3.450346 18.582317 21.665496 8.829391 52.538262
1743735793.985078 0.012707 3.472724 17.641505 19.428474 9.395442 49.950852
1743735794.088928 0.011044 3.558908 19.134403 21.058251 9.346311 53.108917
1743735794.192678 0.010833 3.527665 17.717276 22.977480 9.389559 53.622813
1743735794.296558 0.011259 3.582302 19.311980 20.611035 9.598208 53.114784
1743735794.400308 0.009933 3.379875 18.573752 21.583071 8.978319 52.524950
1743735794.504178 0.016529 3.552661 19.774173 23.486598 9.709842 56.539803
1743735794.607928 0.010599 3.512612 20.412271 24.778924 9.158334 57.872740
1743735794.711798 0.011754 3.530954 20.061451 24.102031 9.350196 57.056386
1743735794.815578 0.011816 3.550342 20.385921 25.437386 9.327132 58.712597
1743735794.919298 0.010188 3.424732 19.045841 23.224138 8.643113 54.348012
1743735795.023178 0.010368 3.535623 19.648622 26.727321 9.179570 59.101504
1743735795.126928 0.011285 3.446997 19.067307 25.770238 8.987848 57.283675
1743735795.230688 0.011515 3.672964 19.363012 23.266208 9.496955 55.810654
1743735795.334558 0.012136 3.562702 18.020533 20.852272 9.460887 51.908530
1743735795.438308 0.010430 3.664575 19.507418 24.839251 9.237015 57.258689
1743735795.542058 0.011260 4.008675 20.454768 25.643904 9.866030 59.984637
1743735795.645808 0.011789 3.339040 18.868524 23.921195 7.828820 53.969368
1743735795.749678 0.012543 3.405578 18.746634 23.987806 8.764450 54.917011
1743735795.853428 0.011411 3.332891 19.860678 25.231851 8.414798 56.851629
1743735795.957198 0.006198 4.102249 19.448037 24.179352 7.450154 55.185990
1743735796.060938 0.006252 3.298445 18.363086 25.003107 5.587113 52.258003
1743735796.164678 0.010431 4.423739 19.930678 27.120170 9.923810 61.408828
1743735796.268448 0.011722 3.438193 18.875904 27.453159 8.690449 58.469427
1743735796.372178 0.012013 3.376977 19.069242 26.364699 8.261513 57.084444
1743735796.475928 0.011259 3.435194 19.260085 26.201479 6.766606 55.674623
1743735796.579688 0.011784 3.552951 19.560984 28.898547 8.874127 60.898393
1743735796.683558 0.011310 3.494416 19.155144 24.517771 8.110964 55.289605
1743735796.787308 0.011261 3.500645 19.909403 27.955379 8.287867 59.664555
1743735796.891058 0.010371 3.554391 20.228603 28.058883 8.152475 60.004723
1743735796.994808 0.010832 4.324475 21.174037 30.387727 10.052811 65.949882
1743735797.098558 0.011851 3.519779 20.313187 30.246046 8.419559 62.510422
1743735797.202308 0.010445 4.147475 21.830103 28.997789 9.691927 64.677739
1743735797.306068 0.010374 3.791292 21.917139 28.805262 9.550247 64.074314
1743735797.409808 0.010252 3.486329 22.079132 26.851561 7.654493 60.081767
1743735797.513578 0.010635 6.495161 21.791277 29.464747 11.132870 68.894690
1743735797.617428 0.010529 3.789770 20.759472 29.265357 9.634762 63.459890
1743735797.721188 0.011784 3.462265 20.513864 28.600322 7.790511 60.378746
1743735797.824938 0.011087 4.461834 21.181576 29.244667 10.434544 65.333708
1743735797.928808 0.011520 3.511092 19.937026 29.586942 8.508585 61.555165
1743735798.032578 0.011321 6.734703 21.847866 31.540404 11.143700 71.277994
1743735798.136458 0.011793 3.785019 22.159921 28.901506 9.411836 64.270075
1743735798.240208 0.010846 4.432220 21.062181 25.535780 10.213158 61.254185
1743735798.343938 0.010034 3.808731 20.636140 29.638820 9.300905 63.394630
1743735798.447808 0.011051 3.692899 18.685453 24.491262 9.460817 56.341482
1743735798.551558 0.010984 3.784063 20.354244 26.272506 8.321245 58.743042
1743735798.655428 0.011174 4.025041 19.372689 25.118079 10.138031 58.665014
1743735798.759188 0.011138 3.555475 18.064517 26.971615 8.897229 57.499974
1743735798.862968 0.012423 3.693406 18.505871 25.321940 9.401485 56.935125
1743735798.966808 0.010561 3.613081 17.989468 26.136575 9.235601 56.985286
1743735799.070568 0.011114 3.671177 18.608595 26.204415 9.484479 57.979780
1743735799.174308 0.011796 3.508440 18.497117 25.231919 8.901837 56.151109
1743735799.278188 0.010990 3.688673 18.340737 27.545381 9.592354 59.178135
1743735799.381938 0.010449 3.557172 18.289725 26.025368 8.810076 56.692790
1743735799.485708 0.010919 3.561020 18.134063 27.232878 9.240033 58.178913
1743735799.589558 0.010781 3.856643 17.495837 26.078796 9.843161 57.285218
1743735799.693308 0.011512 3.542050 17.639066 28.042421 9.110773 58.345822
1743735799.797058 0.010569 3.439498 17.923996 26.335884 8.902912 56.612859
1743735799.900808 0.011428 3.694780 18.432333 28.011961 9.498590 59.649092
1743735800.004568 0.011362 3.409710 18.657747 27.903533 7.368024 57.350376
1743735800.108438 0.010383 5.262672 21.612804 28.207746 7.801837 62.895442
1743735800.212188 0.011333 4.129717 18.675208 29.173307 10.163677 62.153242
1743735800.315938 0.016506 3.390013 17.750561 28.268439 7.765913 57.191432
1743735800.419688 0.013011 3.566689 17.593640 32.246634 9.451787 62.871761
1743735800.523558 0.011861 3.327775 16.786232 29.429929 8.582899 58.138696
1743735800.627308 0.010987 3.463690 17.286825 28.667312 8.637511 58.066325
1743735800.731058 0.010675 3.416358 17.086224 29.255011 8.848014 58.616282
1743735800.834938 0.010796 3.500796 17.370106 30.419355 9.158650 60.459703
1743735800.938688 0.010736 3.309216 16.936367 30.716863 8.055628 59.028810
1743735801.042438 0.011756 3.522802 17.170547 30.296531 9.070416 60.072052
1743735801.146188 0.011522 3.444806 17.569024 30.091618 8.703858 59.820828
1743735801.249938 0.010940 3.369576 17.580840 31.881584 8.353847 61.196787
1743735801.353808 0.011061 3.427425 16.943715 31.517237 8.658452 60.557890
1743735801.457558 0.011660 3.375685 17.791472 30.295708 8.642953 60.117478
1743735801.561308 0.010965 3.473605 16.884244 33.328614 9.043144 62.740572
1743735801.665058 0.011877 3.520543 17.978296 32.864743 8.929550 63.305009
1743735801.768938 0.011881 3.332301 18.377344 32.481512 8.531616 62.734654
1743735801.872688 0.011051 3.358438 17.277162 32.243048 8.360807 61.250506
1743735801.976438 0.011222 3.473144 18.590637 32.582383 8.830031 63.487417
1743735802.080308 0.011630 3.388709 17.501996 32.875678 8.295433 62.073446
1743735802.184068 0.010346 3.694794 17.638700 34.190795 9.467822 65.002457
1743735802.287938 0.011594 3.376550 17.561589 34.023674 8.151391 63.124798
1743735802.391688 0.011229 3.480827 17.980108 34.603859 8.644194 64.720217
1743735802.495558 0.011789 3.408470 17.565806 33.128508 8.361616 62.476189
1743735802.599318 0.012166 3.486982 17.454293 34.201416 8.867014 64.021871
1743735802.703188 0.011769 3.436936 16.987578 35.322373 8.440744 64.199400
1743735802.806938 0.010198 3.823703 17.154259 34.801165 9.450141 65.239466
1743735802.910818 0.011571 3.417255 16.787185 35.422646 7.786371 63.425028
1743735803.014558 0.011367 3.474900 16.893540 35.822661 8.397835 64.600303
1743735803.118438 0.010838 3.423526 16.575535 36.179609 7.825211 64.014719
1743735803.222188 0.012021 3.425899 16.604830 35.674493 8.672806 64.390049
1743735803.326068 0.011640 3.443195 16.923638 34.843718 8.171860 63.394051
1743735803.429808 0.011476 3.470904 17.013126 35.588214 8.470790 64.554510
1743735803.533568 0.016441 3.427178 16.425651 38.274030 7.609384 65.752684
1743735803.637438 0.011602 3.441653 16.925407 35.952862 8.373192 64.704716
1743735803.741188 0.011394 3.342743 16.905367 35.596915 8.050207 63.906626
1743735803.844958 0.010504 3.411800 16.987331 36.052430 7.779913 64.241978
1743735803.948818 0.010683 3.853788 17.052771 39.916520 9.711202 70.544964
1743735804.052688 0.012744 4.085210 18.077142 40.270355 10.570763 73.016214
1743735804.156438 0.009006 3.421353 16.560855 38.316217 6.834203 65.141634
1743735804.260308 0.017554 3.487297 16.359875 38.392149 8.870271 67.127146
1743735804.364078 0.011046 3.427943 16.337467 37.786432 7.552352 65.115240
1743735804.467938 0.011252 3.462545 16.462130 36.729381 7.704089 64.369397
1743735804.571688 0.011794 3.430644 16.637544 37.585573 8.167358 65.832913
1743735804.675438 0.011693 3.431297 17.000631 35.237835 8.090403 63.771859
1743735804.779318 0.013019 6.405954 17.697834 39.320651 8.625036 72.062494
1743735804.883068 0.008530 3.488618 16.753806 37.235164 6.195184 63.681302
1743735804.986808 0.010030 3.597282 16.903558 37.364016 8.947375 66.822261
1743735805.090568 0.010823 3.445881 16.730098 37.921104 7.387636 65.495542
1743735805.194318 0.010418 3.419929 17.356387 38.455306 7.496777 66.738817
1743735805.298188 0.010444 4.098397 19.084864 41.428282 9.925156 74.547143
1743735805.401938 0.009021 3.381411 17.150460 40.933383 6.772719 68.246994
1743735805.505688 0.010457 3.384093 17.088790 37.537689 7.943598 65.964627
1743735805.609468 0.010785 3.382891 18.418130 38.139617 8.439874 68.391297
1743735805.713338 0.011344 3.370800 17.302281 39.539886 8.140440 68.364751
1743735805.817068 0.011017 3.348026 17.469774 37.644193 7.678714 66.151724
1743735805.920818 0.011486 3.421317 18.351434 38.828722 8.202098 68.815057
1743735806.024688 0.009105 3.599137 17.612392 39.971555 7.636168 68.828357
1743735806.128438 0.011180 3.394353 17.148958 38.800988 7.869050 67.224529
1743735806.232198 0.011506 3.370839 17.784104 36.939213 7.754247 65.859909
1743735806.336068 0.010495 3.452779 17.472610 38.309804 8.184094 67.429782
1743735806.439828 0.011707 3.428489 17.744564 38.988981 8.030873 68.204614
1743735806.543688 0.010300 3.396294 18.819173 38.617401 7.621376 68.464544
1743735806.647438 0.009767 3.439045 17.703125 38.808285 7.580802 67.541024
1743735806.751208 0.011937 3.427641 17.385123 40.071880 8.210671 69.107252
1743735806.855068 0.014069 3.424397 17.563335 39.240998 7.732829 67.975628
1743735806.958938 0.009302 3.423211 17.029356 36.326654 7.094934 63.883457
1743735807.062688 0.011049 3.460451 17.030501 38.666361 8.785141 67.953503
1743735807.166448 0.010777 3.404492 17.088489 38.302809 7.570565 66.377132
1743735807.270318 0.010543 3.367940 16.874039 40.087029 7.463041 67.802592
1743735807.374198 0.009110 3.551327 17.951365 40.083700 7.099276 68.694778
1743735807.477938 0.011302 3.357511 16.365623 38.704461 7.717462 66.156359
1743735807.581818 0.011487 3.294568 16.674772 38.145905 7.412043 65.538775
1743735807.685568 0.010824 3.356343 16.248335 37.072710 7.978555 64.666767
1743735807.789438 0.011463 3.342840 16.290504 39.319521 8.274488 67.238816
1743735807.893318 0.010282 3.315079 16.271606 35.673955 7.279086 62.550008
1743735807.997068 0.011139 3.296533 15.622092 38.626309 8.370016 65.926089
1743735808.100948 0.017746 3.287522 15.689824 35.835662 8.172504 63.003258
1743735808.204818 0.011378 3.330468 15.637818 36.859337 8.105215 63.944216
1743735808.308568 0.011576 3.306134 15.424563 36.638896 8.045767 63.426936
1743735808.412438 0.011727 3.321110 15.536728 35.813567 8.267073 62.950205
1743735808.516318 0.010892 3.343105 15.555235 35.909500 8.010225 62.828957
1743735808.620188 0.011347 3.333190 15.280668 38.055624 8.624860 65.305689
1743735808.724198 0.010994 3.305683 15.718633 38.300433 8.109343 65.445086
1743735808.828068 0.010777 3.209672 15.460258 36.638116 7.561458 62.880281
1743735808.931948 0.011123 3.302019 15.937152 38.642835 8.315331 66.208460
1743735809.035828 0.011671 3.263335 15.499471 37.819152 7.827690 64.421319
1743735809.139708 0.010821 3.238507 15.722835 38.376215 7.734951 65.083329
1743735809.243708 0.011221 3.295054 15.467333 38.368587 8.105204 65.247399
1743735809.347448 0.011564 3.297060 16.097234 36.878912 8.211575 64.496345
1743735809.451318 0.011620 3.327998 16.322895 39.161010 7.870749 66.694272
1743735809.554948 0.010041 3.342867 16.419359 38.058363 7.522228 65.352858
1743735809.658568 0.011409 3.352175 16.371895 39.146831 8.045013 66.927323
1743735809.762198 0.011652 3.357894 16.230419 37.368755 7.719917 64.688637
1743735809.865958 0.011324 3.337831 16.411266 37.668900 7.884650 65.313971
1743735809.969568 0.010822 3.369621 16.200676 37.326241 8.537329 65.444689
1743735810.073198 0.011333 4.536272 16.338828 39.593573 10.389162 70.869168
1743735810.176818 0.009133 3.306305 16.736872 38.342432 7.161582 65.556324
1743735810.280448 0.011242 3.388537 17.816098 40.113396 8.779875 70.109148
1743735810.384068 0.009248 3.346666 17.478541 40.821045 6.984005 68.639505
1743735810.487698 0.011620 3.408920 17.184268 41.254684 7.906004 69.765496
1743735810.591318 0.010839 3.470832 18.498130 41.766443 7.679408 71.425652
1743735810.695068 0.009858 3.459779 17.560086 43.089940 7.163489 71.283152
1743735810.798698 0.010336 3.448758 18.079249 41.329339 7.421711 70.289393
1743735810.902468 0.010992 3.415625 18.737586 41.145730 7.718921 71.028854
1743735811.006198 0.009981 3.415655 18.856643 43.576484 7.302499 73.161262
1743735811.109818 0.008734 3.419138 18.083694 43.351495 7.045572 71.908633
1743735811.213588 0.009921 3.393877 18.907731 43.403164 7.263353 72.978046
1743735811.317198 0.009172 3.409057 18.292336 42.888829 7.113137 71.712531
1743735811.421068 0.009540 3.422458 18.999881 44.331448 7.555219 74.318546
1743735811.524838 0.008836 3.449315 19.795250 43.702733 6.543815 73.499949
1743735811.628698 0.009784 3.449493 19.149342 45.100130 7.371919 75.080668
1743735811.732568 0.008872 3.424268 19.411531 45.202641 6.640360 74.687672
1743735811.836448 0.009077 3.470647 20.864870 44.906266 7.197044 76.447904
1743735811.940318 0.008488 3.490823 19.845148 46.492687 6.602467 76.439613
1743735812.044338 0.009686 3.492401 20.888542 48.615173 7.244331 80.250133
1743735812.148208 0.006884 3.471553 21.481088 46.052169 6.164321 77.176015
1743735812.252198 0.008706 3.454773 20.118095 44.723345 6.899725 75.204644
1743735812.356198 0.009133 3.507998 19.982869 45.629356 6.928214 76.057570
1743735812.460218 0.008676 3.430202 20.970963 42.914572 6.903480 74.227893
1743735812.564078 0.009446 3.439414 19.804856 42.489627 7.083503 72.826846
1743735812.668068 0.009927 3.375041 20.128781 41.799240 7.627418 72.940407
1743735812.771948 0.008957 3.455368 21.008757 43.761362 7.281402 75.515846
1743735812.875948 0.011452 3.553753 20.842628 43.330550 7.513262 75.251645
1743735812.979968 0.009940 3.374395 21.395740 40.820116 7.458351 73.058542
1743735813.083828 0.009719 3.367575 20.771213 40.290901 7.089220 71.528628
1743735813.187838 0.010870 3.331070 20.924979 42.791497 7.950416 75.008832
1743735813.291828 0.007988 3.379233 21.871690 41.545456 6.357451 73.161818
1743735813.395828 0.011269 3.369193 20.918608 40.133010 8.513777 72.945857
1743735813.499948 0.008027 3.372680 20.976639 40.101583 6.320937 70.779866
1743735813.603948 0.011439 3.372111 21.896860 37.845581 8.240919 71.366910
1743735813.708068 0.008948 3.360278 21.066929 38.840058 7.133435 70.409648
1743735813.812198 0.011839 3.412692 21.526554 38.792625 7.996279 71.739989
1743735813.916198 0.009911 3.374075 20.623005 37.931939 7.140671 69.079601
1743735814.020208 0.010927 3.352231 20.462853 36.944914 7.925386 68.696311
1743735814.124318 0.011013 3.495137 20.566359 36.117840 9.394034 69.584383
1743735814.228468 0.009600 3.354531 20.160372 35.011584 6.816017 65.352104
1743735814.332588 0.011370 3.459330 20.568593 35.252585 8.747804 68.039682
1743735814.436948 0.010867 3.403919 20.305628 36.221619 7.416203 67.358236
1743735814.541198 0.010700 3.399762 19.765393 33.127440 7.946141 64.249436
1743735814.645578 0.010529 3.435879 20.258699 32.381989 8.648073 64.735169
1743735814.749948 0.011285 3.530754 19.537171 33.148753 8.437290 64.665253
1743735814.854318 0.012514 3.437925 19.671167 33.000941 8.396120 64.518667
1743735814.958698 0.011731 3.484724 19.159308 32.310763 8.788965 63.755491
1743735815.063068 0.011029 3.489061 19.364810 30.829829 8.638716 62.333445
1743735815.167608 0.011320 3.590096 19.147941 32.952283 9.182584 64.884224
1743735815.272098 0.011502 3.504547 18.995020 29.516858 8.411420 60.439347
1743735815.376578 0.011078 3.636485 18.398560 27.239325 9.364032 58.649480
1743735815.481098 0.011060 3.650170 18.549882 26.380234 9.312757 57.904103
1743735815.585448 0.011117 3.581777 18.318626 27.805842 9.072833 58.790195
1743735815.689848 0.011316 3.583708 18.514347 25.983663 9.392209 57.485243
1743735815.794198 0.010754 3.501296 17.760718 25.534025 8.999809 55.806602
1743735815.898448 0.010811 3.700342 18.028596 24.615540 9.513529 55.868818
1743735816.002698 0.011097 3.645901 17.649450 24.500364 9.364861 55.171673
1743735816.106828 0.006637 3.967966 17.755739 22.931453 8.373906 53.035701
1743735816.210948 0.011857 3.670739 18.048842 24.664837 9.653191 56.049466
1743735816.315078 0.011104 3.591219 17.601937 22.935642 9.394024 53.533926
1743735816.419198 0.012377 3.709993 17.483673 25.058490 9.439050 55.703583
1743735816.523328 0.010994 3.670690 17.837805 23.209360 9.431706 54.160555
1743735816.627448 0.011016 3.659727 18.081703 23.011521 9.416647 54.180614
1743735816.731448 0.006719 3.903738 17.955809 23.769042 6.327751 51.963059
1743735816.835578 0.010356 3.793824 17.896258 23.272526 9.596171 54.569135
1743735816.939578 0.010177 3.706652 18.429489 24.420115 9.349216 55.915649
1743735817.043578 0.011206 3.666142 18.172590 21.942552 9.370548 53.163038
1743735817.147578 0.010518 3.808871 18.346244 25.346453 9.449706 56.961792
1743735817.251598 0.010728 3.620730 19.185573 24.451758 9.102496 56.371285
1743735817.355448 0.006599 3.818752 19.454464 24.127463 8.236098 55.643376
1743735817.459458 0.009810 3.879676 20.387630 25.359002 9.715328 59.351446
1743735817.563328 0.011297 3.590823 19.739646 23.883771 9.245632 56.471169
1743735817.667208 0.010890 3.576868 20.557877 24.742710 9.087308 57.975653
1743735817.771078 0.012221 3.587593 19.552845 26.930006 9.402468 59.485133
1743735817.874968 0.011200 3.575563 21.416801 27.401471 8.979748 61.384783
1743735817.978708 0.011315 3.593244 20.999189 25.906522 9.151539 59.661809
1743735818.082578 0.011673 3.671955 20.472958 29.454290 9.545649 63.156525
1743735818.186448 0.011352 3.545749 21.327747 27.748347 8.784362 61.417557
1743735818.290328 0.011381 3.580736 21.815153 25.702974 9.031611 60.141855
1743735818.394198 0.011078 3.549986 21.511157 26.781695 9.216714 61.070630
1743735818.498078 0.010752 3.636734 21.906728 29.017457 9.382166 63.953837
1743735818.601828 0.011293 3.546461 21.788351 28.653376 8.798063 62.797544
1743735818.705698 0.010972 3.574941 20.635047 27.540027 8.946989 60.707976
1743735818.809588 0.012543 3.540443 20.579476 26.771539 9.519985 60.423986
1743735818.913448 0.010919 3.553230 21.125196 26.189857 9.099694 59.978896
1743735819.017328 0.011124 3.554179 20.510512 25.987464 8.897189 58.960468
1743735819.121208 0.010980 3.919110 19.974991 28.522997 10.075753 62.503831
1743735819.224948 0.011206 3.418822 18.969303 27.067010 8.584583 58.050924
1743735819.328848 0.010654 3.466515 18.977808 26.675435 9.281913 58.412325
1743735819.432578 0.009698 3.312606 18.435528 27.861221 7.642009 57.261062
1743735819.536328 0.011340 3.246620 18.570688 30.277297 6.369396 58.475341
1743735819.640198 0.010615 3.476657 18.562163 25.508187 9.190446 56.748068
1743735819.744058 0.012468 3.450207 18.509308 27.307913 8.976335 58.256231
1743735819.847828 0.010554 3.473035 18.504821 26.510500 8.999345 57.498255
1743735819.951708 0.011152 3.399306 18.656449 30.202365 8.826131 61.095403
1743735820.055488 0.011122 3.352185 18.712921 27.812760 8.749892 58.638880
1743735820.159348 0.009928 3.457596 23.345699 28.079985 8.819143 63.712351
1743735820.263088 0.011974 3.328597 18.406131 28.909245 8.412887 59.068834
1743735820.366828 0.010798 3.416556 18.842542 28.826171 8.587211 59.683278
1743735820.470598 0.011172 3.443549 18.727689 28.835743 8.638639 59.656792
1743735820.574328 0.010685 3.456559 18.088810 29.633123 8.722112 59.911289
1743735820.678088 0.011627 3.368973 19.344934 29.272506 8.662739 60.660779
1743735820.781958 0.006638 3.608236 18.469359 30.096968 5.624444 57.805645
1743735820.885718 0.011520 3.702456 19.450046 28.328637 9.401398 60.894057
1743735820.989458 0.011175 3.435528 19.603154 28.893894 8.876693 60.820444
1743735821.093328 0.010839 3.452186 19.008178 28.111754 8.973647 59.556604
1743735821.197088 0.012029 3.591743 19.744337 27.233507 9.445691 60.027307
1743735821.300828 0.011169 3.563919 19.619451 27.914327 9.408103 60.516969
1743735821.404698 0.011690 5.088710 21.300857 29.831582 11.477832 67.710671
1743735821.508458 0.009924 3.474759 19.633640 27.874691 7.607540 58.600554
1743735821.612228 0.010666 3.590378 20.943565 26.981453 9.287018 60.813080
1743735821.715958 0.011340 3.540882 21.769304 27.528268 9.081875 61.931669
1743735821.819828 0.011189 3.537554 21.365634 27.513868 8.830174 61.258419
1743735821.923598 0.011289 3.606218 22.355413 27.568072 9.168969 62.709961
1743735822.027348 0.010878 3.548073 22.962355 25.774152 9.099511 61.394969
1743735822.131208 0.011045 3.563564 23.329960 27.779058 9.286933 63.970560
1743735822.234958 0.011526 3.518669 22.417113 26.636761 8.973815 61.557884
1743735822.338828 0.011885 3.566068 22.384193 26.187213 9.169052 61.318411
1743735822.442578 0.010957 3.488775 21.512002 24.961260 8.743215 58.716209
1743735822.546328 0.010062 3.907762 22.882797 26.726758 10.074275 63.601654
1743735822.650208 0.011354 3.448653 22.362671 25.486078 8.812640 60.121396
1743735822.753958 0.010660 3.524902 21.682993 25.674134 8.986979 59.879668
1743735822.857828 0.010710 3.553193 22.097151 24.400295 9.174893 59.236242
1743735822.961708 0.011051 3.461862 21.918741 21.510019 9.017192 55.918865
1743735823.065578 0.011219 3.668888 21.694407 22.201347 9.554125 57.129986
1743735823.169458 0.010549 3.542485 22.472149 22.043598 9.027201 57.095982
1743735823.273338 0.011450 3.559308 21.758476 20.890937 8.995001 55.215172
1743735823.377238 0.011126 3.618572 21.058847 20.169929 9.354062 54.212536
1743735823.481078 0.010201 4.048270 22.847232 21.289494 9.802551 57.997748
1743735823.585078 0.010599 3.390105 20.881806 19.982318 9.030063 53.294891
1743735823.688978 0.010857 3.665078 21.126420 21.597942 9.155805 55.556102
1743735823.792828 0.011354 3.749131 20.665879 20.514492 9.662136 54.602992
1743735823.896708 0.011064 3.594449 20.550223 19.638332 9.327993 53.122061
1743735824.000588 0.011148 3.670704 21.021016 20.402650 9.640873 54.746391
1743735824.104458 0.011253 3.646906 21.708387 19.867280 9.348328 54.582154
1743735824.208328 0.011276 3.401022 21.680116 20.199286 8.138267 53.429967
1743735824.312208 0.011324 3.633618 20.680264 18.934348 9.724105 52.983659
1743735824.416098 0.010911 3.752375 21.315403 19.540237 9.572819 54.191745
1743735824.519838 0.010842 3.521777 21.413359 18.393689 9.159845 52.499512
1743735824.623718 0.010101 3.683016 21.549541 20.202237 9.527075 54.971970
1743735824.727578 0.011242 3.703894 21.816416 17.918077 9.777019 53.226648
1743735824.831348 0.006415 4.093103 21.650687 19.579569 6.216591 51.546365
1743735824.935208 0.011422 3.859208 21.656118 19.424480 10.108596 55.059824
1743735825.038978 0.010208 3.641708 22.199504 20.962035 9.620514 56.433969
1743735825.142708 0.010689 3.706074 22.389444 20.815987 9.421872 56.344066
1743735825.246458 0.011503 3.586289 22.694579 20.140390 9.270084 55.702845
1743735825.350208 0.011163 3.682625 23.057193 19.512911 9.544316 55.808208
1743735825.454078 0.010560 3.627237 23.125833 20.231903 9.518920 56.514453
1743735825.557848 0.010855 3.623829 22.697833 20.826396 9.563244 56.722157
1743735825.661598 0.010441 3.619098 23.308578 21.872699 9.508196 58.319012
1743735825.765458 0.011111 3.696802 23.892015 20.746814 9.708781 58.055523
1743735825.869208 0.010805 4.084821 25.568646 21.752946 10.245522 61.662740
1743735825.973078 0.011248 3.795931 24.819101 22.678098 9.874780 61.179158
1743735826.076838 0.011817 3.583110 24.139290 23.520158 8.915348 60.169723
1743735826.180588 0.011294 3.945814 24.342591 23.295296 9.651686 61.246681
1743735826.284338 0.011293 3.626210 24.406778 22.625367 9.255632 59.925280
1743735826.388088 0.010753 3.576425 22.857978 24.123376 9.181919 59.750451
1743735826.491958 0.010984 3.563174 24.097250 22.545856 9.095419 59.312683
1743735826.595708 0.011371 3.647926 23.282048 23.897369 9.401022 60.239736
1743735826.699458 0.011602 4.381395 24.912734 22.010963 10.982824 62.299518
1743735826.803218 0.011653 3.553905 22.761123 22.919999 9.141534 58.388214
1743735826.907078 0.010078 3.756669 23.129968 21.430318 9.371636 57.698669
1743735827.010838 0.010573 4.417429 24.196197 19.873717 10.165533 58.663449
1743735827.114708 0.010076 4.103354 23.629886 19.178560 9.913355 56.835231
1743735827.218458 0.010775 3.519863 22.389219 20.376042 9.098230 55.394129
1743735827.322338 0.010782 3.724342 22.450054 18.925164 9.626668 54.737010
1743735827.426088 0.011933 3.702134 22.136761 17.827425 9.351097 53.029350
1743735827.529978 0.010197 3.759927 21.940240 17.974741 9.682796 53.367901
1743735827.633708 0.010946 3.539141 22.395444 18.143862 9.257372 53.346765
1743735827.737588 0.012146 3.672771 22.315142 17.528825 9.526817 53.055701
1743735827.841458 0.010866 3.687571 21.603563 16.248282 9.482456 51.032738
1743735827.945208 0.010412 3.823358 21.182683 17.232888 9.857783 52.107124
1743735828.048968 0.012115 3.656511 21.584448 15.830529 9.655347 50.738950
1743735828.152838 0.011216 3.884892 23.596752 18.174830 9.469012 55.136702
1743735828.256588 0.011819 3.795475 22.786037 15.114451 9.705289 51.413071
1743735828.360338 0.011189 3.770703 22.038441 16.222748 9.521404 51.564485
1743735828.464188 0.010112 3.796207 21.925995 15.570474 9.750941 51.053729
1743735828.567978 0.010858 3.742623 23.508357 15.232844 9.643625 52.138307
1743735828.671708 0.010784 3.700808 22.622969 15.677400 9.573722 51.585683
1743735828.775478 0.011087 3.746097 22.926253 15.040024 9.597498 51.320959
1743735828.879218 0.009343 3.471102 21.870521 16.265321 6.777765 48.394052
1743735828.982958 0.010777 3.613721 22.368893 15.066369 9.075764 50.135524
1743735829.086728 0.011169 4.001854 23.474825 16.113728 9.736707 53.338283
1743735829.190588 0.010620 3.746458 22.860437 16.257077 9.514532 52.389124
1743735829.294338 0.010673 4.076844 24.853914 17.113264 9.858528 55.913223
1743735829.398088 0.011604 3.720938 23.149209 16.313710 9.794431 52.989892
1743735829.501838 0.010404 3.723656 23.268090 17.852596 9.657841 54.512587
1743735829.605718 0.010802 3.705261 23.181579 17.947355 9.584233 54.429230
1743735829.709468 0.010663 3.588636 22.140454 17.635454 9.323861 52.699068
1743735829.813338 0.010977 3.748953 22.888605 18.482214 9.765458 54.896207
1743735829.917088 0.011518 3.567737 22.893384 17.915310 9.302644 53.690593
1743735830.020958 0.010283 6.643971 24.092566 18.145250 11.260208 60.152278
1743735830.124708 0.010745 3.919762 23.247313 19.352539 9.832291 56.362650
1743735830.228458 0.006593 3.675756 21.785576 18.006508 9.019000 52.493433
1743735830.332228 0.010885 3.924309 21.990068 18.521368 10.030217 54.476847
1743735830.436088 0.011357 3.783542 21.359687 17.367026 9.589009 52.110621
1743735830.539838 0.010628 3.810012 21.143474 17.542615 9.742426 52.249155
1743735830.643608 0.011380 3.798843 21.163637 16.858264 9.643601 51.475725
1743735830.747338 0.010958 3.947389 21.594580 17.407368 9.792647 52.752942
1743735830.851088 0.010613 3.968503 19.945609 15.908340 10.088615 49.921680
1743735830.954988 0.010831 3.777400 21.584143 16.068166 9.323985 50.764525
1743735831.058598 0.011569 4.166634 20.441284 14.810657 10.354296 49.784440
1743735831.162468 0.010127 3.948845 20.362103 15.274584 9.944248 49.539907
1743735831.266218 0.010317 3.813684 20.041448 14.037434 9.551965 47.454848
1743735831.369968 0.011579 3.961316 20.732885 14.323280 9.783586 48.812646
1743735831.473708 0.010584 3.829321 19.902441 15.040054 9.678003 48.460403
1743735831.577458 0.010903 3.986217 19.424702 15.790298 9.820459 49.032579
1743735831.681218 0.010652 3.831748 20.428280 15.175602 9.468486 48.914768
1743735831.784968 0.010439 3.842195 19.931658 15.537161 9.800247 49.121700
1743735831.888708 0.011107 3.832198 19.672528 15.536872 9.722263 48.774968
1743735831.992458 0.011387 3.800372 18.951117 14.022660 9.622268 46.407804
1743735832.096218 0.011532 3.803576 19.064522 14.563128 9.699377 47.142135
1743735832.199968 0.011179 3.607269 19.149799 17.220177 7.093531 47.081955
1743735832.303708 0.011741 3.844003 19.451128 15.286125 10.163086 48.756083
1743735832.407588 0.010953 5.585818 20.754744 13.715574 10.760469 50.827558
1743735832.511338 0.011352 3.624911 19.937576 16.805381 9.577261 49.956481
1743735832.615218 0.010665 3.688752 19.277037 15.777822 9.590733 48.345009
1743735832.718968 0.010937 3.491837 18.980667 14.869418 9.346972 46.699831
1743735832.822838 0.010586 3.552547 19.703753 13.094166 9.413352 45.774404
1743735832.926588 0.012390 3.205387 19.370062 13.980898 6.379412 42.948149
1743735833.030468 0.010961 3.781697 20.711116 17.255504 9.589286 51.348564
1743735833.134218 0.010840 3.645698 20.951860 17.756854 9.437627 51.802879
1743735833.238088 0.010675 3.569134 21.596600 17.597804 9.599404 52.373617
1743735833.341968 0.010925 3.462492 20.657171 17.195986 9.071212 50.397786
1743735833.445838 0.011262 3.680712 21.503171 17.794170 9.747900 52.737215
1743735833.549718 0.010353 3.769631 21.143689 18.241765 9.900759 53.066197
1743735833.653588 0.011627 3.600535 22.233847 18.147939 9.526469 53.520417
1743735833.757478 0.010543 3.609862 21.603754 20.605324 9.628452 55.457935
1743735833.861338 0.012040 3.657962 22.939196 19.794908 9.642278 56.046384
1743735833.965098 0.010711 3.509321 22.911685 19.874898 7.307154 53.613769
1743735834.068968 0.010050 3.810610 24.393228 18.412613 9.290206 55.916707
1743735834.172848 0.010258 3.802969 24.335562 22.115194 9.932964 60.196947
1743735834.276718 0.009439 5.179108 35.877797 25.262570 11.185076 77.513990
1743735834.380588 0.009967 3.531295 24.092925 23.059822 7.360110 58.054119
1743735834.484338 0.010919 3.648791 25.549227 22.241914 9.399246 60.850097
1743735834.588218 0.011108 3.538420 26.651095 19.617783 8.644637 58.463043
1743735834.692088 0.012004 3.649578 25.706104 23.989664 9.574311 62.931661
1743735834.795968 0.009215 6.968380 27.843786 23.579185 10.034049 68.434615
1743735834.899858 0.010184 3.502760 25.626387 21.766182 7.489431 58.394944
1743735835.003718 0.010153 4.080701 26.148554 23.375247 10.480639 64.095294
1743735835.107718 0.010681 3.538579 26.846398 21.187847 8.738988 60.322493
1743735835.211718 0.010133 3.762521 30.536831 24.306439 9.513238 68.129162
1743735835.315848 0.009477 3.550881 29.046644 22.181582 7.212832 62.001416
1743735835.419838 0.011556 3.488387 29.039774 23.010161 8.325411 63.875289
1743735835.523988 0.010737 4.071060 30.435071 25.766250 10.418057 70.701175
1743735835.627968 0.010687 3.801173 30.899615 26.470555 9.807680 70.989710
1743735835.732108 0.011281 3.552091 28.366108 23.717141 9.480507 65.127128
1743735835.836088 0.010517 3.524554 30.257378 23.498573 7.788735 65.079757
1743735835.940218 0.011375 3.996492 30.802147 25.489820 10.491887 70.791721
1743735836.044218 0.012117 3.734974 29.541435 23.013264 9.388251 65.690041
1743735836.148218 0.009001 3.506711 28.031876 21.995636 7.047449 60.590673
1743735836.252238 0.011124 3.513820 29.958604 24.042827 7.952839 65.479214
1743735836.356098 0.012079 4.054206 28.930878 25.330736 10.648974 68.976873
1743735836.460108 0.011148 3.859629 28.937452 20.718793 10.135827 63.662849
1743735836.563968 0.011593 4.019518 29.061321 20.574883 10.424138 64.091453
1743735836.667968 0.010935 4.126761 28.375308 20.665264 10.499173 63.677441
1743735836.771848 0.010995 4.019720 29.320024 22.949217 10.577406 66.877362
1743735836.875718 0.010661 4.032640 28.679949 23.253624 10.339207 66.316081
1743735836.979598 0.009420 3.612189 28.482480 20.492522 7.332808 59.929419
1743735837.083468 0.010278 3.897746 30.018200 22.185797 9.743744 65.855765
1743735837.187228 0.010300 3.976617 29.779180 22.557769 9.501537 65.825403
1743735837.290968 0.011019 3.869690 29.190044 20.907829 9.669517 63.648099
1743735837.394858 0.010957 3.843352 28.941588 22.021994 9.818031 64.635922
1743735837.498468 0.010383 3.717440 26.856113 20.769464 8.246488 59.599888
1743735837.602228 0.011242 3.812893 27.288791 19.651099 9.382541 60.146566
1743735837.706088 0.011255 3.584556 26.309897 19.197711 7.806217 56.909636
1743735837.809858 0.010367 3.961631 27.958556 21.299788 10.132027 63.362369
1743735837.913588 0.011474 3.484475 26.663753 18.676023 8.265848 57.101573
1743735838.017348 0.011452 3.646839 25.965475 19.696193 9.632200 58.952159
1743735838.121218 0.011403 3.741190 25.182213 18.252278 9.797393 56.984477
1743735838.224968 0.011834 3.729846 24.856245 19.110063 9.497761 57.205749
1743735838.328718 0.005721 3.768452 32.213927 19.987495 9.258221 65.233816
1743735838.432468 0.016207 3.622727 24.839356 18.145191 7.602257 54.225738
1743735838.536348 0.010535 3.833791 24.863398 16.841681 9.736527 55.285932
1743735838.640098 0.012892 3.860886 25.036053 16.705737 9.821433 55.437001
1743735838.743968 0.009220 6.910407 32.475646 17.982151 10.337370 67.714794
1743735838.847718 0.010333 3.671615 25.217849 18.492479 7.664112 55.056388
1743735838.951468 0.012329 3.966240 25.529086 17.873229 9.747513 57.128397
1743735839.055348 0.017688 3.828699 25.114774 17.716779 9.758941 56.436881
1743735839.159098 0.010642 3.850781 25.958879 18.670985 9.535951 58.027238
1743735839.262848 0.018490 3.678885 25.585912 19.356330 9.645265 58.284882
1743735839.366588 0.010914 3.723865 25.241482 16.994393 9.624815 55.595469
1743735839.470388 0.011489 3.759106 25.278750 20.638057 9.612216 59.299618
1743735839.574188 0.010557 3.876695 26.032996 17.496270 9.935526 57.352044
1743735839.677988 0.011929 3.883493 25.397467 18.667631 9.181565 57.142085
1743735839.781788 0.010576 3.820215 26.901581 18.315052 9.857615 58.905039
1743735839.885588 0.011738 3.660733 26.172244 18.827085 9.153046 57.824846
1743735839.989388 0.011433 3.601953 26.326447 18.153141 9.671959 57.764933
1743735840.093088 0.010776 3.642262 26.725268 18.103575 9.406450 57.888331
1743735840.196988 0.010617 3.696122 25.989668 17.589394 9.324012 56.609813
1743735840.300688 0.012094 4.161479 26.367964 18.378636 8.492706 57.412879
1743735840.404588 0.011939 3.678204 25.699043 18.971306 9.492632 57.853124
1743735840.508388 0.010439 3.772667 25.877790 18.729068 9.489336 57.879300
1743735840.612088 0.011341 3.669036 25.548274 19.727074 9.218568 58.174293
1743735840.715888 0.011324 3.644173 25.646481 18.822953 9.488800 57.613731
1743735840.819688 0.011071 3.647077 24.941426 20.551459 9.367220 58.518253
1743735840.923488 0.010675 3.575072 24.680199 19.611013 9.318665 57.195624
1743735841.027188 0.011916 3.643986 23.715876 18.126919 9.827228 55.325925
1743735841.130988 0.011152 3.677117 23.802656 18.538064 9.611943 55.640932
1743735841.234688 0.011400 3.632369 24.248058 18.419636 9.493288 55.804751
1743735841.338488 0.010418 3.589462 24.926909 19.029606 9.450636 57.007031
1743735841.442188 0.011877 3.568303 24.216160 19.238094 9.615728 56.650162
1743735841.546088 0.011009 3.555783 24.140620 18.510531 9.625379 55.843322
1743735841.649888 0.011981 3.604727 23.744042 18.841061 9.580830 55.782641
1743735841.753588 0.012436 3.515332 24.573829 20.007318 9.416203 57.525118
1743735841.857388 0.010829 3.465642 23.974324 19.562556 8.993957 56.007308
1743735841.961088 0.010821 3.875294 24.442997 18.209967 9.948538 56.487617
1743735842.064988 0.007958 4.324907 23.632311 16.491092 9.926323 54.382591
1743735842.168688 0.010180 3.668346 23.695614 20.449368 9.462489 57.285997
1743735842.272488 0.010833 3.577588 24.027644 20.664501 9.256806 57.537372
1743735842.376188 0.011853 3.501609 24.016055 19.847346 9.364469 56.741332
1743735842.479988 0.011281 3.563919 24.726694 21.594748 9.009918 58.906560
1743735842.583888 0.013380 3.528538 24.541247 21.997342 8.964597 59.045104
1743735842.687588 0.012636 3.636148 24.345564 22.770054 9.267955 60.032357
1743735842.791388 0.011069 3.646206 25.605925 23.744919 9.154023 62.162142
1743735842.895088 0.011385 3.613647 24.245221 22.274391 9.324017 59.468661
1743735842.998988 0.011970 3.540893 23.987820 22.186553 8.455486 58.182722
1743735843.102788 0.011281 3.903358 24.285048 23.778739 10.015166 61.993592
1743735843.206488 0.010550 3.540043 25.501559 22.755114 8.419078 60.226344
1743735843.310088 0.010698 3.548573 24.988767 22.926654 8.998489 60.473181
1743735843.413888 0.010650 3.702783 24.596677 25.249642 9.643477 63.203229
1743735843.517588 0.010743 3.403760 25.014383 23.154306 7.674754 59.257946
1743735843.621388 0.010772 3.669029 24.912258 22.762601 9.577618 60.932278
1743735843.725188 0.011013 3.569408 24.323899 21.569339 8.992223 58.465882
1743735843.828988 0.010063 3.550373 23.697478 21.699282 8.898610 57.855806
1743735843.932688 0.010494 4.119306 25.811708 22.855119 10.322938 63.119565
1743735844.036588 0.010189 4.261600 25.053674 23.500957 10.126011 62.952431
1743735844.140388 0.015649 3.523957 25.772862 23.013505 7.946421 60.272394
1743735844.244088 0.011151 4.036650 26.886515 22.245317 10.044671 63.224304
1743735844.347888 0.016564 4.287132 26.125280 22.341886 10.800147 63.571009
1743735844.451688 0.010599 3.671006 24.282812 21.337076 9.442128 58.743621
1743735844.555488 0.011474 3.543883 24.169365 21.727808 8.446326 57.898856
1743735844.659388 0.010200 4.251083 24.699549 22.135419 10.211996 61.308247
1743735844.763188 0.011221 3.909832 24.170328 20.769742 9.831879 58.693002
1743735844.866988 0.011234 3.659671 23.647340 21.009198 9.498295 57.825738
1743735844.970888 0.010354 3.769530 24.866918 21.772734 9.496914 59.916450
1743735845.074688 0.011646 3.510673 24.071647 20.200617 9.155154 56.949737
1743735845.178588 0.010285 3.568576 23.917214 20.561882 9.301096 57.359053
1743735845.282588 0.010907 3.604195 24.090021 22.683493 9.329685 59.718301
1743735845.386488 0.010374 3.513000 22.894868 20.104369 9.161757 55.684368
1743735845.490488 0.010218 3.665563 24.037705 19.608784 9.458600 56.780870
1743735845.594488 0.010453 3.583144 22.756025 18.537737 9.292481 54.179840
1743735845.698488 0.010250 3.661382 22.485521 17.544300 9.493970 53.195423
1743735845.802488 0.011112 3.734498 21.525267 16.999008 9.531206 51.801091
1743735845.906488 0.011672 3.493047 22.741395 18.368926 9.102989 53.718029
1743735846.010488 0.010046 3.546347 22.034824 16.098140 9.436470 51.125827
1743735846.114488 0.007498 4.786249 23.397704 19.797941 9.089813 57.079205
1743735846.218488 0.010030 3.732710 22.019962 16.311663 9.891911 51.966276
1743735846.322488 0.010580 3.717997 23.577318 17.828571 9.783037 54.917503
1743735846.426388 0.011746 3.566623 21.088998 15.239307 9.802609 49.709283
1743735846.530388 0.010704 3.741348 21.350932 16.451368 9.718999 51.273351
1743735846.634388 0.011185 3.797654 21.149444 17.109138 9.928893 51.996314
1743735846.738388 0.014686 3.752267 21.922071 15.633863 9.624793 50.947680
1743735846.842388 0.011099 3.821209 21.446838 16.491256 9.753637 51.524039
1743735846.946388 0.011327 3.868413 21.322005 16.113101 9.600828 50.915674
1743735847.050188 0.010265 3.635527 22.134258 17.194927 9.695402 52.670379
1743735847.154188 0.010314 3.579464 21.884143 16.855317 9.304553 51.633791
1743735847.258188 0.011260 3.750684 21.199892 17.272008 9.634886 51.868730
1743735847.362188 0.010114 3.791667 21.817963 15.386915 9.774203 50.780862
1743735847.466188 0.010677 3.750732 21.510986 15.839724 9.578171 50.690290
1743735847.570288 0.011397 3.689211 21.072285 15.641293 9.481411 49.895597
1743735847.674188 0.011488 3.659806 20.079349 13.241084 9.207434 46.199161
1743735847.778188 0.010391 3.582184 20.360296 14.221552 9.326855 47.501278
1743735847.882188 0.011079 3.650550 19.017668 10.880202 9.381718 42.941217
1743735847.986188 0.010543 3.808799 17.860699 11.039640 9.399860 42.119541
1743735848.090288 0.009708 3.972449 19.528596 11.279176 9.217385 44.007314
1743735848.194388 0.010321 3.754894 18.682830 13.622764 9.579064 45.649873
1743735848.298388 0.010195 3.851931 19.277099 13.283783 9.563027 45.986035
1743735848.402388 0.011366 4.264249 19.839481 13.470208 10.277551 47.862855
1743735848.506388 0.010154 3.462624 19.789127 12.635689 6.264133 42.161727
1743735848.610388 0.010104 3.743294 19.101755 14.225930 9.500131 46.581214
1743735848.714388 0.011384 3.650930 19.155859 13.073660 9.779868 45.671701
1743735848.818388 0.011258 4.781471 23.627619 13.146478 10.435551 52.002377
1743735848.922388 0.011072 3.391659 18.941184 13.215641 8.905000 44.464556
1743735849.026388 0.010198 3.889336 19.322584 12.571280 9.622442 45.415840
1743735849.130388 0.011326 3.990737 19.382472 12.576924 10.158738 46.120197
1743735849.234388 0.014329 6.112675 19.830208 11.406335 10.892817 48.256364
1743735849.338388 0.010217 5.726908 20.417205 13.652313 10.524913 50.331556
1743735849.442388 0.011487 3.682937 18.812018 13.936604 9.993352 46.436398
1743735849.546388 0.010952 3.717322 19.722111 13.251712 9.730711 46.432808
1743735849.650388 0.011046 3.685749 19.221664 12.685608 9.706324 45.310391
1743735849.754388 0.010334 4.137667 19.466843 12.220698 10.138163 45.973705
1743735849.858388 0.011711 3.593762 19.518033 11.920138 9.973941 45.017585
1743735849.962388 0.011137 3.769563 18.868724 12.739541 9.972063 45.361028
1743735850.066388 0.011297 3.706365 19.447404 11.727104 9.739143 44.631313
1743735850.170188 0.007477 4.032599 18.564775 14.067290 9.036198 45.708339
1743735850.274188 0.011050 3.921822 18.959658 11.904159 9.964386 44.761075
1743735850.378188 0.011066 4.123837 19.109276 14.203619 10.544863 47.992661
1743735850.482188 0.011597 3.735088 18.804974 13.261620 10.123497 45.936776
1743735850.586188 0.010217 4.281270 22.336629 14.257415 10.299357 51.184888
1743735850.690088 0.010638 3.616221 18.301378 14.494608 9.664546 46.087391
1743735850.794088 0.010736 3.599958 18.485614 14.010921 9.580681 45.687910
1743735850.898088 0.011233 3.759518 18.408350 13.940631 9.992876 46.112608
1743735851.002088 0.011312 3.711946 18.371856 14.647096 9.606564 46.348774
1743735851.105988 0.010631 3.759516 17.583478 14.896453 9.570310 45.820388
1743735851.209988 0.008923 3.250063 18.249811 16.192921 6.821871 44.523589
1743735851.313988 0.011501 3.815478 17.668092 12.988665 9.721387 44.205123
1743735851.417988 0.009841 5.362603 18.376079 15.759360 8.026063 47.533946
1743735851.521988 0.010733 3.654470 17.904350 15.700585 9.625720 46.895858
1743735851.625988 0.011587 3.681743 17.250710 14.558088 9.675179 45.177307
1743735851.729988 0.010749 3.703606 16.995907 16.336518 9.931627 46.978407
1743735851.833988 0.012071 3.661508 16.887256 16.602274 9.700611 46.863720
1743735851.937988 0.010674 3.830341 17.947177 17.588094 9.703621 49.079907
1743735852.041988 0.010139 3.712681 18.105564 17.964251 9.725022 49.517657
1743735852.145988 0.011635 3.813844 18.866385 19.368549 9.788225 51.848638
1743735852.249988 0.010972 3.776688 19.596381 20.490099 9.792909 53.667049
1743735852.353988 0.010405 3.724264 19.197142 21.646684 9.585036 54.163531
1743735852.457988 0.011784 3.704314 19.435479 22.478957 9.933487 55.564021
1743735852.561988 0.010718 3.516858 19.908769 22.898785 8.773368 55.108498
1743735852.665988 0.011043 3.759403 20.650233 22.812776 9.659076 56.892531
1743735852.769988 0.010814 3.567251 21.090371 25.733288 8.881403 59.283127
1743735852.873988 0.010928 4.937774 21.393290 23.399382 10.625087 60.366461
1743735852.977988 0.010651 3.492077 20.185483 25.200485 7.743929 56.632625
1743735853.081988 0.011566 3.665750 21.203028 24.728042 9.413179 59.021565
1743735853.185888 0.012232 3.471591 20.722322 24.856328 8.065339 57.127812
1743735853.289888 0.010828 3.813905 22.203146 27.574368 9.799629 63.401876
1743735853.393688 0.010486 3.639785 21.545872 26.793058 6.218437 58.207638
1743735853.497688 0.010957 4.656046 23.964098 27.374359 10.743338 66.748798
1743735853.601688 0.011101 4.160192 21.637843 25.857709 10.444819 62.111664
