1743735739.307388 0.000000 0.000000 0.000000 0.000000 0.000000 0.000000 1.000000
1743735739.411887 1.020159 0.000693 0.015767 -0.000613 -0.000330 -0.001290 0.999999
1743735739.515182 2.372895 0.007191 0.032198 -0.000783 -0.000255 -0.001641 0.999998
1743735739.619022 3.576746 0.003463 0.049872 -0.000466 -0.000039 -0.002209 0.999997
1743735739.722882 4.784102 0.002167 0.069274 -0.000422 0.000013 -0.002652 0.999996
1743735739.827032 5.967756 -0.003260 0.082911 -0.000296 -0.000075 -0.003146 0.999995
1743735739.930789 7.158028 -0.004199 0.103899 -0.000164 -0.000392 -0.003719 0.999993
1743735740.034734 8.346760 -0.014478 0.121148 -0.000466 -0.000605 -0.004133 0.999991
1743735740.138568 9.546863 -0.017296 0.142063 -0.000446 -0.000015 -0.004273 0.999991
1743735740.242419 10.769222 -0.020645 0.155239 0.000107 0.000511 -0.003706 0.999993
1743735740.346265 11.976828 -0.020123 0.172105 0.000801 0.000339 -0.002517 0.999996
1743735740.450162 13.164340 -0.020863 0.189853 0.000694 0.000110 -0.001539 0.999999
1743735740.554024 14.359101 -0.017418 0.210307 0.000514 0.000049 -0.000870 0.999999
1743735740.657941 15.532051 -0.009640 0.225076 -0.000336 -0.000023 -0.000413 1.000000
1743735740.761798 16.740719 -0.000648 0.243007 -0.000154 0.000010 -0.000314 1.000000
1743735740.865681 17.954731 -0.001806 0.263872 0.000131 0.000212 -0.000149 1.000000
1743735740.969545 19.138837 0.001530 0.275703 0.000433 0.000360 0.000178 1.000000
1743735741.073445 20.350930 0.004812 0.296321 0.000240 -0.000100 0.000321 1.000000
1743735741.177478 21.531618 0.015397 0.315450 0.000022 -0.000546 0.000687 1.000000
1743735741.281311 22.719919 0.021777 0.331165 0.000053 -0.000293 0.001023 0.999999
1743735741.385262 23.934138 0.029309 0.348700 0.000015 -0.000328 0.001341 0.999999
1743735741.489144 25.114632 0.040367 0.371210 -0.000281 -0.000668 0.001818 0.999998
1743735741.593040 26.340275 0.054538 0.390288 -0.000588 -0.000416 0.002235 0.999997
1743735741.697015 27.535807 0.060764 0.403224 0.000326 0.000513 0.002689 0.999996
1743735741.800876 28.723204 0.072613 0.422200 0.000660 0.000705 0.003037 0.999995
1743735741.904751 29.924410 0.086866 0.439994 0.000619 0.000101 0.003300 0.999994
1743735742.008829 31.109103 0.096740 0.457206 0.000883 -0.000287 0.003806 0.999992
1743735742.113486 32.326752 0.110251 0.472774 0.000710 -0.000370 0.004040 0.999992
1743735742.216726 33.519436 0.129196 0.489041 0.001047 -0.000079 0.004470 0.999989
1743735742.320524 34.715127 0.146207 0.505192 0.001247 0.000076 0.004829 0.999988
1743735742.424520 35.920232 0.158066 0.527749 0.001625 0.000001 0.004878 0.999987
1743735742.528388 37.109750 0.173478 0.541520 0.001418 0.000012 0.005170 0.999986
1743735742.632378 38.331898 0.192662 0.560812 0.002025 0.000350 0.005200 0.999984
1743735742.736379 39.526312 0.212828 0.575228 0.001829 0.000914 0.005248 0.999984
1743735742.840449 40.725635 0.224563 0.590957 0.001742 0.001392 0.005260 0.999984
1743735742.944267 41.920999 0.248282 0.606251 0.001345 0.001238 0.005087 0.999985
1743735743.048258 43.137710 0.273611 0.622859 0.000711 0.001209 0.005116 0.999986
1743735743.152256 44.329329 0.286048 0.633937 -0.000767 0.002038 0.004661 0.999987
1743735743.256259 45.532404 0.303235 0.648587 -0.000744 0.003543 0.003984 0.999986
1743735743.360133 46.734167 0.317753 0.657445 -0.001163 0.004938 0.003181 0.999982
1743735743.464135 47.959811 0.333254 0.660729 -0.001188 0.006576 0.002143 0.999975
1743735743.568129 49.147750 0.350428 0.664787 -0.000693 0.007361 0.001635 0.999971
1743735743.672007 50.357930 0.358357 0.662528 -0.000115 0.006604 0.000845 0.999978
1743735743.776008 51.564187 0.360231 0.668520 -0.000603 0.005683 0.000031 0.999984
1743735743.880005 52.766143 0.361527 0.659514 -0.000719 0.005487 -0.000221 0.999985
1743735743.983882 53.970599 0.365757 0.672048 -0.000477 0.005317 -0.000488 0.999986
1743735744.087759 55.178613 0.371539 0.678645 -0.000236 0.004831 0.000137 0.999988
1743735744.191632 56.380970 0.384128 0.677468 -0.000518 0.004808 0.000892 0.999988
1743735744.295506 57.587439 0.382358 0.686674 -0.000229 0.005495 0.001549 0.999984
1743735744.399382 58.805010 0.399763 0.689977 -0.000383 0.005703 0.002229 0.999981
1743735744.503382 59.999797 0.414583 0.693241 -0.000741 0.005590 0.002498 0.999981
1743735744.607287 61.203137 0.430606 0.698556 -0.001006 0.005501 0.002981 0.999980
1743735744.711133 62.396537 0.442316 0.700987 -0.000581 0.005244 0.003100 0.999981
1743735744.815144 63.576116 0.445760 0.712464 -0.000189 0.004875 0.002875 0.999984
1743735744.919006 64.804673 0.466838 0.717696 -0.000107 0.005321 0.003238 0.999981
1743735745.022881 66.014229 0.477967 0.714307 0.000610 0.006266 0.003347 0.999975
1743735745.126901 67.199991 0.495921 0.726143 0.000133 0.005629 0.003543 0.999978
1743735745.230760 68.407742 0.511196 0.734762 -0.001266 0.004878 0.003504 0.999981
1743735745.334775 69.605853 0.527911 0.736816 -0.002091 0.005018 0.003496 0.999979
1743735745.438649 70.788467 0.540716 0.745143 -0.002755 0.005207 0.003545 0.999976
1743735745.542632 71.978116 0.558994 0.745519 -0.003682 0.005311 0.003272 0.999974
1743735745.646509 73.154253 0.576469 0.756960 -0.003959 0.005813 0.002809 0.999971
1743735745.750508 74.278509 0.580301 0.752844 -0.004621 0.006188 0.001534 0.999969
1743735745.854510 75.436729 0.576761 0.754186 -0.003711 0.005427 -0.000075 0.999978
1743735745.958511 76.657451 0.592022 0.783293 -0.003195 0.002960 -0.001116 0.999990
1743735746.062509 77.880785 0.597372 0.787699 -0.003829 0.002354 -0.002115 0.999988
1743735746.166510 79.004418 0.577932 0.789980 -0.003008 0.004148 -0.003735 0.999980
1743735746.270507 80.215726 0.587266 0.801960 -0.002444 0.005099 -0.005239 0.999970
1743735746.374508 81.401405 0.570951 0.804963 -0.003379 0.004064 -0.007266 0.999960
1743735746.478508 82.556639 0.565445 0.817226 -0.002692 0.002744 -0.008926 0.999953
1743735746.582512 83.743375 0.540546 0.832747 -0.002551 0.000935 -0.010732 0.999939
1743735746.686510 84.883670 0.513672 0.853229 -0.002202 0.000440 -0.012426 0.999920
1743735746.790510 86.050580 0.494831 0.864557 -0.001692 0.001266 -0.014157 0.999898
1743735746.894513 87.221652 0.464309 0.876648 -0.002001 0.001625 -0.016095 0.999867
1743735746.998513 88.362455 0.425987 0.893145 -0.002010 0.000667 -0.017965 0.999836
1743735747.102531 89.448359 0.367989 0.913254 -0.002203 -0.000542 -0.020352 0.999790
1743735747.206511 90.622076 0.332773 0.929941 -0.002250 -0.000612 -0.021621 0.999764
1743735747.310510 91.804654 0.285351 0.946696 -0.001337 -0.000055 -0.022826 0.999739
1743735747.414510 92.982613 0.228402 0.963430 -0.001027 0.000683 -0.024345 0.999703
1743735747.518515 94.135242 0.174691 0.977484 -0.000663 0.001573 -0.025466 0.999674
1743735747.622512 95.312241 0.128899 0.988780 0.000154 0.002048 -0.026814 0.999638
1743735747.726510 96.441541 0.062225 1.002855 0.000754 0.001068 -0.027800 0.999613
1743735747.830513 97.597257 -0.005594 1.017683 0.001353 -0.000704 -0.028916 0.999581
1743735747.934525 98.786620 -0.072439 1.030096 0.001024 -0.002162 -0.030006 0.999547
1743735748.038511 99.950426 -0.136525 1.049300 0.000989 -0.002678 -0.030792 0.999522
1743735748.142509 101.115490 -0.199734 1.067980 0.000931 -0.002338 -0.031239 0.999509
1743735748.246510 102.258331 -0.265114 1.088081 0.000901 -0.001400 -0.031064 0.999516
1743735748.350511 103.454179 -0.334888 1.108903 0.001214 -0.000667 -0.030239 0.999542
1743735748.454513 104.650876 -0.396808 1.121862 0.001057 -0.000223 -0.029333 0.999569
1743735748.558513 105.826058 -0.463465 1.138864 0.000927 0.000052 -0.028000 0.999607
1743735748.662389 107.047706 -0.520212 1.151992 0.000569 0.000050 -0.026597 0.999646
1743735748.766389 108.226536 -0.576451 1.164563 -0.000115 -0.000123 -0.024629 0.999697
1743735748.870386 109.447684 -0.620746 1.181165 -0.000129 -0.000005 -0.022681 0.999743
1743735748.974279 110.666460 -0.667435 1.192903 -0.000436 0.000535 -0.020819 0.999783
1743735749.078264 111.875510 -0.707722 1.211735 -0.000536 0.001016 -0.018573 0.999827
1743735749.182138 113.111708 -0.747868 1.225105 -0.000574 0.001280 -0.016424 0.999864
1743735749.286158 114.326729 -0.772477 1.239887 -0.000806 0.001415 -0.013901 0.999902
1743735749.390138 115.554636 -0.795629 1.251534 -0.001224 0.001355 -0.011423 0.999933
1743735749.494008 116.786143 -0.818925 1.264809 -0.001526 0.001179 -0.009074 0.999957
1743735749.598018 118.010060 -0.822460 1.280828 -0.001950 0.000900 -0.006617 0.999976
1743735749.702018 119.248147 -0.827508 1.294217 -0.002826 0.000776 -0.004975 0.999983
1743735749.806008 120.505352 -0.818462 1.301056 -0.003859 0.000803 -0.003540 0.999986
1743735749.910018 121.748841 -0.822497 1.322872 -0.004452 0.000798 -0.003020 0.999985
1743735750.014138 122.985238 -0.829880 1.337727 -0.005491 0.000864 -0.002663 0.999981
1743735750.118138 124.208270 -0.825029 1.348208 -0.006205 0.001268 -0.002037 0.999978
1743735750.222138 125.465766 -0.824911 1.371211 -0.006472 0.001534 -0.001876 0.999976
1743735750.326138 126.710605 -0.818236 1.380793 -0.008038 0.002523 -0.001348 0.999964
1743735750.430138 127.975349 -0.808764 1.377572 -0.008642 0.003887 -0.000814 0.999955
1743735750.534138 129.229733 -0.812548 1.391334 -0.007632 0.004084 -0.000710 0.999962
1743735750.638158 130.474539 -0.796293 1.404011 -0.008105 0.003263 -0.000470 0.999962
1743735750.742008 131.739788 -0.808514 1.405488 -0.006773 0.003640 -0.000195 0.999970
1743735750.846018 132.986586 -0.793040 1.417316 -0.005194 0.004659 0.000382 0.999976
1743735750.950018 134.263277 -0.792103 1.419956 -0.003923 0.005539 0.000605 0.999977
1743735751.054018 135.528805 -0.791422 1.418633 -0.002564 0.006144 0.000539 0.999978
1743735751.158018 136.797131 -0.788339 1.431203 -0.000831 0.005310 0.000639 0.999985
1743735751.262008 138.060777 -0.784296 1.430895 0.000142 0.004743 0.000396 0.999989
1743735751.365888 139.347711 -0.783685 1.439905 0.001212 0.004761 0.000523 0.999988
1743735751.469888 140.621815 -0.777311 1.441536 0.001168 0.004831 0.000376 0.999988
1743735751.573908 141.925990 -0.777358 1.447446 0.001009 0.005725 -0.000075 0.999983
1743735751.677768 143.196268 -0.773752 1.441827 0.000055 0.006595 -0.000277 0.999978
1743735751.781758 144.470166 -0.754449 1.452469 0.000069 0.005981 -0.000609 0.999982
1743735751.885758 145.751943 -0.757660 1.455604 -0.000667 0.004830 -0.001090 0.999988
1743735751.989638 147.017081 -0.748232 1.457798 -0.000262 0.003818 -0.001165 0.999992
1743735752.093638 148.281267 -0.762418 1.476980 0.000118 0.001824 -0.001631 0.999997
1743735752.197638 149.535181 -0.758575 1.487514 -0.000069 0.000011 -0.001685 0.999999
1743735752.301518 150.821041 -0.762129 1.508484 0.000167 -0.000446 -0.001651 0.999999
1743735752.405518 152.077986 -0.750318 1.525539 0.000508 -0.000274 -0.002099 0.999998
1743735752.509518 153.349859 -0.754451 1.545181 0.000088 -0.000078 -0.001825 0.999998
1743735752.613388 154.613806 -0.758302 1.562887 0.000001 0.000461 -0.001914 0.999998
1743735752.717388 155.879752 -0.758584 1.579555 -0.000339 0.000700 -0.001578 0.999998
1743735752.821398 157.154003 -0.754096 1.599718 -0.000505 0.000618 -0.001256 0.999999
1743735752.925268 158.440918 -0.737272 1.615555 -0.000672 0.000752 -0.001123 0.999999
1743735753.029268 159.678088 -0.740692 1.633215 -0.000480 0.001301 -0.000703 0.999999
1743735753.133138 160.951690 -0.724673 1.646139 -0.000657 0.001467 -0.000515 0.999999
1743735753.237138 162.210370 -0.726341 1.664375 -0.000853 0.001067 0.000069 0.999999
1743735753.341138 163.481891 -0.720592 1.679584 -0.001279 0.000497 0.000330 0.999999
1743735753.445138 164.737289 -0.710719 1.692289 -0.001502 0.000364 0.000537 0.999999
1743735753.549018 166.003635 -0.704791 1.711076 -0.001334 0.000029 0.000894 0.999999
1743735753.653018 167.268823 -0.693699 1.731689 -0.001588 -0.000469 0.001194 0.999998
1743735753.757038 168.545266 -0.681782 1.749499 -0.001728 -0.000384 0.001675 0.999997
1743735753.861018 169.799748 -0.670713 1.767949 -0.001690 0.000297 0.001999 0.999997
1743735753.964888 171.067362 -0.658399 1.786276 -0.001722 0.000514 0.002105 0.999996
1743735754.068898 172.340893 -0.645580 1.802939 -0.001968 0.000717 0.002688 0.999994
1743735754.172768 173.610671 -0.633156 1.820977 -0.001991 0.000832 0.002748 0.999994
1743735754.276768 174.867813 -0.627078 1.837706 -0.002319 0.000452 0.003185 0.999992
1743735754.380638 176.140452 -0.614568 1.855577 -0.002872 0.000182 0.003462 0.999990
1743735754.484638 177.392293 -0.591051 1.870716 -0.002764 0.000321 0.003564 0.999990
1743735754.588648 178.665620 -0.581288 1.888910 -0.002616 -0.000204 0.003786 0.999989
1743735754.692518 179.916752 -0.561636 1.909773 -0.002168 -0.000921 0.003511 0.999991
1743735754.796518 181.174546 -0.559103 1.939924 -0.000765 -0.000808 0.003720 0.999992
1743735754.900518 182.444755 -0.541895 1.952064 -0.000798 0.000810 0.003909 0.999992
1743735755.004388 183.717005 -0.528093 1.963940 0.000255 0.003001 0.003936 0.999988
1743735755.108398 184.971041 -0.506238 1.979634 -0.000272 0.002917 0.004140 0.999987
1743735755.212398 186.219264 -0.492443 1.992563 -0.001429 0.001312 0.003701 0.999991
1743735755.316398 187.458562 -0.476796 2.010611 -0.001957 0.000385 0.003932 0.999990
1743735755.420268 188.709983 -0.466765 2.028707 -0.001567 0.000393 0.004081 0.999990
1743735755.524268 189.957748 -0.441918 2.045540 -0.001530 0.000975 0.003863 0.999991
1743735755.628268 191.200803 -0.423115 2.060887 -0.001477 0.001922 0.003994 0.999989
1743735755.732268 192.441845 -0.407725 2.078113 -0.001075 0.002419 0.003546 0.999990
1743735755.836268 193.671767 -0.401811 2.089965 -0.001102 0.002235 0.002955 0.999993
1743735755.940268 194.910042 -0.393194 2.110366 -0.000552 0.001528 0.002140 0.999996
1743735756.044148 196.139933 -0.379505 2.124285 -0.000861 0.000800 0.001489 0.999998
1743735756.148148 197.367912 -0.373436 2.145739 -0.000458 0.000486 0.000817 0.999999
1743735756.252148 198.592951 -0.368313 2.162234 -0.000585 0.000912 0.000096 0.999999
1743735756.356148 199.816849 -0.367749 2.177442 -0.000029 0.001784 -0.000424 0.999998
1743735756.460148 201.016933 -0.362954 2.196597 -0.000323 0.002111 -0.000937 0.999997
1743735756.564148 202.211548 -0.359044 2.209888 -0.000460 0.001969 -0.001716 0.999996
1743735756.668138 203.387451 -0.353802 2.226309 -0.000624 0.002177 -0.002191 0.999995
1743735756.772148 204.604476 -0.357525 2.241657 -0.000499 0.002231 -0.002715 0.999994
1743735756.876138 205.792155 -0.357332 2.258203 -0.000880 0.002162 -0.003101 0.999992
1743735756.980148 206.951549 -0.357960 2.270111 -0.000772 0.002247 -0.003544 0.999991
1743735757.084148 208.112683 -0.360807 2.287214 -0.000026 0.002324 -0.003932 0.999990
1743735757.188018 209.260713 -0.371048 2.301277 -0.000154 0.002634 -0.003937 0.999989
1743735757.292038 210.390428 -0.371551 2.318207 0.000266 0.003190 -0.003736 0.999988
1743735757.396018 211.485481 -0.371692 2.328919 0.000164 0.003148 -0.003304 0.999990
1743735757.500018 212.576907 -0.376431 2.346741 0.000016 0.002733 -0.003127 0.999991
1743735757.604018 213.677608 -0.376558 2.359933 -0.000196 0.002373 -0.003044 0.999993
1743735757.708018 214.756513 -0.380883 2.374372 -0.000102 0.002310 -0.002603 0.999994
1743735757.812018 215.834786 -0.378786 2.392447 0.000246 0.002248 -0.002057 0.999995
1743735757.915908 216.876286 -0.377012 2.405056 0.000355 0.002566 -0.001171 0.999996
1743735758.019898 217.912958 -0.378126 2.421240 0.000787 0.003320 -0.000181 0.999994
1743735758.123898 218.939848 -0.368698 2.430565 0.000959 0.004289 0.000786 0.999990
1743735758.227898 219.942585 -0.356452 2.445612 0.000719 0.004350 0.002025 0.999988
1743735758.332018 220.931537 -0.340923 2.454509 0.000458 0.004061 0.003200 0.999987
1743735758.436018 221.899914 -0.322289 2.466038 0.000516 0.004137 0.004674 0.999980
1743735758.540018 222.844172 -0.310670 2.477233 0.000362 0.004381 0.006123 0.999972
1743735758.643898 223.771265 -0.288450 2.489030 0.000214 0.004272 0.007431 0.999963
1743735758.747898 224.681048 -0.264817 2.500086 0.000255 0.003974 0.009072 0.999951
1743735758.852028 225.547913 -0.246992 2.513407 0.000341 0.003697 0.010661 0.999936
1743735758.956038 226.406540 -0.217818 2.520501 -0.000133 0.003598 0.012315 0.999918
1743735759.060018 227.233270 -0.189724 2.535426 -0.000344 0.003279 0.013736 0.999900
1743735759.164018 228.054387 -0.155845 2.544665 -0.001167 0.003210 0.014888 0.999883
1743735759.268168 228.840305 -0.122022 2.554431 -0.001608 0.003395 0.015387 0.999875
1743735759.372278 229.621913 -0.096832 2.563871 -0.001463 0.003942 0.015117 0.999877
1743735759.476268 230.371509 -0.075379 2.574151 -0.001456 0.004357 0.014957 0.999878
1743735759.580398 231.114771 -0.052317 2.583653 -0.001343 0.004172 0.014713 0.999882
1743735759.684398 231.849008 -0.027636 2.594284 -0.001779 0.003201 0.014471 0.999889
1743735759.788538 232.581478 -0.002989 2.600621 -0.001845 0.002181 0.014111 0.999896
1743735759.892648 233.319294 0.020812 2.613222 -0.001906 0.001496 0.013472 0.999906
1743735759.996658 234.031224 0.037012 2.618202 -0.002194 0.001338 0.012805 0.999915
1743735760.100768 234.749482 0.065624 2.626957 -0.001812 0.001220 0.011946 0.999926
1743735760.204898 235.472885 0.086223 2.640016 -0.001735 0.001208 0.010970 0.999938
1743735760.308898 236.188471 0.098441 2.648271 -0.001738 0.001188 0.010105 0.999947
1743735760.413018 236.896806 0.124591 2.658920 -0.001660 0.001056 0.008885 0.999959
1743735760.517028 237.591345 0.132095 2.669071 -0.001716 0.001190 0.007585 0.999969
1743735760.621148 238.306141 0.143884 2.676272 -0.001215 0.001518 0.006155 0.999979
1743735760.725148 239.008136 0.148543 2.689842 -0.000647 0.001765 0.004516 0.999988
1743735760.829268 239.688743 0.154507 2.699318 -0.000539 0.001811 0.003054 0.999994
1743735760.933398 240.394677 0.157639 2.710656 -0.000440 0.001666 0.001502 0.999997
1743735761.037398 241.073957 0.161789 2.718137 -0.000431 0.001516 0.000154 0.999999
1743735761.141528 241.763417 0.161050 2.726688 -0.000872 0.001155 -0.001348 0.999998
1743735761.245648 242.466763 0.162902 2.736722 -0.001035 0.000832 -0.002991 0.999995
1743735761.349648 243.173415 0.160192 2.740671 -0.000815 0.001309 -0.004208 0.999990
1743735761.453788 243.881570 0.157851 2.745394 -0.000938 0.001641 -0.005528 0.999983
1743735761.557898 244.591326 0.149430 2.755149 -0.000752 0.001608 -0.006531 0.999977
1743735761.661898 245.271566 0.142081 2.761274 -0.000587 0.000898 -0.007761 0.999969
1743735761.766048 245.961020 0.131884 2.769734 -0.000962 -0.000312 -0.008709 0.999962
1743735761.870148 246.672378 0.121654 2.778042 -0.000602 -0.001116 -0.009172 0.999957
1743735761.974148 247.412279 0.119025 2.784773 -0.000557 -0.001392 -0.009284 0.999956
1743735762.078148 248.127463 0.104435 2.799316 -0.000170 -0.001553 -0.009329 0.999955
1743735762.182148 248.872454 0.099848 2.811580 -0.000584 -0.001716 -0.009460 0.999954
1743735762.286278 249.614662 0.085740 2.817660 -0.000928 -0.001994 -0.009551 0.999952
1743735762.390288 250.362050 0.071264 2.830512 -0.000665 -0.002918 -0.009707 0.999948
1743735762.494278 251.125565 0.050041 2.847902 0.001393 -0.004071 -0.009917 0.999942
1743735762.598278 251.901508 0.035012 2.872036 0.002075 -0.004542 -0.010059 0.999937
1743735762.702398 252.679186 0.025188 2.878885 0.001862 -0.002657 -0.010401 0.999941
1743735762.806398 253.448003 0.017316 2.878261 -0.000357 0.000343 -0.010689 0.999943
1743735762.910398 254.242394 -0.001603 2.888477 0.000519 0.002400 -0.010897 0.999938
1743735763.014548 255.028488 -0.017766 2.897253 0.001364 0.001455 -0.012120 0.999925
1743735763.118518 255.822538 -0.034182 2.908952 0.000110 -0.001716 -0.014075 0.999899
1743735763.222648 256.643336 -0.045893 2.912279 -0.001288 -0.003769 -0.016241 0.999860
1743735763.326658 257.463389 -0.078098 2.926056 -0.001865 -0.003606 -0.017660 0.999836
1743735763.430668 258.301098 -0.114235 2.938656 -0.001207 -0.002422 -0.019101 0.999814
1743735763.534778 259.140413 -0.148756 2.951009 0.000726 -0.000857 -0.020626 0.999787
1743735763.638778 259.961249 -0.190385 2.963270 0.001972 0.000015 -0.021980 0.999756
1743735763.742918 260.807238 -0.222458 2.974639 0.002193 0.000269 -0.023616 0.999719
1743735763.846898 261.636879 -0.256383 2.987595 0.000808 -0.000639 -0.024892 0.999690
1743735763.951028 262.511728 -0.298280 3.000157 0.000512 -0.001841 -0.025923 0.999662
1743735764.055028 263.367159 -0.340243 3.011301 0.000255 -0.001997 -0.027299 0.999625
1743735764.159148 264.192955 -0.390603 3.023386 -0.000047 -0.000956 -0.028715 0.999587
1743735764.263148 265.044949 -0.431275 3.037312 -0.000441 0.000045 -0.030344 0.999539
1743735764.367168 265.871247 -0.478399 3.051170 -0.001064 0.000076 -0.031674 0.999498
1743735764.471148 266.711979 -0.530856 3.062445 -0.000945 -0.000259 -0.032928 0.999457
1743735764.575148 267.567375 -0.589189 3.077937 -0.000228 -0.000465 -0.034170 0.999416
1743735764.679158 268.388625 -0.645610 3.088683 0.001210 -0.000248 -0.035143 0.999382
1743735764.783158 269.252033 -0.702786 3.102769 0.002037 -0.000076 -0.035606 0.999364
1743735764.887158 270.097375 -0.763416 3.115596 0.002255 -0.000151 -0.035792 0.999357
1743735764.991148 270.949632 -0.823956 3.127000 0.002280 -0.000096 -0.036060 0.999347
1743735765.095038 271.818792 -0.883336 3.138361 0.002229 0.000092 -0.035976 0.999350
1743735765.199028 272.664869 -0.937868 3.148336 0.002101 0.000426 -0.035676 0.999361
1743735765.302908 273.532237 -0.997766 3.164372 0.002108 0.000059 -0.035037 0.999384
1743735765.406908 274.401222 -1.048078 3.174047 0.002181 -0.000441 -0.034263 0.999410
1743735765.510898 275.248199 -1.095076 3.188257 0.001652 -0.000791 -0.033467 0.999438
1743735765.614778 276.102585 -1.151143 3.201471 0.001238 -0.000921 -0.032744 0.999463
1743735765.718778 276.942507 -1.202283 3.215687 0.000563 -0.000995 -0.031878 0.999491
1743735765.822658 277.817976 -1.248095 3.230313 0.000313 -0.000807 -0.030832 0.999524
1743735765.926648 278.647640 -1.298350 3.246798 0.000275 -0.000026 -0.029380 0.999568
1743735766.030528 279.488011 -1.344304 3.256088 0.001190 0.001192 -0.027401 0.999623
1743735766.134528 280.346378 -1.375744 3.271848 0.001906 0.002154 -0.024943 0.999685
1743735766.238528 281.176756 -1.410257 3.281721 0.002012 0.002763 -0.022521 0.999741
1743735766.342528 281.996399 -1.439797 3.291074 0.002402 0.003083 -0.020114 0.999790
1743735766.446528 282.801274 -1.465327 3.299423 0.002578 0.003275 -0.017860 0.999832
1743735766.550648 283.585734 -1.486936 3.306008 0.003263 0.003354 -0.015539 0.999868
1743735766.654648 284.373428 -1.502348 3.318497 0.003346 0.003214 -0.013482 0.999898
1743735766.758778 285.139839 -1.521248 3.323978 0.003229 0.003107 -0.011517 0.999924
1743735766.862778 285.884589 -1.537503 3.336011 0.002872 0.003039 -0.009673 0.999944
1743735766.966798 286.600901 -1.546335 3.346831 0.003135 0.003105 -0.007812 0.999960
1743735767.070778 287.312667 -1.549478 3.356198 0.003758 0.002768 -0.005642 0.999973
1743735767.174798 288.007277 -1.549056 3.365652 0.003219 0.002026 -0.003155 0.999988
1743735767.278778 288.681683 -1.541303 3.378026 0.002322 0.001030 0.000025 0.999997
1743735767.382798 289.345832 -1.530016 3.386698 0.001954 0.000066 0.004166 0.999989
1743735767.486648 289.981798 -1.516977 3.400955 0.001980 -0.000476 0.009424 0.999954
1743735767.590658 290.624744 -1.492746 3.413083 0.001865 -0.000716 0.016094 0.999868
1743735767.694428 291.237767 -1.444033 3.432053 0.001263 -0.000406 0.024328 0.999703
1743735767.798288 291.837593 -1.385903 3.439613 0.000049 -0.000191 0.034106 0.999418
1743735767.902178 292.412781 -1.316443 3.450663 -0.000714 -0.000378 0.045171 0.998979
1743735768.005908 292.990264 -1.253088 3.461331 -0.001289 -0.000619 0.057863 0.998323
1743735768.109658 293.545916 -1.170386 3.470928 -0.001976 -0.000704 0.072047 0.997399
1743735768.213428 294.057654 -1.063670 3.478646 -0.002570 -0.000261 0.087434 0.996167
1743735768.317158 294.611056 -0.917510 3.491016 -0.002331 0.000442 0.104307 0.994542
1743735768.420898 295.122671 -0.775494 3.503677 -0.002353 0.001193 0.122485 0.992467
1743735768.524668 295.590295 -0.636877 3.512822 -0.002789 0.002177 0.141826 0.989885
1743735768.628388 296.093959 -0.432340 3.519263 -0.003329 0.003100 0.161690 0.986831
1743735768.732028 296.513555 -0.264257 3.523295 -0.003373 0.003818 0.182611 0.983172
1743735768.835778 296.991789 -0.018014 3.530044 -0.003093 0.004532 0.203920 0.978972
1743735768.939548 297.420375 0.209787 3.529043 -0.002711 0.004873 0.226184 0.974069
1743735769.043158 297.804023 0.425750 3.536256 -0.002005 0.005281 0.249562 0.968342
1743735769.146928 298.227895 0.729352 3.540285 -0.001308 0.005842 0.273480 0.961859
1743735769.250668 298.605966 1.011781 3.542352 -0.000974 0.006514 0.298055 0.954526
1743735769.354528 298.918012 1.277865 3.541590 -0.001314 0.006460 0.323203 0.946307
1743735769.458278 299.294441 1.635535 3.543207 -0.000572 0.006428 0.348732 0.937200
1743735769.562028 299.573674 1.933669 3.542375 0.000806 0.007670 0.375248 0.926893
1743735769.665778 299.913593 2.316439 3.550835 0.002676 0.010280 0.402666 0.915286
1743735769.769428 300.172386 2.668795 3.552815 0.003780 0.012028 0.430897 0.902313
1743735769.873178 300.336511 2.992031 3.558429 0.002587 0.012743 0.459287 0.888193
1743735769.976908 300.588024 3.431376 3.551332 -0.000287 0.012388 0.487094 0.873262
1743735770.080788 300.762074 3.820199 3.544093 -0.002334 0.011779 0.514281 0.857537
1743735770.184528 300.853429 4.152294 3.549068 -0.003331 0.011760 0.540861 0.841023
1743735770.288278 301.024982 4.594760 3.542283 -0.003614 0.012427 0.567092 0.823553
1743735770.392158 301.066876 4.951476 3.543862 -0.003944 0.013829 0.592101 0.805735
1743735770.496028 301.187538 5.404090 3.532280 -0.004610 0.015174 0.616808 0.786954
1743735770.599798 301.223581 5.820642 3.542946 -0.004976 0.016576 0.641436 0.766981
1743735770.703658 301.252131 6.181813 3.523677 -0.006407 0.017132 0.665751 0.745950
1743735770.807548 301.212443 6.664662 3.518603 -0.007693 0.018892 0.689755 0.723755
1743735770.911288 301.161401 7.110010 3.504726 -0.009729 0.020881 0.713384 0.700394
1743735771.015198 301.147965 7.504324 3.493922 -0.011758 0.023010 0.736543 0.675897
1743735771.119038 300.987970 8.000639 3.475618 -0.013764 0.024784 0.758768 0.650744
1743735771.222908 300.915246 8.427976 3.461768 -0.015021 0.026881 0.780247 0.624714
1743735771.326788 300.696115 8.918126 3.442059 -0.015869 0.028602 0.800424 0.598542
1743735771.430678 300.498360 9.378404 3.422419 -0.016055 0.029730 0.819558 0.571999
1743735771.534688 300.333006 9.807774 3.402854 -0.015686 0.030186 0.837532 0.545328
1743735771.638678 300.025909 10.294445 3.373547 -0.015405 0.030146 0.853892 0.519349
1743735771.742818 299.778374 10.720651 3.348537 -0.015227 0.030132 0.869026 0.493613
1743735771.846908 299.410218 11.198898 3.321569 -0.015317 0.030000 0.882255 0.469565
1743735771.951158 299.022288 11.658486 3.286154 -0.015804 0.030168 0.893932 0.446908
1743735772.055408 298.651320 12.114089 3.254881 -0.016100 0.031979 0.904380 0.425223
1743735772.159538 298.196271 12.616681 3.233606 -0.016283 0.035568 0.914431 0.402847
1743735772.263788 297.756949 13.051231 3.201789 -0.016783 0.038513 0.924212 0.379561
1743735772.367908 297.185849 13.510560 3.166496 -0.016977 0.039667 0.933195 0.356770
1743735772.472158 296.665274 13.927165 3.123294 -0.015962 0.038368 0.941349 0.334865
1743735772.576408 296.026627 14.374570 3.105686 -0.013995 0.037202 0.948729 0.313583
1743735772.680528 295.392385 14.781687 3.054234 -0.011920 0.035226 0.955465 0.292751
1743735772.784808 294.742055 15.182530 3.043620 -0.010140 0.033923 0.961551 0.272333
1743735772.889028 294.005207 15.581769 2.998555 -0.010164 0.033385 0.967000 0.252376
1743735772.993158 293.273296 15.942439 2.974025 -0.010349 0.032119 0.972110 0.232086
1743735773.097408 292.465750 16.300340 2.953819 -0.009804 0.031407 0.976757 0.211811
1743735773.201538 291.675514 16.619009 2.924851 -0.009678 0.032898 0.980963 0.191144
1743735773.305668 290.806247 16.935913 2.917619 -0.009844 0.034769 0.984627 0.170890
1743735773.409908 289.920003 17.223050 2.876024 -0.010681 0.034910 0.987829 0.151198
1743735773.514038 289.012581 17.473949 2.855874 -0.011349 0.037063 0.990514 0.131835
1743735773.618158 288.066323 17.688821 2.825179 -0.011485 0.037113 0.992800 0.113307
1743735773.722278 287.091585 17.887839 2.809069 -0.009757 0.035736 0.994739 0.095505
1743735773.826408 286.079904 18.048892 2.788425 -0.008511 0.035653 0.996215 0.078823
1743735773.930658 285.039729 18.189529 2.769236 -0.008514 0.035396 0.997358 0.062856
1743735774.034788 283.969511 18.285840 2.747547 -0.008684 0.034545 0.998255 0.047089
1743735774.139048 282.879650 18.349471 2.734477 -0.008233 0.033970 0.998854 0.032699
1743735774.243168 281.763193 18.398129 2.720536 -0.008182 0.033949 0.999204 0.019298
1743735774.347408 280.621393 18.419240 2.705002 -0.008835 0.032934 0.999396 0.006737
1743735774.451538 279.435381 18.411100 2.684001 -0.009313 0.032344 0.999421 -0.005066
1743735774.555788 278.261133 18.387322 2.671439 -0.009007 0.031121 0.999356 -0.015425
1743735774.660038 277.050946 18.327429 2.658543 -0.007783 0.028882 0.999266 -0.023935
1743735774.764308 275.851204 18.237122 2.649287 -0.007177 0.026131 0.999179 -0.030103
1743735774.868658 274.635380 18.148765 2.639516 -0.008013 0.024077 0.999099 -0.034011
1743735774.972908 273.368709 18.051801 2.628162 -0.008745 0.022418 0.999072 -0.035734
1743735775.077158 272.105845 17.936234 2.622070 -0.008147 0.021400 0.999081 -0.036237
1743735775.181568 270.816368 17.837596 2.608626 -0.007427 0.019989 0.999156 -0.035120
1743735775.285668 269.539973 17.739710 2.598267 -0.007870 0.019753 0.999203 -0.033768
1743735775.389908 268.205112 17.649581 2.586596 -0.008294 0.019543 0.999246 -0.032510
1743735775.494038 266.875688 17.562417 2.578215 -0.008659 0.019075 0.999309 -0.030692
1743735775.598298 265.556247 17.471112 2.565101 -0.009374 0.018368 0.999390 -0.028178
1743735775.702418 264.198602 17.396429 2.555871 -0.010611 0.018259 0.999454 -0.025392
1743735775.806538 262.863641 17.321551 2.543525 -0.011513 0.017876 0.999517 -0.022653
1743735775.910538 261.532167 17.255515 2.536140 -0.011587 0.017788 0.999573 -0.020102
1743735776.014668 260.200241 17.205436 2.521705 -0.011255 0.017056 0.999640 -0.017414
1743735776.118668 258.858647 17.144868 2.511263 -0.010802 0.016350 0.999699 -0.014756
1743735776.222668 257.505719 17.103903 2.503156 -0.010553 0.015741 0.999748 -0.012011
1743735776.326658 256.162957 17.067012 2.487019 -0.011784 0.015502 0.999765 -0.009532
1743735776.430668 254.807271 17.044987 2.470031 -0.013349 0.016194 0.999754 -0.007233
1743735776.534688 253.445359 17.024549 2.456280 -0.013322 0.016455 0.999764 -0.004918
1743735776.638538 252.090721 17.011109 2.439314 -0.012948 0.016900 0.999768 -0.003161
1743735776.742538 250.707520 16.997655 2.419777 -0.012695 0.017050 0.999773 -0.001673
1743735776.846418 249.365272 16.988020 2.410319 -0.011092 0.017030 0.999793 -0.000461
1743735776.950288 247.995229 16.982698 2.398199 -0.009886 0.016531 0.999814 0.000670
1743735777.054158 246.610586 16.979538 2.380847 -0.010796 0.016465 0.999805 0.001802
1743735777.157918 245.247536 16.985700 2.369191 -0.011928 0.016929 0.999782 0.002718
1743735777.261788 243.913818 16.988970 2.353121 -0.011995 0.016973 0.999778 0.003342
1743735777.365538 242.521899 16.990273 2.338750 -0.012193 0.017619 0.999765 0.003220
1743735777.469408 241.146292 16.989864 2.317349 -0.012138 0.017791 0.999763 0.003031
1743735777.573168 239.766298 16.991460 2.309638 -0.011362 0.018782 0.999755 0.002863
1743735777.676918 238.385069 16.996386 2.290980 -0.010268 0.019351 0.999757 0.002330
1743735777.780668 236.982181 16.997888 2.279352 -0.010747 0.019921 0.999742 0.001608
1743735777.884438 235.576890 16.995262 2.265802 -0.012411 0.020576 0.999710 0.001308
1743735777.988168 234.191945 16.986298 2.250836 -0.012828 0.019923 0.999719 0.000781
1743735778.092038 232.794880 16.981404 2.226063 -0.013096 0.019133 0.999731 0.000412
1743735778.195788 231.406095 16.971346 2.213132 -0.013077 0.018391 0.999745 -0.000042
1743735778.299538 229.995002 16.957542 2.190754 -0.012845 0.017508 0.999764 -0.000424
1743735778.403288 228.564034 16.952530 2.175226 -0.012014 0.017847 0.999768 -0.000425
1743735778.507038 227.162441 16.943141 2.159909 -0.011123 0.017595 0.999783 -0.000631
1743735778.610788 225.738816 16.932451 2.143631 -0.011401 0.018406 0.999765 -0.000744
1743735778.714658 224.327353 16.924409 2.132348 -0.011942 0.018280 0.999761 -0.000709
1743735778.818418 222.910546 16.915213 2.118735 -0.012321 0.018110 0.999760 -0.000848
1743735778.922168 221.465021 16.896687 2.095574 -0.012720 0.017615 0.999763 -0.001202
1743735779.025918 220.073616 16.908025 2.084625 -0.012773 0.018064 0.999755 -0.000340
1743735779.129538 218.610590 16.887820 2.064678 -0.012041 0.017743 0.999770 -0.000798
1743735779.233288 217.173883 16.878373 2.052320 -0.012430 0.018489 0.999752 -0.000746
1743735779.337048 215.733387 16.868515 2.027975 -0.013233 0.018942 0.999733 -0.000996
1743735779.440788 214.292229 16.855463 2.010270 -0.012898 0.019233 0.999731 -0.001109
1743735779.544428 212.833288 16.841328 1.999451 -0.011618 0.019069 0.999750 -0.000875
1743735779.648168 211.388370 16.835690 1.978133 -0.011483 0.019005 0.999753 -0.001050
1743735779.751918 209.931217 16.823168 1.961813 -0.011852 0.019478 0.999740 -0.000960
1743735779.855668 208.472625 16.802853 1.951068 -0.010895 0.018772 0.999764 -0.001135
1743735779.959428 207.013988 16.789385 1.934968 -0.011452 0.018488 0.999763 -0.001176
1743735780.063168 205.527062 16.786449 1.914631 -0.012670 0.018231 0.999753 -0.000989
1743735780.166918 204.071724 16.766013 1.898076 -0.012663 0.017877 0.999759 -0.001131
1743735780.270688 202.600988 16.758965 1.884316 -0.012396 0.018458 0.999752 -0.001137
1743735780.374428 201.120494 16.747428 1.869315 -0.012169 0.018501 0.999754 -0.001060
1743735780.478188 199.654351 16.733263 1.856804 -0.013069 0.018886 0.999736 -0.000952
1743735780.581918 198.186125 16.728021 1.832952 -0.014452 0.018671 0.999721 -0.000436
1743735780.685688 196.725657 16.723270 1.818349 -0.014725 0.018264 0.999725 -0.000030
1743735780.789538 195.272172 16.717170 1.798535 -0.014572 0.017629 0.999738 0.000571
1743735780.893298 193.822403 16.711711 1.777930 -0.014834 0.017054 0.999744 0.001159
1743735780.997058 192.371642 16.714819 1.754075 -0.014692 0.017309 0.999741 0.001478
1743735781.100918 190.918419 16.700346 1.737996 -0.014002 0.017894 0.999740 0.001767
1743735781.204668 189.456621 16.699630 1.720122 -0.013873 0.017965 0.999740 0.002222
1743735781.308418 188.000866 16.695643 1.702840 -0.014193 0.017936 0.999736 0.002335
1743735781.412168 186.549602 16.702496 1.684159 -0.013929 0.017732 0.999742 0.002830
1743735781.515918 185.108472 16.705037 1.668090 -0.014341 0.017661 0.999736 0.003111
1743735781.619668 183.672218 16.705955 1.642937 -0.015242 0.017661 0.999722 0.003447
1743735781.723438 182.220986 16.707416 1.627864 -0.015553 0.017789 0.999712 0.004205
1743735781.827288 180.783253 16.717159 1.605346 -0.014853 0.017572 0.999723 0.004965
1743735781.931048 179.361254 16.720810 1.589365 -0.014322 0.017360 0.999729 0.006036
1743735782.034788 177.933759 16.735012 1.567446 -0.015086 0.017644 0.999705 0.007195
1743735782.138548 176.519331 16.746862 1.545895 -0.016075 0.018307 0.999670 0.008116
1743735782.242298 175.091027 16.773405 1.527841 -0.015578 0.018754 0.999661 0.009093
1743735782.346048 173.718454 16.795102 1.505800 -0.015639 0.018710 0.999652 0.010064
1743735782.449798 172.352562 16.818237 1.490445 -0.016283 0.019041 0.999625 0.011071
1743735782.553548 170.967193 16.840373 1.466272 -0.017013 0.018855 0.999602 0.012245
1743735782.657298 169.614282 16.868503 1.449110 -0.017636 0.019465 0.999568 0.013215
1743735782.761078 168.288120 16.899090 1.429350 -0.017244 0.019506 0.999563 0.013986
1743735782.864788 166.965465 16.933122 1.413388 -0.017393 0.019760 0.999544 0.014813
1743735782.968418 165.690308 16.955734 1.392354 -0.018694 0.019672 0.999517 0.015176
1743735783.072178 164.413168 16.988299 1.371716 -0.018768 0.019747 0.999509 0.015475
1743735783.175918 163.194642 17.021215 1.358412 -0.017886 0.019551 0.999529 0.015467
1743735783.279678 161.991890 17.055494 1.332621 -0.017470 0.018952 0.999551 0.015294
1743735783.383308 160.789674 17.091111 1.321440 -0.017629 0.019630 0.999534 0.015372
1743735783.487048 159.645263 17.115374 1.305718 -0.017540 0.019722 0.999535 0.015245
1743735783.590668 158.527016 17.148001 1.288218 -0.018037 0.019427 0.999534 0.015144
1743735783.694428 157.411366 17.167150 1.273365 -0.019028 0.019780 0.999512 0.014896
1743735783.798168 156.308419 17.191248 1.256228 -0.019445 0.019590 0.999516 0.014359
1743735783.901918 155.263467 17.216979 1.242238 -0.019049 0.018922 0.999536 0.014348
1743735784.005668 154.234642 17.232739 1.225086 -0.018468 0.019143 0.999550 0.013900
1743735784.109548 153.234893 17.262624 1.213278 -0.017919 0.019440 0.999555 0.013803
1743735784.213298 152.243358 17.277491 1.195309 -0.017969 0.018749 0.999572 0.013476
1743735784.317168 151.307373 17.300403 1.184638 -0.018519 0.019276 0.999555 0.013218
1743735784.420918 150.377033 17.312753 1.170820 -0.018738 0.019195 0.999556 0.012954
1743735784.524798 149.484230 17.330932 1.155394 -0.018989 0.019501 0.999546 0.012928
1743735784.628548 148.623498 17.350968 1.144209 -0.019228 0.019551 0.999545 0.012557
1743735784.732418 147.745214 17.365788 1.127996 -0.019008 0.018812 0.999570 0.012048
1743735784.836298 146.896706 17.374693 1.116210 -0.017765 0.019166 0.999589 0.011763
1743735784.940168 146.057367 17.396642 1.102328 -0.016581 0.020763 0.999581 0.011507
1743735785.044048 145.226003 17.412457 1.088687 -0.016243 0.021483 0.999572 0.011411
1743735785.147918 144.433840 17.427606 1.075737 -0.016423 0.020951 0.999582 0.011299
1743735785.251798 143.640047 17.439026 1.066009 -0.016035 0.021095 0.999586 0.011168
1743735785.355798 142.873826 17.455371 1.056245 -0.015174 0.022137 0.999579 0.011018
1743735785.459798 142.126150 17.474600 1.044622 -0.014958 0.022466 0.999574 0.011102
1743735785.563668 141.366850 17.482996 1.035703 -0.015283 0.022319 0.999571 0.011247
1743735785.667668 140.637470 17.501205 1.024274 -0.015673 0.022474 0.999558 0.011533
1743735785.771688 139.883117 17.518136 1.020583 -0.015484 0.022890 0.999549 0.011778
1743735785.875668 139.174746 17.530814 1.008738 -0.014949 0.023525 0.999540 0.011925
1743735785.979688 138.445382 17.548326 0.999250 -0.014470 0.024083 0.999533 0.012016
1743735786.083688 137.727592 17.566603 0.990329 -0.013520 0.024688 0.999529 0.012263
1743735786.187668 137.027410 17.580465 0.986339 -0.012320 0.024932 0.999537 0.012334
1743735786.291678 136.314197 17.595040 0.980891 -0.011222 0.025501 0.999531 0.012681
1743735786.395668 135.605612 17.614098 0.974938 -0.010179 0.024717 0.999560 0.012870
1743735786.499678 134.906492 17.628382 0.968536 -0.009473 0.023615 0.999590 0.013157
1743735786.603678 134.211758 17.642107 0.952062 -0.009840 0.024159 0.999569 0.013460
1743735786.707668 133.524392 17.668973 0.962968 -0.011486 0.026024 0.999504 0.013519
1743735786.811798 132.828943 17.686605 0.963215 -0.011407 0.024064 0.999553 0.013616
1743735786.915798 132.151120 17.689534 0.957472 -0.010340 0.021132 0.999627 0.013866
1743735787.019798 131.468029 17.702898 0.942978 -0.007648 0.020166 0.999674 0.013684
1743735787.123798 130.778765 17.705699 0.953301 -0.004316 0.021265 0.999670 0.013782
1743735787.227798 130.080104 17.730788 0.946943 -0.003216 0.019640 0.999709 0.013612
1743735787.331798 129.363444 17.742136 0.945018 -0.004141 0.017006 0.999758 0.013305
1743735787.435818 128.637593 17.749759 0.942572 -0.005850 0.015770 0.999777 0.012778
1743735787.539798 127.903151 17.760537 0.942369 -0.007431 0.014943 0.999788 0.012021
1743735787.643798 127.169286 17.770763 0.943181 -0.007902 0.014929 0.999796 0.011083
1743735787.747798 126.413344 17.785943 0.942150 -0.007431 0.014930 0.999815 0.009635
1743735787.851798 125.665521 17.783638 0.935111 -0.006617 0.014155 0.999846 0.008025
1743735787.955798 124.876214 17.791745 0.925977 -0.006692 0.013221 0.999870 0.006320
1743735788.059798 124.065443 17.801079 0.918551 -0.008304 0.012646 0.999875 0.004608
1743735788.163798 123.262052 17.793684 0.908369 -0.010778 0.012910 0.999854 0.002914
1743735788.267798 122.418663 17.788066 0.905165 -0.012188 0.013821 0.999829 0.001195
1743735788.371918 121.566935 17.790545 0.891698 -0.012371 0.014431 0.999819 -0.000527
1743735788.475928 120.693954 17.784323 0.875325 -0.011758 0.015318 0.999810 -0.002587
1743735788.579928 119.810422 17.764779 0.860083 -0.010446 0.015864 0.999809 -0.004637
1743735788.683928 118.911096 17.755253 0.848208 -0.009955 0.017004 0.999785 -0.006494
1743735788.787928 117.979397 17.733833 0.831966 -0.010184 0.017614 0.999756 -0.008621
1743735788.891928 117.048739 17.720232 0.817674 -0.011197 0.018377 0.999713 -0.010493
1743735788.995928 116.081733 17.691003 0.801463 -0.012335 0.019271 0.999656 -0.012805
1743735789.099928 115.104532 17.662771 0.789568 -0.012244 0.020738 0.999599 -0.014888
1743735789.203928 114.130141 17.622010 0.773789 -0.011192 0.021512 0.999562 -0.016952
1743735789.307928 113.122136 17.587472 0.757126 -0.009534 0.021887 0.999532 -0.019127
1743735789.411938 112.105545 17.542888 0.747829 -0.008787 0.022232 0.999495 -0.020924
1743735789.515928 111.058410 17.492889 0.730004 -0.008787 0.022364 0.999459 -0.022441
1743735789.619928 110.001576 17.437328 0.718113 -0.008519 0.022527 0.999437 -0.023362
1743735789.723928 108.928414 17.381605 0.712013 -0.007491 0.021913 0.999453 -0.023620
1743735789.827928 107.831534 17.314052 0.699726 -0.005673 0.021637 0.999465 -0.023865
1743735789.932058 106.726758 17.265461 0.703913 -0.004475 0.022319 0.999461 -0.023659
1743735790.036048 105.603384 17.211132 0.693389 -0.005995 0.023047 0.999438 -0.023602
1743735790.140048 104.440353 17.151200 0.676647 -0.009116 0.023502 0.999406 -0.023480
1743735790.244178 103.267402 17.094627 0.665259 -0.010356 0.023987 0.999390 -0.023165
1743735790.348178 102.096285 17.027433 0.655126 -0.009229 0.023048 0.999426 -0.023032
1743735790.452178 100.894771 16.965778 0.646165 -0.008472 0.022408 0.999460 -0.022508
1743735790.556178 99.686622 16.903638 0.623224 -0.008624 0.021961 0.999469 -0.022453
1743735790.660178 98.458112 16.844165 0.615892 -0.008211 0.022072 0.999475 -0.022253
1743735790.764178 97.244828 16.782217 0.607002 -0.007793 0.021895 0.999489 -0.021960
1743735790.868178 95.987780 16.731475 0.593072 -0.009320 0.022286 0.999475 -0.021586
1743735790.972178 94.716257 16.672986 0.570841 -0.010382 0.022426 0.999479 -0.020757
1743735791.076178 93.436582 16.606708 0.567053 -0.009661 0.021494 0.999524 -0.019932
1743735791.180178 92.147354 16.556234 0.543290 -0.009788 0.020922 0.999559 -0.018679
1743735791.284178 90.818848 16.507631 0.515641 -0.009000 0.020638 0.999596 -0.017364
1743735791.388178 89.487738 16.448253 0.523774 -0.004523 0.020150 0.999660 -0.015919
1743735791.492048 88.150589 16.387522 0.519624 -0.002762 0.019698 0.999696 -0.014588
1743735791.596068 86.767895 16.350991 0.506058 -0.006362 0.020482 0.999681 -0.013345
1743735791.700058 85.360940 16.325395 0.491315 -0.009773 0.021038 0.999658 -0.012096
1743735791.804058 83.956667 16.282352 0.475268 -0.010160 0.020019 0.999693 -0.010515
1743735791.908058 82.556755 16.244666 0.457488 -0.009231 0.019200 0.999728 -0.009513
1743735792.011928 81.099335 16.205761 0.441560 -0.008751 0.019193 0.999744 -0.008242
1743735792.115928 79.669975 16.185367 0.422886 -0.008888 0.019663 0.999740 -0.007379
1743735792.219798 78.214414 16.158640 0.414782 -0.008929 0.020210 0.999735 -0.006538
1743735792.323808 76.732949 16.132344 0.395446 -0.009913 0.020324 0.999730 -0.005393
1743735792.427698 75.248068 16.115073 0.384521 -0.011014 0.020129 0.999727 -0.004494
1743735792.531548 73.772947 16.086492 0.366309 -0.012457 0.019306 0.999731 -0.003288
1743735792.635428 72.300890 16.073953 0.343786 -0.014120 0.019029 0.999716 -0.002494
1743735792.739298 70.844506 16.058550 0.328606 -0.014760 0.019387 0.999702 -0.001561
1743735792.843178 69.361413 16.048234 0.312696 -0.014078 0.019121 0.999718 -0.000804
1743735792.947058 67.889493 16.035670 0.294451 -0.013757 0.019322 0.999719 -0.000251
1743735793.050808 66.419280 16.038050 0.275694 -0.013790 0.019486 0.999715 0.000049
1743735793.154698 64.933640 16.026711 0.254183 -0.014265 0.018872 0.999720 0.000458
1743735793.258558 63.468194 16.023574 0.235463 -0.014077 0.019023 0.999720 0.000591
1743735793.362308 61.996401 16.017130 0.222601 -0.012746 0.018711 0.999743 0.000969
1743735793.466178 60.554205 16.012698 0.206332 -0.013259 0.019002 0.999731 0.001132
1743735793.569928 59.076477 16.015703 0.184394 -0.015500 0.019430 0.999691 0.001035
1743735793.673678 57.573230 16.013763 0.161175 -0.016939 0.019916 0.999658 0.001016
1743735793.777548 56.132399 16.009024 0.133278 -0.016523 0.019576 0.999672 0.000606
1743735793.881298 54.689888 16.004626 0.108133 -0.014761 0.019651 0.999698 0.000243
1743735793.985078 53.218820 15.997726 0.089590 -0.013045 0.018644 0.999741 -0.000199
1743735794.088928 51.785994 15.991202 0.070870 -0.012738 0.018788 0.999742 -0.000684
1743735794.192678 50.299372 15.977209 0.058284 -0.013475 0.018483 0.999738 -0.000937
1743735794.296558 48.864413 15.972152 0.039135 -0.014883 0.019236 0.999703 -0.001277
1743735794.400308 47.407868 15.960471 0.017644 -0.016688 0.018996 0.999679 -0.001634
1743735794.504178 45.954973 15.952597 -0.007625 -0.016684 0.018260 0.999693 -0.001641
1743735794.607928 44.505602 15.921272 -0.027810 -0.014562 0.017996 0.999730 -0.002003
1743735794.711798 43.073886 15.908408 -0.046910 -0.012835 0.017741 0.999759 -0.001512
1743735794.815578 41.618156 15.898316 -0.063259 -0.013013 0.018131 0.999750 -0.001673
1743735794.919298 40.181694 15.893315 -0.077523 -0.014534 0.018879 0.999715 -0.001463
1743735795.023178 38.733387 15.886656 -0.092971 -0.015322 0.018889 0.999704 -0.001144
1743735795.126928 37.302810 15.874713 -0.113474 -0.014548 0.017921 0.999733 -0.000966
1743735795.230688 35.884656 15.865019 -0.135288 -0.014179 0.016844 0.999757 -0.000559
1743735795.334558 34.431239 15.856063 -0.154456 -0.013797 0.016613 0.999767 -0.000214
1743735795.438308 33.008753 15.852990 -0.168611 -0.013296 0.016866 0.999769 -0.000099
1743735795.542058 31.566479 15.841107 -0.184263 -0.013236 0.017759 0.999755 -0.000009
1743735795.645808 30.160103 15.837775 -0.196098 -0.013933 0.019055 0.999721 -0.000053
1743735795.749678 28.738024 15.833876 -0.216351 -0.014410 0.019480 0.999706 -0.000132
1743735795.853428 27.314167 15.821154 -0.228866 -0.013763 0.019390 0.999717 -0.000053
1743735795.957198 25.922380 15.818152 -0.249247 -0.013702 0.018427 0.999736 0.000116
1743735796.060938 24.496757 15.807433 -0.264764 -0.013810 0.017584 0.999750 0.000250
1743735796.164678 23.084988 15.806660 -0.279536 -0.013721 0.016985 0.999761 0.000464
1743735796.268448 21.700419 15.797985 -0.298592 -0.014351 0.016974 0.999753 0.000592
1743735796.372178 20.314836 15.801540 -0.310799 -0.014661 0.017223 0.999744 0.000777
1743735796.475928 18.933984 15.795518 -0.328065 -0.014904 0.018018 0.999726 0.000774
1743735796.579688 17.554100 15.791501 -0.346949 -0.015473 0.018314 0.999712 0.000864
1743735796.683558 16.146559 15.789260 -0.362312 -0.014220 0.018084 0.999735 0.001029
1743735796.787308 14.792098 15.776651 -0.378538 -0.012018 0.016694 0.999788 0.001108
1743735796.891058 13.425288 15.765200 -0.393049 -0.011035 0.014767 0.999829 0.001083
1743735796.994808 12.049262 15.754573 -0.409303 -0.011906 0.013181 0.999842 0.001131
1743735797.098558 10.660997 15.751473 -0.424032 -0.013336 0.012738 0.999830 0.000895
1743735797.202308 9.307108 15.752248 -0.439642 -0.014155 0.013492 0.999808 0.000972
1743735797.306068 7.911349 15.750317 -0.458664 -0.015377 0.015652 0.999759 0.000666
1743735797.409808 6.568230 15.759317 -0.477855 -0.016258 0.018046 0.999705 0.000618
1743735797.513578 5.217349 15.755572 -0.494607 -0.015826 0.019229 0.999690 0.000685
1743735797.617428 3.854867 15.746428 -0.517398 -0.014617 0.019595 0.999701 0.000443
1743735797.721188 2.477602 15.734629 -0.535768 -0.013416 0.019138 0.999727 0.000739
1743735797.824938 1.099987 15.730707 -0.556890 -0.013040 0.017878 0.999755 0.000655
1743735797.928808 -0.272491 15.726659 -0.578199 -0.013294 0.017373 0.999760 0.000723
1743735798.032578 -1.649210 15.715390 -0.595582 -0.013098 0.017105 0.999767 0.001042
1743735798.136458 -3.026534 15.707325 -0.608700 -0.012184 0.016984 0.999781 0.001006
1743735798.240208 -4.421447 15.699764 -0.624079 -0.011963 0.016682 0.999789 0.000933
1743735798.343938 -5.807612 15.703993 -0.641225 -0.012330 0.016730 0.999783 0.001192
1743735798.447808 -7.190968 15.690637 -0.654817 -0.012108 0.015963 0.999799 0.001140
1743735798.551558 -8.594221 15.687205 -0.667725 -0.012290 0.014732 0.999815 0.001503
1743735798.655428 -9.979996 15.675621 -0.695162 -0.013629 0.013882 0.999810 0.001396
1743735798.759188 -11.370792 15.677130 -0.716556 -0.013722 0.013603 0.999812 0.001683
1743735798.862968 -12.784740 15.677906 -0.724611 -0.012128 0.012424 0.999847 0.002033
1743735798.966808 -14.165745 15.657204 -0.743466 -0.011513 0.011934 0.999861 0.001653
1743735799.070568 -15.561263 15.658090 -0.766822 -0.012119 0.012475 0.999848 0.001517
1743735799.174308 -16.991467 15.654216 -0.777742 -0.011088 0.011740 0.999868 0.001609
1743735799.278188 -18.391766 15.655530 -0.783152 -0.009278 0.010464 0.999902 0.001177
1743735799.381938 -19.822121 15.659726 -0.790283 -0.008821 0.010348 0.999907 0.001362
1743735799.485708 -21.261454 15.641115 -0.805782 -0.009705 0.011251 0.999889 0.001198
1743735799.589558 -22.667828 15.648435 -0.814818 -0.010174 0.012665 0.999868 0.000879
1743735799.693308 -24.086960 15.645097 -0.817417 -0.010009 0.013452 0.999859 0.000717
1743735799.797058 -25.517301 15.638241 -0.841164 -0.009783 0.013497 0.999861 0.000438
1743735799.900808 -26.945341 15.631694 -0.835107 -0.008996 0.012768 0.999878 0.000422
1743735800.004568 -28.365608 15.623933 -0.848323 -0.009454 0.011532 0.999889 0.000448
1743735800.108438 -29.797747 15.624347 -0.864635 -0.011442 0.012410 0.999858 -0.000066
1743735800.212188 -31.200254 15.618975 -0.872996 -0.011756 0.013429 0.999841 -0.000035
1743735800.315938 -32.644148 15.604386 -0.880847 -0.011080 0.014366 0.999835 -0.000556
1743735800.419688 -34.061389 15.596196 -0.895081 -0.011343 0.015453 0.999816 -0.000862
1743735800.523558 -35.487458 15.592159 -0.909154 -0.011994 0.016439 0.999792 -0.000968
1743735800.627308 -36.937887 15.593811 -0.920101 -0.012105 0.017222 0.999778 -0.001329
1743735800.731058 -38.342893 15.586680 -0.930128 -0.012308 0.018197 0.999758 -0.001210
1743735800.834938 -39.773852 15.574292 -0.944528 -0.012993 0.019112 0.999732 -0.001553
1743735800.938688 -41.193127 15.565801 -0.967023 -0.013469 0.020668 0.999694 -0.001591
1743735801.042438 -42.596542 15.555129 -0.969957 -0.011922 0.021467 0.999697 -0.001510
1743735801.146188 -44.007601 15.545101 -0.979295 -0.009366 0.022049 0.999712 -0.001705
1743735801.249938 -45.416954 15.539394 -0.984065 -0.008930 0.022374 0.999708 -0.001824
1743735801.353808 -46.823643 15.538384 -0.994496 -0.010319 0.023064 0.999679 -0.001774
1743735801.457558 -48.233313 15.520689 -1.004406 -0.010772 0.022701 0.999683 -0.001869
1743735801.561308 -49.616486 15.511293 -1.011914 -0.010321 0.022304 0.999697 -0.001491
1743735801.665058 -51.039058 15.499185 -1.018778 -0.010223 0.022123 0.999701 -0.001803
1743735801.768938 -52.434936 15.488178 -1.031762 -0.010900 0.022517 0.999685 -0.001795
1743735801.872688 -53.816834 15.476497 -1.035455 -0.009793 0.022274 0.999703 -0.001200
1743735801.976438 -55.225865 15.464041 -1.046494 -0.009313 0.021580 0.999723 -0.000915
1743735802.080308 -56.661750 15.454740 -1.053932 -0.009976 0.021771 0.999713 -0.000627
1743735802.184068 -58.059860 15.456854 -1.061097 -0.009948 0.022312 0.999702 0.000047
1743735802.287938 -59.445951 15.447040 -1.065288 -0.009307 0.022533 0.999703 0.000363
1743735802.391688 -60.851243 15.441771 -1.073454 -0.009225 0.022354 0.999707 0.000921
1743735802.495558 -62.253234 15.437167 -1.081313 -0.009754 0.022375 0.999701 0.001160
1743735802.599318 -63.655076 15.429965 -1.085427 -0.009984 0.021813 0.999711 0.001613
1743735802.703188 -65.068063 15.430653 -1.096782 -0.010191 0.021276 0.999719 0.002154
1743735802.806938 -66.459722 15.431836 -1.100274 -0.010274 0.021307 0.999717 0.002331
1743735802.910818 -67.846501 15.432884 -1.112061 -0.010269 0.021406 0.999715 0.002558
1743735803.014558 -69.250711 15.431432 -1.116096 -0.009773 0.021951 0.999708 0.002672
1743735803.118438 -70.637429 15.426151 -1.118985 -0.008538 0.021817 0.999723 0.002417
1743735803.222188 -72.014871 15.428117 -1.121320 -0.008307 0.021813 0.999725 0.002404
1743735803.326068 -73.418307 15.430989 -1.125912 -0.008877 0.022444 0.999707 0.002029
1743735803.429808 -74.787015 15.431869 -1.125411 -0.009837 0.023163 0.999682 0.001756
1743735803.533568 -76.160848 15.434489 -1.135511 -0.011041 0.023872 0.999653 0.001207
1743735803.637438 -77.543306 15.426282 -1.139822 -0.010831 0.024544 0.999640 0.000584
1743735803.741188 -78.894596 15.426049 -1.141522 -0.008899 0.023814 0.999677 0.000442
1743735803.844958 -80.266368 15.416971 -1.145367 -0.007638 0.022847 0.999710 0.000169
1743735803.948818 -81.637653 15.411071 -1.148379 -0.008363 0.022170 0.999719 0.000063
1743735804.052688 -83.000507 15.406622 -1.153145 -0.010744 0.022926 0.999679 0.000122
1743735804.156438 -84.374400 15.394726 -1.163229 -0.011974 0.023105 0.999661 -0.000019
1743735804.260308 -85.703317 15.392530 -1.175209 -0.012030 0.023566 0.999650 0.000068
1743735804.364078 -87.050655 15.386325 -1.178580 -0.011210 0.023255 0.999667 0.000370
1743735804.467938 -88.394430 15.379743 -1.189107 -0.010294 0.022853 0.999686 0.000736
1743735804.571688 -89.740223 15.378889 -1.192104 -0.009740 0.022164 0.999706 0.001315
1743735804.675438 -91.083481 15.371438 -1.200596 -0.010181 0.021689 0.999711 0.001696
1743735804.779318 -92.412504 15.368556 -1.210318 -0.011052 0.021959 0.999696 0.002040
1743735804.883068 -93.723624 15.369269 -1.214999 -0.010541 0.021749 0.999705 0.002531
1743735804.986808 -95.061190 15.368520 -1.219340 -0.009993 0.021577 0.999714 0.002698
1743735805.090568 -96.381353 15.368065 -1.224343 -0.010609 0.021521 0.999707 0.003051
1743735805.194318 -97.679487 15.376580 -1.233048 -0.011252 0.021739 0.999694 0.003612
1743735805.298188 -99.010925 15.375405 -1.242649 -0.011085 0.021471 0.999700 0.003951
1743735805.401938 -100.316177 15.381775 -1.248182 -0.011187 0.021644 0.999693 0.004434
1743735805.505688 -101.624375 15.384549 -1.257989 -0.011075 0.021640 0.999694 0.004686
1743735805.609468 -102.935788 15.389285 -1.266540 -0.011086 0.021592 0.999693 0.005006
1743735805.713338 -104.244554 15.402654 -1.273239 -0.011047 0.021817 0.999686 0.005405
1743735805.817068 -105.542661 15.411443 -1.282656 -0.010847 0.021475 0.999694 0.005682
1743735805.920818 -106.794695 15.426269 -1.288066 -0.010262 0.021463 0.999698 0.006088
1743735806.024688 -108.123640 15.432391 -1.291835 -0.009428 0.021525 0.999704 0.006337
1743735806.128438 -109.409332 15.443964 -1.297465 -0.009955 0.021542 0.999698 0.006388
1743735806.232198 -110.694561 15.461915 -1.306399 -0.011306 0.022061 0.999671 0.006558
1743735806.336068 -111.972836 15.466717 -1.309269 -0.010773 0.022142 0.999676 0.006381
1743735806.439828 -113.245262 15.477605 -1.322041 -0.010279 0.021716 0.999691 0.006325
1743735806.543688 -114.526045 15.496452 -1.326097 -0.010570 0.022228 0.999677 0.006391
1743735806.647438 -115.776883 15.504020 -1.330684 -0.010800 0.022508 0.999669 0.006142
1743735806.751208 -117.045764 15.513230 -1.338228 -0.011232 0.022664 0.999661 0.006206
1743735806.855068 -118.299359 15.523217 -1.346067 -0.011645 0.022639 0.999658 0.005910
1743735806.958938 -119.566091 15.526836 -1.351406 -0.011436 0.022612 0.999662 0.005749
1743735807.062688 -120.789208 15.540762 -1.362385 -0.011411 0.022491 0.999664 0.005912
1743735807.166448 -122.006974 15.543079 -1.366364 -0.011304 0.022493 0.999666 0.005799
1743735807.270318 -123.226327 15.551932 -1.373105 -0.011120 0.022218 0.999672 0.006195
1743735807.374198 -124.452510 15.571228 -1.380401 -0.011329 0.021671 0.999676 0.007004
1743735807.477938 -125.653913 15.581242 -1.386403 -0.011893 0.021185 0.999677 0.007447
1743735807.581818 -126.867527 15.590812 -1.396776 -0.012136 0.020729 0.999678 0.008145
1743735807.685568 -128.044024 15.604730 -1.402614 -0.011670 0.020436 0.999684 0.008803
1743735807.789438 -129.223798 15.620504 -1.402361 -0.010822 0.020195 0.999694 0.009361
1743735807.893318 -130.404942 15.641626 -1.408637 -0.010700 0.020307 0.999690 0.009658
1743735807.997068 -131.539742 15.657802 -1.413431 -0.011697 0.020880 0.999667 0.009673
1743735808.100948 -132.699169 15.683295 -1.421331 -0.012797 0.021344 0.999643 0.009700
1743735808.204818 -133.799079 15.702351 -1.435282 -0.013069 0.022356 0.999619 0.009598
1743735808.308568 -134.902474 15.722759 -1.428305 -0.012815 0.023199 0.999602 0.009680
1743735808.412438 -135.999385 15.746286 -1.442684 -0.013368 0.021999 0.999621 0.009767
1743735808.516318 -137.058083 15.753869 -1.449904 -0.014747 0.022628 0.999586 0.009882
1743735808.620188 -138.085393 15.771520 -1.457939 -0.014828 0.022589 0.999580 0.010503
1743735808.724198 -139.099610 15.787309 -1.465929 -0.014055 0.021474 0.999605 0.011488
1743735808.828068 -140.067878 15.799862 -1.476563 -0.014132 0.021515 0.999596 0.012074
1743735808.931948 -141.032773 15.828662 -1.482310 -0.014475 0.021972 0.999572 0.012768
1743735809.035828 -141.966646 15.851597 -1.487824 -0.014731 0.022631 0.999550 0.013060
1743735809.139708 -142.859337 15.870245 -1.495832 -0.014658 0.023041 0.999544 0.012862
1743735809.243708 -143.752427 15.898511 -1.500632 -0.014327 0.023975 0.999540 0.011779
1743735809.347448 -144.579180 15.920520 -1.504636 -0.013753 0.025650 0.999538 0.008763
1743735809.451318 -145.397064 15.925742 -1.505899 -0.013428 0.027951 0.999515 0.002938
1743735809.554948 -146.183561 15.919934 -1.508152 -0.013171 0.029701 0.999454 -0.005936
1743735809.658568 -146.931680 15.884212 -1.509099 -0.013524 0.030392 0.999300 -0.017135
1743735809.762198 -147.653757 15.829287 -1.512221 -0.014956 0.030260 0.998981 -0.029964
1743735809.865958 -148.361958 15.759965 -1.518229 -0.016635 0.029604 0.998443 -0.044265
1743735809.969568 -149.042385 15.680013 -1.517735 -0.016900 0.029544 0.997624 -0.059892
1743735810.073198 -149.677983 15.568677 -1.515235 -0.015550 0.030164 0.996386 -0.077867
1743735810.176818 -150.291045 15.428991 -1.514835 -0.013712 0.031116 0.994590 -0.098156
1743735810.280448 -150.872352 15.268947 -1.513368 -0.012136 0.031585 0.992146 -0.120418
1743735810.384068 -151.404351 15.100185 -1.514537 -0.011324 0.031395 0.988913 -0.144695
1743735810.487698 -151.935688 14.874998 -1.507238 -0.011055 0.032092 0.984810 -0.170288
1743735810.591318 -152.420947 14.677482 -1.490456 -0.010681 0.033167 0.979441 -0.198697
1743735810.695068 -152.895441 14.392806 -1.483146 -0.009794 0.032909 0.973160 -0.227553
1743735810.798698 -153.344831 14.107599 -1.475478 -0.009199 0.032784 0.965647 -0.257616
1743735810.902468 -153.755049 13.841490 -1.467842 -0.008830 0.032408 0.956736 -0.289012
1743735811.006198 -154.168117 13.469586 -1.442804 -0.008700 0.032449 0.946773 -0.320143
1743735811.109818 -154.524213 13.107439 -1.434672 -0.008170 0.032024 0.935364 -0.352139
1743735811.213588 -154.828237 12.787851 -1.414404 -0.008481 0.031576 0.922151 -0.385447
1743735811.317198 -155.152741 12.353976 -1.398046 -0.008483 0.030396 0.907713 -0.418404
1743735811.421068 -155.398385 11.985830 -1.388066 -0.008042 0.028009 0.892105 -0.450888
1743735811.524838 -155.656655 11.513814 -1.367545 -0.007108 0.026008 0.875834 -0.481859
1743735811.628698 -155.858468 11.073378 -1.351590 0.005919 -0.024645 -0.858445 0.512279
1743735811.732568 -155.991250 10.680894 -1.337049 0.005297 -0.024555 -0.839894 0.542169
1743735811.836448 -156.161368 10.178474 -1.307207 0.004668 -0.025092 -0.820381 0.571248
1743735811.940318 -156.272127 9.728719 -1.290063 0.002951 -0.025465 -0.800081 0.599344
1743735812.044338 -156.310920 9.314970 -1.267209 0.001341 -0.025047 -0.778911 0.626633
1743735812.148208 -156.388623 8.789807 -1.249645 0.000454 -0.023126 -0.756503 0.653581
1743735812.252198 -156.370161 8.369502 -1.242739 0.002193 -0.020950 -0.733030 0.679870
1743735812.356198 -156.343708 7.825853 -1.206255 0.005753 -0.018049 -0.708455 0.705502
1743735812.460218 -156.295584 7.336017 -1.197180 0.008770 -0.014190 -0.682887 0.730333
1743735812.564078 -156.198074 6.898840 -1.178487 0.011286 -0.009673 -0.656563 0.754125
1743735812.668068 -156.051090 6.357451 -1.171271 0.012418 -0.005679 -0.628944 0.777331
1743735812.771948 -155.904708 5.938344 -1.158520 0.013393 -0.003969 -0.600361 0.799607
1743735812.875948 -155.671052 5.418392 -1.152804 0.014047 -0.003237 -0.570799 0.820963
1743735812.979968 -155.421345 4.942186 -1.144438 0.015708 -0.002186 -0.540625 0.841114
1743735813.083828 -155.182641 4.518588 -1.159496 0.017480 -0.000474 -0.509940 0.860032
1743735813.187838 -154.819487 4.031546 -1.149178 0.018866 0.001250 -0.478517 0.877875
1743735813.291828 -154.506401 3.639940 -1.155230 0.018784 0.002246 -0.447183 0.894242
1743735813.395828 -154.082592 3.187425 -1.157969 0.017869 0.002037 -0.415965 0.909203
1743735813.499948 -153.650522 2.789161 -1.166666 0.017605 0.000310 -0.385231 0.922652
1743735813.603948 -153.225664 2.429405 -1.154555 0.017871 -0.001817 -0.355112 0.934651
1743735813.708068 -152.687614 2.025797 -1.159000 0.018026 -0.002537 -0.324909 0.945570
1743735813.812198 -152.184549 1.701029 -1.160869 0.018175 -0.001780 -0.294461 0.955489
1743735813.916198 -151.579060 1.375585 -1.167910 0.018056 -0.000635 -0.263130 0.964591
1743735814.020208 -150.985457 1.090448 -1.151924 0.018399 -0.000244 -0.231308 0.972707
1743735814.124318 -150.396391 0.850543 -1.156017 0.018161 0.000486 -0.199812 0.979666
1743735814.228468 -149.723531 0.621252 -1.150279 0.017629 0.000929 -0.170943 0.985123
1743735814.332588 -149.054253 0.436926 -1.152438 0.014786 0.000594 -0.144258 0.989429
1743735814.436948 -148.309177 0.280262 -1.147988 0.011646 -0.000163 -0.121031 0.992580
1743735814.541198 -147.553391 0.133122 -1.151844 0.008968 -0.000547 -0.100358 0.994911
1743735814.645578 -146.771100 0.020342 -1.147073 0.008971 -0.000133 -0.082401 0.996559
1743735814.749948 -145.965775 -0.079554 -1.143445 0.009188 0.000466 -0.065517 0.997809
1743735814.854318 -145.162508 -0.160772 -1.141392 0.008778 0.000884 -0.050226 0.998699
1743735814.958698 -144.306942 -0.209771 -1.136851 0.007182 0.000847 -0.037016 0.999289
1743735815.063068 -143.406477 -0.248119 -1.133577 0.004484 0.000382 -0.025910 0.999654
1743735815.167608 -142.553536 -0.270044 -1.130823 0.002108 -0.000203 -0.018069 0.999834
1743735815.272098 -141.633999 -0.278557 -1.127446 -0.000610 -0.000830 -0.013338 0.999911
1743735815.376578 -140.676223 -0.291908 -1.123039 -0.002246 -0.000872 -0.011245 0.999934
1743735815.481098 -139.701937 -0.306129 -1.119506 -0.002614 -0.000526 -0.010566 0.999941
1743735815.585448 -138.724621 -0.324208 -1.111307 -0.001841 0.000123 -0.010031 0.999948
1743735815.689848 -137.732858 -0.338621 -1.112728 -0.001461 0.000621 -0.009231 0.999956
1743735815.794198 -136.715434 -0.359275 -1.099003 -0.000783 0.000461 -0.008447 0.999964
1743735815.898448 -135.695998 -0.366714 -1.098285 -0.001185 0.000192 -0.007341 0.999972
1743735816.002698 -134.621855 -0.375659 -1.091181 -0.000959 0.000690 -0.006433 0.999979
1743735816.106828 -133.556145 -0.387406 -1.096195 -0.000768 0.001860 -0.005360 0.999984
1743735816.210948 -132.450489 -0.389077 -1.090650 0.000164 0.002369 -0.004473 0.999987
1743735816.315078 -131.351493 -0.396997 -1.088344 0.000128 0.001709 -0.003622 0.999992
1743735816.419198 -130.231111 -0.401744 -1.084369 0.000347 0.000951 -0.003056 0.999995
1743735816.523328 -129.096783 -0.406027 -1.082171 0.000498 0.000873 -0.002641 0.999996
1743735816.627448 -127.927646 -0.408617 -1.079445 0.000145 0.000778 -0.002155 0.999997
1743735816.731448 -126.737337 -0.405453 -1.072125 -0.000171 0.000257 -0.002073 0.999998
1743735816.835578 -125.563504 -0.402677 -1.064435 -0.000273 -0.000083 -0.002061 0.999998
1743735816.939578 -124.347532 -0.405315 -1.059135 -0.000439 0.000282 -0.002378 0.999997
1743735817.043578 -123.122175 -0.405589 -1.052659 -0.000477 0.000611 -0.002931 0.999995
1743735817.147578 -121.873967 -0.407844 -1.044666 -0.000614 -0.000325 -0.003522 0.999994
1743735817.251598 -120.629182 -0.412077 -1.032813 -0.000933 -0.002095 -0.004659 0.999987
1743735817.355448 -119.383840 -0.420978 -1.023152 -0.000845 -0.003315 -0.005539 0.999979
1743735817.459458 -118.094458 -0.440345 -1.003882 0.000166 -0.003712 -0.006109 0.999974
1743735817.563328 -116.790828 -0.448589 -0.990511 0.000741 -0.003296 -0.006148 0.999975
1743735817.667208 -115.491029 -0.465577 -0.969617 0.001376 -0.003277 -0.005596 0.999978
1743735817.771078 -114.151152 -0.464083 -0.950830 0.001091 -0.004621 -0.004977 0.999976
1743735817.874968 -112.817055 -0.468428 -0.928246 0.001031 -0.005367 -0.003761 0.999978
1743735817.978708 -111.468172 -0.473654 -0.907927 0.000920 -0.005002 -0.002208 0.999985
1743735818.082578 -110.080525 -0.469238 -0.887036 0.001347 -0.004038 -0.001096 0.999990
1743735818.186448 -108.702170 -0.468284 -0.862028 0.000973 -0.004206 -0.000295 0.999991
1743735818.290328 -107.307811 -0.460716 -0.847296 0.000874 -0.004667 0.000285 0.999989
1743735818.394198 -105.890793 -0.458538 -0.819279 0.001577 -0.005076 0.000615 0.999986
1743735818.498078 -104.469330 -0.449202 -0.795374 0.001141 -0.005707 0.001148 0.999982
1743735818.601828 -103.026061 -0.429651 -0.776380 0.000521 -0.005805 0.001627 0.999982
1743735818.705698 -101.588707 -0.420535 -0.740401 0.000459 -0.005173 0.001720 0.999985
1743735818.809588 -100.117299 -0.408545 -0.730663 -0.000167 -0.003787 0.001504 0.999992
1743735818.913448 -98.602859 -0.395537 -0.700883 -0.000088 -0.002758 0.001224 0.999995
1743735819.017328 -97.123570 -0.385378 -0.678820 -0.000105 -0.001469 0.001138 0.999998
1743735819.121208 -95.587704 -0.383231 -0.666821 0.000092 0.001431 0.000900 0.999999
1743735819.224948 -94.096125 -0.368956 -0.664582 -0.000009 0.004308 0.000952 0.999990
1743735819.328848 -92.579788 -0.353854 -0.653452 -0.000544 0.005780 0.000990 0.999983
1743735819.432578 -91.055827 -0.344319 -0.653387 -0.001547 0.006648 0.000859 0.999976
1743735819.536328 -89.565806 -0.331383 -0.651480 -0.001056 0.006971 0.000976 0.999975
1743735819.640198 -88.058250 -0.318320 -0.642622 -0.001089 0.006156 0.001066 0.999980
1743735819.744058 -86.537675 -0.309647 -0.634114 -0.001111 0.004874 0.000777 0.999987
1743735819.847828 -85.049883 -0.312834 -0.625387 -0.000898 0.004901 0.000344 0.999988
1743735819.951708 -83.520715 -0.300381 -0.632969 -0.000199 0.006119 -0.000177 0.999981
1743735820.055488 -82.041378 -0.298342 -0.623410 0.000513 0.005988 -0.000517 0.999982
1743735820.159348 -80.538386 -0.288458 -0.616269 0.000183 0.005247 -0.000831 0.999986
1743735820.263088 -79.013388 -0.288712 -0.610434 0.000374 0.005247 -0.001152 0.999986
1743735820.366828 -77.528420 -0.284242 -0.606046 0.000813 0.006197 -0.001336 0.999980
1743735820.470598 -76.002369 -0.280124 -0.603981 0.001358 0.007277 -0.001724 0.999971
1743735820.574328 -74.523787 -0.280957 -0.602643 0.001609 0.008064 -0.001606 0.999965
1743735820.678088 -73.025534 -0.280388 -0.603542 0.001885 0.007556 -0.001414 0.999969
1743735820.781958 -71.505284 -0.277136 -0.593306 0.001590 0.005394 -0.001257 0.999983
1743735820.885718 -70.043721 -0.264052 -0.591906 -0.000447 0.004194 -0.000795 0.999991
1743735820.989458 -68.531759 -0.260254 -0.581713 -0.000717 0.004982 -0.000524 0.999987
1743735821.093328 -67.030161 -0.251580 -0.577950 -0.001157 0.005603 -0.000438 0.999984
1743735821.197088 -65.561797 -0.246024 -0.566653 0.000121 0.004474 -0.000104 0.999990
1743735821.300828 -64.075588 -0.233695 -0.567280 0.000603 0.004859 0.000241 0.999988
1743735821.404698 -62.593709 -0.233759 -0.549578 0.001851 0.006269 0.000670 0.999978
1743735821.508458 -61.117898 -0.225258 -0.548378 0.001770 0.005547 0.001206 0.999982
1743735821.612228 -59.626561 -0.213538 -0.540716 0.001765 0.003701 0.001766 0.999990
1743735821.715958 -58.169957 -0.201450 -0.527687 0.001826 0.003960 0.002459 0.999987
1743735821.819828 -56.694685 -0.194459 -0.523881 0.002324 0.006398 0.003162 0.999972
1743735821.923598 -55.225142 -0.175825 -0.515362 0.002418 0.006588 0.003697 0.999969
1743735822.027348 -53.776635 -0.150171 -0.512863 0.002028 0.005962 0.004285 0.999971
1743735822.131208 -52.298303 -0.134814 -0.509303 0.001465 0.005780 0.004233 0.999973
1743735822.234958 -50.843140 -0.112231 -0.503925 0.000975 0.005888 0.004460 0.999972
1743735822.338828 -49.381960 -0.090059 -0.497821 0.000809 0.005591 0.004603 0.999973
1743735822.442578 -47.935358 -0.066775 -0.485805 0.000982 0.005307 0.004376 0.999976
1743735822.546328 -46.489625 -0.049412 -0.482498 0.001298 0.005337 0.004249 0.999976
1743735822.650208 -45.039744 -0.033905 -0.474406 0.001913 0.005375 0.004055 0.999976
1743735822.753958 -43.585685 -0.020722 -0.459830 0.002312 0.005469 0.003722 0.999975
1743735822.857828 -42.149557 0.004047 -0.461111 0.003006 0.006246 0.003467 0.999970
1743735822.961708 -40.701244 0.013650 -0.453181 0.002951 0.006253 0.002890 0.999972
1743735823.065578 -39.261367 0.032483 -0.447528 0.002561 0.005615 0.002599 0.999978
1743735823.169458 -37.818899 0.040428 -0.434105 0.002097 0.004630 0.002103 0.999985
1743735823.273338 -36.369015 0.055738 -0.423037 0.001372 0.004490 0.001593 0.999988
1743735823.377238 -34.950380 0.072665 -0.420779 0.000677 0.005480 0.001255 0.999984
1743735823.481078 -33.489754 0.084930 -0.413310 0.000540 0.006370 0.000760 0.999979
1743735823.585078 -32.080587 0.093323 -0.408506 0.000140 0.006365 0.000282 0.999980
1743735823.688978 -30.659490 0.098657 -0.403424 0.000116 0.005549 -0.000311 0.999985
1743735823.792828 -29.214979 0.103587 -0.392317 0.000390 0.004256 -0.001052 0.999990
1743735823.896708 -27.816500 0.100694 -0.387858 0.000222 0.004823 -0.001589 0.999987
1743735824.000588 -26.374106 0.106973 -0.382186 0.000481 0.005669 -0.002313 0.999981
1743735824.104458 -24.981950 0.108887 -0.367508 0.000120 0.003497 -0.002997 0.999989
1743735824.208328 -23.570568 0.113387 -0.358785 -0.001182 0.000820 -0.003680 0.999992
1743735824.312208 -22.131670 0.109157 -0.342260 -0.001584 -0.000491 -0.004270 0.999990
1743735824.416098 -20.747766 0.102425 -0.319726 -0.001339 -0.000879 -0.004687 0.999988
1743735824.519838 -19.349439 0.093855 -0.293752 -0.001119 -0.000879 -0.005068 0.999986
1743735824.623718 -17.932324 0.089529 -0.272564 -0.000651 -0.000072 -0.005249 0.999986
1743735824.727578 -16.556263 0.080721 -0.251130 -0.000026 0.000949 -0.005358 0.999985
1743735824.831348 -15.147907 0.064963 -0.228506 0.000513 0.001082 -0.005525 0.999984
1743735824.935208 -13.757003 0.061284 -0.207256 0.000829 0.000266 -0.005148 0.999986
1743735825.038978 -12.373013 0.051446 -0.183018 0.001216 -0.000282 -0.004799 0.999988
1743735825.142708 -11.026526 0.043571 -0.168615 0.000605 0.000248 -0.004636 0.999989
1743735825.246458 -9.648020 0.031232 -0.140651 0.001043 0.000571 -0.003806 0.999992
1743735825.350208 -8.268248 0.032612 -0.127030 0.000300 0.001002 -0.002996 0.999995
1743735825.454078 -6.882063 0.020476 -0.105530 0.000859 0.001450 -0.002514 0.999995
1743735825.557848 -5.534001 0.030303 -0.086216 0.001115 0.000715 -0.001917 0.999997
1743735825.661598 -4.160033 0.032575 -0.067992 0.001438 -0.000244 -0.001842 0.999997
1743735825.765458 -2.795040 0.032119 -0.044407 0.001309 -0.000620 -0.001635 0.999998
1743735825.869208 -1.430429 0.036869 -0.025007 0.001032 -0.000358 -0.001387 0.999998
1743735825.973078 -0.053547 0.034574 -0.006594 0.000965 -0.000051 -0.001393 0.999999
1743735826.076838 1.302226 0.035076 0.017526 0.000312 -0.000387 -0.001244 0.999999
1743735826.180588 2.672484 0.043074 0.035884 0.000078 -0.000157 -0.001158 0.999999
1743735826.284338 4.025285 0.042703 0.058235 0.000072 -0.000076 -0.000962 1.000000
1743735826.388088 5.386514 0.046646 0.074793 0.000006 -0.000044 -0.000866 1.000000
1743735826.491958 6.761468 0.055085 0.102870 0.000160 -0.000242 -0.000927 1.000000
1743735826.595708 8.101646 0.056249 0.120002 -0.000069 -0.000479 -0.000686 1.000000
1743735826.699458 9.455822 0.061102 0.144262 -0.000064 0.000096 -0.000731 1.000000
1743735826.803218 10.840663 0.064134 0.154736 -0.000525 0.000625 -0.000818 0.999999
1743735826.907078 12.190760 0.073244 0.180236 -0.000519 0.000451 -0.000733 0.999999
1743735827.010838 13.555201 0.076926 0.196944 -0.000667 0.000106 -0.000983 0.999999
1743735827.114708 14.907742 0.078253 0.221459 -0.000372 0.000069 -0.000905 1.000000
1743735827.218458 16.251831 0.083568 0.237668 -0.000624 0.000104 -0.000926 0.999999
1743735827.322338 17.619433 0.078626 0.261706 0.000031 0.000291 -0.001091 0.999999
1743735827.426088 18.968023 0.088201 0.276378 -0.000010 0.000518 -0.001053 0.999999
1743735827.529978 20.333640 0.090404 0.298149 -0.000018 0.000291 -0.001144 0.999999
1743735827.633708 21.695060 0.089343 0.321885 -0.000195 -0.000092 -0.001211 0.999999
1743735827.737588 23.025853 0.095067 0.338832 -0.000321 0.000112 -0.000936 1.000000
1743735827.841458 24.391495 0.095189 0.361474 -0.000265 0.000139 -0.000820 1.000000
1743735827.945208 25.723572 0.105372 0.385181 -0.000441 0.000046 -0.000502 1.000000
1743735828.048968 27.054928 0.105887 0.402229 -0.000407 0.000712 -0.000325 1.000000
1743735828.152838 28.406030 0.110675 0.421493 0.000410 0.001390 -0.000292 0.999999
1743735828.256588 29.728968 0.118566 0.437049 0.000194 0.001079 -0.000304 0.999999
1743735828.360338 31.059775 0.118864 0.457535 0.000654 0.000687 -0.000549 0.999999
1743735828.464188 32.407086 0.123703 0.476362 0.000233 0.000396 -0.000763 1.000000
1743735828.567978 33.718724 0.126154 0.495909 0.000578 0.000686 -0.001018 0.999999
1743735828.671708 35.054843 0.125468 0.515182 0.000962 0.000949 -0.001374 0.999998
1743735828.775478 36.369690 0.127887 0.533925 0.001156 0.000926 -0.001498 0.999998
1743735828.879218 37.682007 0.123141 0.552620 0.001734 0.001040 -0.001723 0.999996
1743735828.982958 39.006587 0.116982 0.572974 0.002254 0.001479 -0.001921 0.999995
1743735829.086728 40.322900 0.122673 0.587744 0.002555 0.002075 -0.001520 0.999993
1743735829.190588 41.636603 0.127446 0.607093 0.002639 0.002177 -0.001011 0.999994
1743735829.294338 42.939864 0.132797 0.625607 0.002234 0.002078 -0.000266 0.999995
1743735829.398088 44.223063 0.148608 0.635545 0.000786 0.002687 0.000257 0.999996
1743735829.501838 45.541161 0.152304 0.649470 0.000822 0.004249 0.000434 0.999991
1743735829.605718 46.831639 0.164205 0.659527 0.000291 0.005955 0.000996 0.999982
1743735829.709468 48.110870 0.161287 0.660778 0.000285 0.007800 0.001194 0.999969
1743735829.813338 49.412112 0.159447 0.670413 0.000432 0.008336 0.001470 0.999964
1743735829.917088 50.675186 0.185541 0.669250 0.000719 0.007426 0.002139 0.999970
1743735830.020958 51.972895 0.200173 0.668586 0.000091 0.006621 0.002383 0.999975
1743735830.124708 53.249660 0.222962 0.667489 -0.000297 0.006441 0.003146 0.999974
1743735830.228458 54.518441 0.235429 0.676591 -0.000300 0.006125 0.003671 0.999974
1743735830.332228 55.774535 0.254831 0.676954 -0.000829 0.005623 0.004048 0.999976
1743735830.436088 57.061406 0.267136 0.683775 -0.000741 0.005973 0.004740 0.999971
1743735830.539838 58.329059 0.287741 0.690190 -0.000630 0.006354 0.005211 0.999966
1743735830.643608 59.582913 0.313783 0.695081 -0.000733 0.006318 0.005427 0.999965
1743735830.747338 60.852232 0.334295 0.698653 -0.001024 0.006045 0.005876 0.999964
1743735830.851088 62.094847 0.354956 0.701113 -0.000558 0.005887 0.006056 0.999964
1743735830.954988 63.345477 0.373841 0.710542 0.000066 0.005402 0.006350 0.999965
1743735831.058598 64.609497 0.398681 0.719042 0.000298 0.005541 0.006829 0.999961
1743735831.162468 65.868314 0.415177 0.716986 0.000697 0.006345 0.007147 0.999954
1743735831.266218 67.102058 0.441144 0.726483 0.000543 0.005950 0.007466 0.999954
1743735831.369968 68.349837 0.462851 0.735170 -0.000808 0.005171 0.007417 0.999959
1743735831.473708 69.594562 0.489482 0.736489 -0.001871 0.005295 0.007386 0.999957
1743735831.577458 70.839819 0.519081 0.746118 -0.003016 0.005397 0.007312 0.999954
1743735831.681218 72.074125 0.550014 0.747562 -0.004107 0.005542 0.006703 0.999954
1743735831.784968 73.263702 0.567767 0.757140 -0.004238 0.006331 0.005737 0.999955
1743735831.888708 74.496970 0.585081 0.754867 -0.004635 0.007162 0.004925 0.999951
1743735831.992458 75.687639 0.601493 0.762584 -0.003117 0.006568 0.004046 0.999965
1743735832.096218 76.870952 0.617939 0.785660 -0.002471 0.004584 0.003320 0.999981
1743735832.199968 78.061965 0.629461 0.786450 -0.003259 0.004984 0.002343 0.999980
1743735832.303708 79.209866 0.634140 0.790467 -0.002610 0.007143 0.000877 0.999971
1743735832.407588 80.338655 0.644574 0.800803 -0.002815 0.007606 -0.000586 0.999967
1743735832.511338 81.449471 0.640188 0.805845 -0.003353 0.005761 -0.002637 0.999974
1743735832.615218 82.543824 0.641349 0.816738 -0.002943 0.003246 -0.004064 0.999982
1743735832.718968 83.641979 0.626643 0.834433 -0.002313 0.000542 -0.005509 0.999982
1743735832.822838 84.755171 0.613732 0.851381 -0.001602 -0.000391 -0.006873 0.999975
1743735832.926588 85.836175 0.601959 0.862383 -0.000563 0.000778 -0.007581 0.999971
1743735833.030468 86.944276 0.596968 0.876930 -0.000637 0.001842 -0.008305 0.999964
1743735833.134218 88.014897 0.578500 0.890099 -0.000859 0.001405 -0.008813 0.999960
1743735833.238088 89.100312 0.566440 0.906737 -0.000821 0.000300 -0.009285 0.999957
1743735833.341968 90.199005 0.543819 0.920071 -0.001105 0.000055 -0.009726 0.999952
1743735833.445838 91.256450 0.527037 0.938673 -0.000876 0.000891 -0.009988 0.999949
1743735833.549718 92.321068 0.506419 0.954919 -0.000240 0.001738 -0.010010 0.999948
1743735833.653588 93.422165 0.486018 0.970829 0.000317 0.002220 -0.009846 0.999949
1743735833.757478 94.487895 0.467284 0.981503 0.001216 0.002681 -0.009017 0.999955
1743735833.861338 95.553962 0.449186 0.996339 0.002481 0.002697 -0.007603 0.999964
1743735833.965098 96.605262 0.438633 1.009509 0.003389 0.001600 -0.005669 0.999977
1743735834.068968 97.651476 0.432732 1.022826 0.003620 -0.000134 -0.003923 0.999986
1743735834.172848 98.710086 0.431349 1.030746 0.003212 -0.002028 -0.002151 0.999990
1743735834.276718 99.770429 0.438440 1.048832 0.002784 -0.002633 0.000135 0.999993
1743735834.380588 100.840668 0.447964 1.066358 0.002519 -0.002058 0.002708 0.999991
1743735834.484338 101.892552 0.467242 1.083713 0.002355 -0.001177 0.005817 0.999980
1743735834.588218 102.967755 0.490506 1.103158 0.002430 -0.000693 0.009338 0.999953
1743735834.692088 104.045978 0.525069 1.117647 0.002078 -0.000492 0.012833 0.999915
1743735834.795968 105.145702 0.564124 1.132071 0.001135 0.000047 0.016106 0.999870
1743735834.899858 106.226458 0.613519 1.143042 -0.000622 0.000732 0.018309 0.999832
1743735835.003718 107.330996 0.666733 1.157055 -0.002700 0.000564 0.018758 0.999820
1743735835.107718 108.445069 0.718653 1.165696 -0.005015 -0.000013 0.018116 0.999823
1743735835.211718 109.568881 0.768431 1.174147 -0.006919 -0.000470 0.015759 0.999852
1743735835.315848 110.692254 0.806750 1.189561 -0.008155 -0.000178 0.013143 0.999880
1743735835.419838 111.820798 0.839391 1.200770 -0.008993 0.000514 0.009854 0.999911
1743735835.523988 112.961820 0.867152 1.212185 -0.009395 0.000837 0.005515 0.999940
1743735835.627968 114.101943 0.884819 1.224695 -0.010022 0.000465 0.001037 0.999949
1743735835.732108 115.272480 0.879412 1.235820 -0.010420 -0.000018 -0.004056 0.999937
1743735835.836088 116.412875 0.878805 1.247652 -0.010070 -0.000100 -0.008648 0.999912
1743735835.940218 117.572744 0.854412 1.259490 -0.009503 -0.000502 -0.013406 0.999865
1743735836.044218 118.766802 0.804384 1.281117 -0.008609 -0.000859 -0.018199 0.999797
1743735836.148218 119.935337 0.761185 1.291094 -0.008041 -0.000638 -0.022165 0.999722
1743735836.252238 121.145667 0.708724 1.307019 -0.007783 -0.000107 -0.025774 0.999637
1743735836.356098 122.314826 0.644204 1.320114 -0.007870 0.000279 -0.028653 0.999558
1743735836.460108 123.514101 0.575558 1.334465 -0.008743 0.000659 -0.031276 0.999472
1743735836.563968 124.742059 0.509210 1.345474 -0.009993 0.001110 -0.033769 0.999379
1743735836.667968 125.952015 0.440777 1.348845 -0.011477 0.001255 -0.035463 0.999304
1743735836.771848 127.194674 0.354415 1.358502 -0.011066 0.001954 -0.037104 0.999248
1743735836.875718 128.416877 0.267381 1.362868 -0.010726 0.001822 -0.037704 0.999230
1743735836.979598 129.657358 0.170375 1.381772 -0.010164 -0.000048 -0.037752 0.999235
1743735837.083468 130.908778 0.077193 1.392577 -0.007944 -0.000573 -0.037472 0.999266
1743735837.187228 132.169677 -0.006762 1.394366 -0.005607 0.000775 -0.036238 0.999327
1743735837.290968 133.473232 -0.101923 1.407403 -0.003295 0.001653 -0.034645 0.999393
1743735837.394858 134.765469 -0.188197 1.410668 -0.001083 0.002685 -0.032006 0.999483
1743735837.498468 136.054867 -0.274460 1.416054 0.001550 0.002822 -0.028939 0.999576
1743735837.602228 137.363144 -0.345537 1.427545 0.003108 0.002232 -0.025783 0.999660
1743735837.706088 138.684813 -0.408737 1.431688 0.004455 0.002121 -0.022342 0.999738
1743735837.809858 140.022560 -0.448474 1.438575 0.004691 0.002486 -0.019197 0.999802
1743735837.913588 141.381722 -0.495220 1.442468 0.004564 0.003145 -0.016555 0.999848
1743735838.017348 142.749667 -0.523810 1.444605 0.003862 0.004066 -0.013668 0.999891
1743735838.121218 144.127424 -0.556968 1.442911 0.003485 0.003629 -0.011143 0.999925
1743735838.224968 145.502239 -0.574802 1.455917 0.002727 0.002161 -0.008514 0.999958
1743735838.328718 146.873937 -0.578795 1.452090 0.002206 0.001040 -0.006043 0.999979
1743735838.432468 148.271809 -0.584780 1.473978 0.002220 -0.001056 -0.004356 0.999987
1743735838.536348 149.658310 -0.593832 1.486705 0.001188 -0.002937 -0.003256 0.999990
1743735838.640098 151.086256 -0.599191 1.504166 0.001199 -0.003369 -0.002358 0.999991
1743735838.743968 152.526892 -0.591422 1.528367 0.000918 -0.003066 -0.001658 0.999994
1743735838.847718 153.954506 -0.596678 1.550018 0.000839 -0.002417 -0.000729 0.999996
1743735838.951468 155.398359 -0.591572 1.571813 0.000437 -0.001576 -0.000219 0.999999
1743735839.055348 156.826211 -0.575920 1.592676 0.000503 -0.000977 0.000615 0.999999
1743735839.159098 158.271543 -0.564140 1.615006 0.000072 -0.000297 0.001507 0.999999
1743735839.262848 159.726207 -0.555031 1.633170 0.000408 0.000790 0.002334 0.999997
1743735839.366588 161.166292 -0.545537 1.652683 -0.000015 0.001370 0.003470 0.999993
1743735839.470388 162.617262 -0.520061 1.670407 -0.000352 0.001148 0.004141 0.999991
1743735839.574188 164.053820 -0.499796 1.687743 -0.000942 0.000692 0.004975 0.999987
1743735839.677988 165.488851 -0.475066 1.706495 -0.001259 0.000256 0.005350 0.999985
1743735839.781788 166.930549 -0.448871 1.727670 -0.001966 -0.000529 0.005308 0.999984
1743735839.885588 168.384457 -0.426504 1.747762 -0.002417 -0.000741 0.005359 0.999982
1743735839.989388 169.819085 -0.402220 1.770885 -0.002469 0.000287 0.005203 0.999983
1743735840.093088 171.251602 -0.382898 1.792981 -0.002379 0.000927 0.004821 0.999985
1743735840.196988 172.679624 -0.356326 1.812215 -0.002626 0.001271 0.004625 0.999985
1743735840.300688 174.115986 -0.339667 1.828784 -0.002968 0.001357 0.004139 0.999986
1743735840.404588 175.539764 -0.324947 1.854896 -0.003474 0.000897 0.003806 0.999986
1743735840.508388 176.954004 -0.308262 1.869107 -0.003926 0.000791 0.003120 0.999987
1743735840.612088 178.393447 -0.283327 1.889050 -0.003609 0.000404 0.002285 0.999991
1743735840.715888 179.805695 -0.271961 1.908888 -0.002956 -0.000495 0.001664 0.999994
1743735840.819688 181.203905 -0.271179 1.937591 -0.001679 -0.000592 0.000890 0.999998
1743735840.923488 182.623809 -0.259016 1.964622 -0.001366 0.000977 0.000091 0.999999
1743735841.027188 184.039379 -0.263963 1.966605 -0.000527 0.003153 -0.000433 0.999995
1743735841.130988 185.463459 -0.259735 1.991566 -0.001051 0.002666 -0.001290 0.999995
1743735841.234688 186.848433 -0.255450 2.004757 -0.002096 0.001172 -0.001999 0.999995
1743735841.338488 188.232848 -0.257611 2.024483 -0.002237 0.000375 -0.002706 0.999994
1743735841.442188 189.640303 -0.250844 2.044905 -0.002116 0.000527 -0.003533 0.999991
1743735841.546088 191.015969 -0.262413 2.061151 -0.001435 0.001515 -0.003699 0.999991
1743735841.649888 192.404666 -0.266428 2.079835 -0.000557 0.002364 -0.003813 0.999990
1743735841.753588 193.798681 -0.271525 2.094596 0.000029 0.002167 -0.003997 0.999990
1743735841.857388 195.168918 -0.275864 2.117436 0.000570 0.001427 -0.003842 0.999991
1743735841.961088 196.554820 -0.284873 2.134027 0.000654 0.000680 -0.003754 0.999993
1743735842.064988 197.913272 -0.283924 2.157668 0.000723 0.000428 -0.003582 0.999993
1743735842.168688 199.298602 -0.295331 2.171026 0.000538 0.000867 -0.003356 0.999994
1743735842.272488 200.689671 -0.298849 2.192458 0.000689 0.001658 -0.003368 0.999993
1743735842.376188 202.029031 -0.299934 2.211178 0.000359 0.001768 -0.003238 0.999993
1743735842.479988 203.378106 -0.299426 2.226534 0.000232 0.002001 -0.003258 0.999993
1743735842.583888 204.740086 -0.304393 2.246577 0.000024 0.001927 -0.003416 0.999992
1743735842.687588 206.108807 -0.309018 2.262780 -0.000318 0.001701 -0.003244 0.999993
1743735842.791388 207.439961 -0.308855 2.279650 -0.000075 0.001451 -0.003318 0.999993
1743735842.895088 208.778378 -0.312716 2.299594 0.000117 0.001237 -0.003195 0.999994
1743735842.998988 210.124806 -0.315735 2.316870 0.000192 0.001531 -0.003130 0.999994
1743735843.102788 211.458622 -0.311707 2.331958 -0.000021 0.001769 -0.003161 0.999993
1743735843.206488 212.785391 -0.316763 2.350336 0.000105 0.001637 -0.002964 0.999994
1743735843.310088 214.105653 -0.321409 2.369751 0.000292 0.001695 -0.002735 0.999995
1743735843.413888 215.408427 -0.318607 2.388674 0.000772 0.002309 -0.002159 0.999995
1743735843.517588 216.694101 -0.323855 2.402005 0.000917 0.003335 -0.001338 0.999993
1743735843.621388 217.972741 -0.318425 2.423718 0.001380 0.004425 -0.000674 0.999989
1743735843.725188 219.195049 -0.312451 2.433371 0.001159 0.005627 0.000121 0.999983
1743735843.828988 220.404775 -0.299944 2.450989 0.000729 0.005569 0.000767 0.999984
1743735843.932688 221.597052 -0.290760 2.463031 0.000518 0.005184 0.001332 0.999986
1743735844.036588 222.758388 -0.271551 2.476329 0.000762 0.005276 0.002638 0.999982
1743735844.140388 223.882207 -0.256217 2.491245 0.000857 0.005219 0.004162 0.999977
1743735844.244088 224.964297 -0.244316 2.506806 0.001171 0.004899 0.006051 0.999969
1743735844.347888 226.033668 -0.224657 2.520886 0.000669 0.004719 0.007845 0.999958
1743735844.451688 227.084509 -0.200720 2.536240 0.000352 0.004602 0.009279 0.999946
1743735844.555488 228.074811 -0.172093 2.547434 -0.000815 0.004618 0.010407 0.999935
1743735844.659388 229.044019 -0.143987 2.561121 -0.000769 0.005305 0.011071 0.999924
1743735844.763188 229.995289 -0.119405 2.572730 -0.000594 0.006134 0.011661 0.999913
1743735844.866988 230.900266 -0.092441 2.587297 -0.000556 0.006376 0.012433 0.999902
1743735844.970888 231.778190 -0.058000 2.595640 -0.000733 0.006258 0.013289 0.999892
1743735845.074688 232.608898 -0.034959 2.607242 -0.000400 0.006055 0.014321 0.999879
1743735845.178588 233.421750 -0.000957 2.616017 -0.000994 0.005310 0.015263 0.999869
1743735845.282588 234.198145 0.030245 2.623871 -0.001673 0.004041 0.015345 0.999873
1743735845.386488 234.962935 0.060577 2.636353 -0.002612 0.002210 0.014875 0.999884
1743735845.490488 235.740709 0.085484 2.646879 -0.003598 0.000562 0.012928 0.999910
1743735845.594488 236.534290 0.102801 2.657589 -0.003364 0.000042 0.010701 0.999937
1743735845.698488 237.298092 0.120769 2.668949 -0.002511 0.000394 0.008427 0.999961
1743735845.802488 238.076892 0.139237 2.676398 -0.001587 0.001094 0.006353 0.999978
1743735845.906488 238.831831 0.142177 2.688231 -0.000865 0.001657 0.004289 0.999989
1743735846.010488 239.601370 0.145116 2.698179 -0.000865 0.001771 0.002011 0.999996
1743735846.114488 240.359393 0.140743 2.712340 -0.000813 0.001701 -0.000062 0.999998
1743735846.218488 241.104837 0.146988 2.720544 -0.000897 0.001752 -0.002221 0.999996
1743735846.322488 241.874848 0.140762 2.729443 -0.000930 0.001934 -0.004077 0.999989
1743735846.426388 242.620522 0.137813 2.738318 -0.000797 0.002465 -0.005669 0.999981
1743735846.530388 243.380945 0.133240 2.744582 -0.000723 0.003186 -0.007136 0.999969
1743735846.634388 244.118831 0.124421 2.752683 -0.000357 0.003435 -0.007935 0.999963
1743735846.738388 244.850250 0.115023 2.762565 -0.000198 0.002946 -0.008358 0.999961
1743735846.842388 245.576035 0.106493 2.769639 -0.000170 0.001529 -0.008854 0.999960
1743735846.946388 246.320961 0.100893 2.775546 -0.000745 -0.000212 -0.009159 0.999958
1743735847.050188 247.073200 0.089463 2.788596 -0.000822 -0.001289 -0.009370 0.999955
1743735847.154188 247.837695 0.076947 2.795905 -0.000321 -0.001405 -0.009075 0.999958
1743735847.258188 248.589527 0.063692 2.812300 0.000105 -0.001209 -0.008689 0.999962
1743735847.362188 249.367972 0.057619 2.819889 -0.000402 -0.001150 -0.008416 0.999964
1743735847.466188 250.115763 0.048028 2.828755 -0.000480 -0.001753 -0.008096 0.999966
1743735847.570288 250.893389 0.036441 2.846355 0.000042 -0.003033 -0.008324 0.999961
1743735847.674188 251.659912 0.024933 2.862958 0.001639 -0.003899 -0.008675 0.999953
1743735847.778188 252.450850 0.008921 2.879185 0.002091 -0.002714 -0.009203 0.999952
1743735847.882188 253.264563 0.007993 2.878731 0.000078 0.000308 -0.009662 0.999953
1743735847.986188 254.039682 -0.015956 2.887787 0.000198 0.002988 -0.010180 0.999944
1743735848.090288 254.840604 -0.026832 2.897103 0.001703 0.002830 -0.011304 0.999931
1743735848.194388 255.645608 -0.045205 2.908876 0.000649 0.000003 -0.012894 0.999917
1743735848.298388 256.451847 -0.051831 2.914814 -0.000152 -0.002301 -0.014473 0.999893
1743735848.402388 257.272085 -0.081140 2.925188 -0.001157 -0.002746 -0.015596 0.999874
1743735848.506388 258.091570 -0.111250 2.937830 -0.000955 -0.001886 -0.016616 0.999860
1743735848.610388 258.931089 -0.140807 2.950432 0.000418 -0.000758 -0.017664 0.999844
1743735848.714388 259.734515 -0.175022 2.960384 0.002253 -0.000012 -0.018565 0.999825
1743735848.818388 260.569522 -0.205182 2.974524 0.002594 -0.000344 -0.019536 0.999806
1743735848.922388 261.406051 -0.228591 2.983453 0.001475 -0.001637 -0.020562 0.999786
1743735849.026388 262.240449 -0.259390 2.998217 0.000611 -0.003269 -0.021243 0.999769
1743735849.130388 263.118973 -0.297291 3.007192 0.000285 -0.004053 -0.021945 0.999751
1743735849.234388 263.968194 -0.331950 3.020687 0.000142 -0.003343 -0.022871 0.999733
1743735849.338388 264.847662 -0.373147 3.035400 -0.000396 -0.002368 -0.023890 0.999712
1743735849.442388 265.747918 -0.406987 3.050251 -0.000552 -0.002165 -0.024690 0.999693
1743735849.546388 266.634153 -0.448419 3.062567 -0.000535 -0.002357 -0.024827 0.999689
1743735849.650388 267.542662 -0.492542 3.073045 0.000605 -0.002374 -0.024888 0.999687
1743735849.754388 268.447243 -0.533843 3.084840 0.001313 -0.002051 -0.024835 0.999689
1743735849.858388 269.347271 -0.579351 3.099919 0.001830 -0.001731 -0.024892 0.999687
1743735849.962388 270.293068 -0.624829 3.111027 0.002322 -0.001489 -0.024935 0.999685
1743735850.066388 271.218231 -0.666525 3.125995 0.002438 -0.001090 -0.024846 0.999688
1743735850.170188 272.174528 -0.704822 3.134365 0.002352 -0.000134 -0.024692 0.999692
1743735850.274188 273.108924 -0.749316 3.148509 0.002525 0.000244 -0.024221 0.999703
1743735850.378188 274.058412 -0.790984 3.166169 0.002437 -0.000029 -0.023399 0.999723
1743735850.482188 275.016742 -0.826475 3.177034 0.002242 -0.000477 -0.022240 0.999750
1743735850.586188 275.936756 -0.859297 3.194266 0.001412 -0.000891 -0.020987 0.999778
1743735850.690088 276.870664 -0.887898 3.210577 0.000584 -0.001063 -0.019599 0.999807
1743735850.794088 277.807985 -0.918967 3.225782 0.000059 -0.000773 -0.018246 0.999833
1743735850.898088 278.735285 -0.943663 3.241269 -0.000600 -0.000100 -0.017015 0.999855
1743735851.002088 279.677101 -0.968638 3.257312 -0.000431 0.000887 -0.015894 0.999873
1743735851.105988 280.598659 -0.991307 3.271597 -0.000335 0.001643 -0.014773 0.999889
1743735851.209988 281.528719 -1.019751 3.284882 -0.000470 0.001931 -0.013803 0.999903
1743735851.313988 282.443276 -1.035173 3.296937 -0.000813 0.002013 -0.012816 0.999916
1743735851.417988 283.356914 -1.054862 3.308848 -0.000310 0.002011 -0.012038 0.999925
1743735851.521988 284.278283 -1.070433 3.322377 -0.000186 0.001740 -0.011332 0.999934
1743735851.625988 285.185709 -1.090569 3.332526 -0.000257 0.001578 -0.010667 0.999942
1743735851.729988 286.085019 -1.100633 3.343368 -0.000669 0.001942 -0.009947 0.999948
1743735851.833988 286.969686 -1.114695 3.356883 -0.000450 0.002429 -0.009379 0.999953
1743735851.937988 287.845764 -1.117823 3.370735 -0.001041 0.002252 -0.008860 0.999958
1743735852.041988 288.694173 -1.122809 3.379639 -0.002293 0.001154 -0.008551 0.999960
1743735852.145988 289.510820 -1.128468 3.393645 -0.003577 -0.000265 -0.008377 0.999958
1743735852.249988 290.333005 -1.135630 3.410662 -0.004594 -0.001406 -0.008368 0.999953
1743735852.353988 291.180710 -1.141971 3.427674 -0.005380 -0.001800 -0.008452 0.999948
1743735852.457988 291.992086 -1.148942 3.443118 -0.006315 -0.001985 -0.008689 0.999940
1743735852.561988 292.795479 -1.155535 3.459355 -0.007028 -0.002389 -0.009220 0.999930
1743735852.665988 293.627183 -1.167666 3.476201 -0.007885 -0.002906 -0.009932 0.999915
1743735852.769988 294.423741 -1.183516 3.492518 -0.008584 -0.002983 -0.010740 0.999901
1743735852.873988 295.247616 -1.190816 3.509923 -0.009103 -0.002317 -0.011254 0.999893
1743735852.977988 296.051333 -1.207198 3.528001 -0.008842 -0.001358 -0.011649 0.999892
1743735853.081988 296.845578 -1.226629 3.545254 -0.008259 -0.000302 -0.011573 0.999899
1743735853.185888 297.644229 -1.233151 3.560720 -0.007593 0.000735 -0.010894 0.999912
1743735853.289888 298.457120 -1.248862 3.570995 -0.007262 0.001584 -0.010101 0.999921
1743735853.393688 299.236704 -1.263962 3.583819 -0.006871 0.002011 -0.009521 0.999929
1743735853.497688 300.047287 -1.277323 3.588510 -0.006186 0.002515 -0.008657 0.999940
1743735853.601688 300.838899 -1.287637 3.602661 -0.005393 0.002811 -0.007743 0.999952
