1624181089.4419 70.7344
1624181089.5419 72.7422
1624181089.6419 75.1016
1624181089.7418 75.1016
1624181089.8419 75.1016
1624181089.9419 75.3477
1624181090.0420 75.3477
1624181090.1420 76.8945
1624181090.2463 78.4727
1624181090.3463 78.4727
1624181090.4461 79.0117
1624181090.5419 79.0117
1624181090.6419 79.0586
1624181090.7419 79.1562
1624181090.8460 79.4141
1624181090.9419 79.4141
1624181091.0419 80.7031
1624181091.1419 80.7031
1624181091.2419 80.7383
1624181091.3460 80.8359
1624181091.4462 80.8359
1624181091.5462 81.0938
1624181091.6419 81.3555
1624181091.7419 81.4609
1624181091.8418 83.0078
1624181091.9418 83.0078
1624181092.0418 83.6367
1624181092.1419 83.6367
1624181092.2419 84.2070
1624181092.3419 84.2070
1624181092.4420 84.9727
1624181092.5419 84.9727
1624181092.6462 84.9727
1624181092.7419 84.9727
1624181092.8419 85.8242
1624181092.9419 85.8242
1624181093.0418 85.8242
1624181093.1418 85.8242
1624181093.2418 85.8242
1624181093.3418 85.8242
1624181093.4418 87.1992
1624181093.5461 87.1992
1624181093.6459 87.1992
1624181093.7417 88.0898
1624181093.8418 88.0898
1624181093.9418 88.0898
1624181094.0418 88.0898
1624181094.1418 89.0859
1624181094.2462 89.0859
1624181094.3419 89.0859
1624181094.4419 89.0859
1624181094.5418 89.0859
1624181094.6418 89.0859
1624181094.7460 89.3320
1624181094.8418 89.5508
1624181094.9459 90.0703
1624181095.0418 90.0703
1624181095.1418 91.1016
1624181095.2418 91.3125
1624181095.3418 91.3125
1624181095.4460 91.3125
1624181095.5459 91.5703
1624181095.6459 91.8242
1624181095.7419 92.0820
1624181095.8418 92.8555
1624181095.9461 92.8555
1624181096.0417 92.8555
1624181096.1460 92.8555
1624181096.2423 94.2461
1624181096.3461 94.2461
1624181096.4428 94.2461
1624181096.5429 94.2461
1624181096.6431 94.2461
1624181096.7433 95.4766
1624181096.8438 95.4766
1624181096.9439 95.8633
1624181097.0441 95.8633
1624181097.1443 95.8633
1624181097.2443 95.8633
1624181097.3418 95.8633
1624181097.4449 95.8633
1624181097.5452 95.8633
1624181097.6454 97.2656
1624181097.7455 97.2656
1624181097.8454 97.7148
1624181097.9456 97.7148
1624181098.0458 97.7148
1624181098.1460 98.4766
1624181098.2460 98.4766
1624181098.3462 98.9727
1624181098.4462 98.9727
1624181098.5418 99.3398
1624181098.6417 99.3398
1624181098.7418 99.6914
1624181098.8417 99.6914
1624181098.9417 99.6914
1624181099.0458 99.6914
1624181099.1460 99.6914
1624181099.2417 99.7422
1624181099.3417 100.0000
1624181099.4417 100.2578
1624181099.5417 101.2891
1624181099.6417 101.2891
1624181099.7417 101.2891
1624181099.8417 101.2891
1624181099.9417 101.2891
1624181100.0417 101.3945
1624181100.1417 101.6562
1624181100.2418 102.6875
1624181100.3458 102.6875
1624181100.4417 102.6875
1624181100.5458 102.6875
1624181100.6458 102.6875
1624181100.7457 102.7812
1624181100.8456 102.7812
1624181100.9456 102.7969
1624181101.0416 104.3438
1624181101.1416 104.3438
1624181101.2417 104.3438
1624181101.3459 104.9805
1624181101.4417 104.9805
1624181101.5460 104.9805
1624181101.6459 104.9805
1624181101.7416 104.9805
1624181101.8416 104.9805
1624181101.9459 105.2070
1624181102.0458 105.2070
1624181102.1416 106.3789
1624181102.2416 106.3789
1624181102.3457 106.3789
1624181102.4416 106.3789
1624181102.5416 106.3789
1624181102.6416 106.3789
1624181102.7416 106.5078
1624181102.8417 107.5391
1624181102.9416 107.5391
1624181103.0416 107.5391
1624181103.1415 107.5391
1624181103.2415 107.5391
1624181103.3416 108.5664
1624181103.4459 108.5664
1624181103.5460 108.5664
1624181103.6416 108.5664
1624181103.7459 108.5664
1624181103.8459 108.7969
1624181103.9458 108.8477
1624181104.0415 108.8477
1624181104.1458 108.8477
1624181104.2416 109.1055
1624181104.3416 109.3633
1624181104.4416 109.6211
1624181104.5416 110.6523
1624181104.6459 110.6523
1624181104.7416 110.6523
1624181104.8416 110.6523
1624181104.9416 110.6523
1624181105.0416 111.3398
1624181105.1460 111.3398
1624181105.2416 111.3398
1624181105.3415 111.3398
1624181105.4415 111.3398
1624181105.5458 111.3398
1624181105.6458 112.1367
1624181105.7416 112.1367
1624181105.8415 112.1367
1624181105.9415 112.1367
1624181106.0415 112.1367
1624181106.1414 112.1367
1624181106.2414 113.4570
1624181106.3414 113.4570
1624181106.4415 113.4570
1624181106.5416 113.4570
1624181106.6416 113.4570
1624181106.7416 114.0273
1624181106.8416 114.0273
1624181106.9415 114.0273
1624181107.0415 114.0273
1624181107.1415 114.5391
1624181107.2414 114.5391
1624181107.3415 114.5391
1624181107.4415 114.5391
1624181107.5416 114.5391
1624181107.6415 115.4297
1624181107.7414 115.4297
1624181107.8415 115.4297
1624181107.9415 115.4297
1624181108.0415 115.4297
1624181108.1415 116.1953
1624181108.2416 116.1953
1624181108.3415 116.1953
1624181108.4415 116.7695
1624181108.5415 116.7695
1624181108.6414 116.7695
1624181108.7415 116.7695
1624181108.8415 116.7695
1624181108.9415 117.5078
1624181109.0455 117.5078
1624181109.1414 117.5078
1624181109.2414 117.5078
1624181109.3414 117.5078
1624181109.4414 118.3164
1624181109.5457 118.3164
1624181109.6417 118.3164
1624181109.7455 118.3164
1624181109.8414 119.0938
1624181109.9414 119.0938
1624181110.0414 119.0938
1624181110.1415 119.0938
1624181110.2456 119.0938
1624181110.3415 119.7656
1624181110.4415 119.7656
1624181110.5414 119.7656
1624181110.6414 119.7656
1624181110.7457 120.2812
1624181110.8456 120.2812
1624181110.9457 120.2812
1624181111.0455 120.2812
1624181111.1455 120.9102
1624181111.2457 120.9102
1624181111.3455 120.9102
1624181111.4455 120.9102
1624181111.5414 120.9219
1624181111.6414 121.1797
1624181111.7455 122.2109
1624181111.8453 122.2109
1624181111.9452 123.0547
1624181112.0450 123.0547
1624181112.1404 123.0547
1624181112.2453 123.9102
1624181112.3453 123.9102
1624181112.4453 124.5117
1624181112.5405 124.5117
1624181112.6393 127.0664
1624181112.7379 127.0664
1624181112.8390 127.0664
1624181112.9388 127.2578
1624181113.0419 127.2578
1624181113.1454 127.2734
1624181113.2457 128.0547
1624181113.3455 128.0664
1624181113.4455 129.6133
1624181113.5455 129.8086
1624181113.6455 129.9375
1624181113.7454 129.9570
1624181113.8456 131.6641
1624181113.9454 131.6641
1624181114.0456 131.8750
1624181114.1456 132.0898
1624181114.2451 133.6523
1624181114.3448 133.8398
1624181114.4448 134.0039
1624181114.5449 134.1914
1624181114.6455 135.7383
1624181114.7457 135.9180
1624181114.8456 136.0742
1624181114.9454 137.0508
1624181115.0456 137.2305
1624181115.1452 138.1914
1624181115.2455 139.0430
1624181115.3453 139.0430
1624181115.4453 140.0508
1624181115.5454 140.1172
1624181115.6456 141.0781
1624181115.7472 141.2266
1624181115.8457 142.2578
1624181115.9471 142.9414
1624181116.0448 143.0156
1624181116.1448 143.1797
1624181116.2456 144.7344
1624181116.3456 145.1602
1624181116.4455 145.1602
1624181116.5473 146.1602
1624181116.6456 146.2227
1624181116.7456 147.1836
1624181116.8455 147.3828
1624181116.9471 148.4141
1624181117.0471 149.0117
1624181117.1456 149.6250
1624181117.2458 149.6836
1624181117.3456 150.7148
1624181117.4321 151.4141
1624181117.5235 152.0273
1624181117.6322 152.6797
1624181117.7227 153.2773
1624181117.8321 153.9141
1624181117.9240 154.5781
1624181118.0322 155.1758
1624181118.1323 155.8125
1624181118.2323 156.4062
1624181118.3323 157.0391
1624181118.4231 157.1289
1624181118.5322 158.1602
1624181118.6322 158.8359
1624181118.7233 159.4062
1624181118.8324 159.4648
1624181118.9234 159.4648
1624181119.0234 161.1523
1624181119.1330 161.1523
1624181119.2238 161.8789
1624181119.3327 161.9961
1624181119.4238 163.5430
1624181119.5238 163.6914
1624181119.6238 164.3477
1624181119.7238 165.0195
1624181119.8238 165.1289
1624181119.9334 165.2891
1624181120.0239 166.8359
1624181120.1240 166.9844
1624181120.2333 167.7344
1624181120.3325 167.8125
1624181120.4235 168.8438
1624181120.5329 169.4258
1624181120.6327 170.0039
1624181120.7328 170.5820
1624181120.8326 171.1719
1624181120.9326 171.8867
1624181121.0336 171.9609
1624181121.1334 172.9219
1624181121.2336 173.1055
1624181121.3334 173.8789
1624181121.4335 174.6445
1624181121.5324 174.8438
1624181121.6335 175.8750
1624181121.7235 176.8633
1624181121.8237 177.3477
1624181121.9238 178.0234
1624181122.0238 178.6055
1624181122.1238 178.6914
1624181122.2328 178.8789
1624181122.3235 180.4258
1624181122.4239 180.4258
1624181122.5237 181.1875
1624181122.6239 181.2695
1624181122.7239 181.2695
1624181122.8337 182.9570
1624181122.9330 183.0742
1624181123.0235 183.0977
1624181123.1327 184.6445
1624181123.2239 185.0156
1624181123.3237 185.6133
1624181123.4325 186.2148
1624181123.5235 186.3672
1624181123.6324 187.3984
1624181123.7330 187.3984
1624181123.8236 187.3984
1624181123.9329 189.0820
1624181124.0234 189.4492
1624181124.1238 189.5312
1624181124.2340 189.7188
1624181124.3229 191.0078
1624181124.4221 191.0469
1624181124.5338 192.0781
1624181124.6233 192.1680
1624181124.7235 192.1680
1624181124.8331 193.8555
1624181124.9218 194.2109
1624181125.0225 194.2500
1624181125.1229 195.2812
1624181125.2233 195.2812
1624181125.3238 196.0312
1624181125.4239 196.1484
1624181125.5238 197.6953
1624181125.6237 197.7969
1624181125.7236 198.5195
1624181125.8152 198.5820
1624181125.9145 198.5820
1624181126.0131 200.2695
1624181126.1135 200.2695
1624181126.2137 200.2695
1624181126.3139 201.4766
1624181126.4142 201.4766
1624181126.5234 202.2305
1624181126.6236 202.3906
1624181126.7235 202.3906
1624181126.8235 204.0781
1624181126.9232 204.1719
1624181127.0318 204.8867
1624181127.1328 204.9414
1624181127.2235 205.9727
1624181127.3232 205.9727
1624181127.4234 205.9727
1624181127.5232 207.4961
1624181127.6237 207.8320
1624181127.7234 207.8438
1624181127.8236 208.3594
1624181127.9234 209.1250
1624181128.0238 209.2266
1624181128.1336 209.2266
1624181128.2234 210.7734
1624181128.3324 211.1133
1624181128.4225 211.1133
1624181128.5232 211.6211
1624181128.6326 211.6406
1624181128.7328 212.9297
1624181128.8324 212.9648
1624181128.9221 212.9648
1624181129.0222 214.5117
1624181129.1226 214.8555
1624181129.2229 214.8555
1624181129.2847 215.3555
1624181129.3847 215.3555
1624181129.4859 216.8789
1624181129.5845 217.2188
1624181129.6857 217.2188
1624181129.7857 217.7188
1624181129.8847 218.7930
1624181129.9857 218.7930
1624181130.0857 219.5352
1624181130.1851 219.7305
1624181130.2859 219.7305
1624181130.3851 221.4180
1624181130.4847 221.4180
1624181130.5855 221.4180
1624181130.6831 222.1445
1624181130.7847 222.2461
1624181130.8833 223.7930
1624181130.9827 223.7930
1624181131.1282 223.7930
1624181131.2341 224.4766
1624181131.3327 224.5078
1624181131.4343 224.7656
1624181131.5327 225.7930
1624181131.6391 225.8633
1624181131.7315 226.3984
1624181131.8317 226.4414
1624181131.9329 226.9570
1624181132.0329 227.2383
1624181132.1331 227.5742
1624181132.2332 227.8789
1624181132.3349 228.1953
1624181132.4333 228.2930
1624181132.5333 228.8086
1624181132.6333 229.2227
1624181132.7348 229.5391
1624181132.8344 229.9531
1624181132.9319 230.3320
1624181133.0348 230.7656
1624181133.1315 231.2383
1624181133.2315 231.9297
1624181133.3096 232.2227
1624181133.4337 232.6016
1624181133.5096 232.9609
1624181133.6146 233.3125
1624181133.7149 233.6797
1624181133.8231 233.7695
1624181133.9147 234.2852
1624181134.0112 234.6484
1624181134.1108 234.9883
1624181134.2341 235.2852
1624181134.3100 235.3359
1624181134.4350 235.8516
1624181134.5149 236.0547
1624181134.6345 236.5703
1624181134.7113 236.9609
1624181134.8347 237.0156
1624181134.9327 237.5312
1624181134.9803 237.9180
1624181135.0803 238.3555
1624181135.1799 238.7148
1624181135.2797 239.1523
1624181135.3631 239.5430
1624181135.5326 239.6328
1624181135.6323 240.1484
1624181135.7114 240.5859
1624181135.8091 240.9492
1624181135.9095 241.3516
1624181135.9787 241.7188
1624181136.0791 242.1445
1624181136.1793 242.5430
1624181136.2777 243.0000
1624181136.3992 243.3867
1624181136.4779 243.8203
1624181136.5785 244.2539
1624181136.6789 244.6797
1624181136.7775 245.0820
1624181136.8775 245.4844
1624181136.9775 245.9414
1624181137.0785 246.3047
1624181137.1779 246.6758
1624181137.2785 247.0664
1624181137.3777 247.4805
1624181137.4769 247.8477
1624181137.6116 247.9609
1624181137.7115 248.4766
1624181137.8115 248.8867
1624181137.9128 249.1836
1624181138.0107 249.2461
1624181138.1113 249.7617
1624181138.2132 249.8672
1624181138.2765 250.4766
1624181138.3763 250.7305
1624181138.5114 251.1055
1624181138.5761 251.4375
1624181138.6763 251.7930
1624181138.7757 251.8789
1624181138.9122 252.3945
1624181139.0306 252.7500
1624181139.0712 252.8164
1624181139.1942 253.1680
1624181139.3344 253.3633
1624181139.4342 253.8789
1624181139.5335 254.2070
1624181139.6341 254.5000
1624181139.7343 254.7812
1624181139.8334 255.0938
1624181139.9335 255.1211
1624181140.0335 255.6367
1624181140.1334 256.0117
1624181140.2340 256.6836
1624181140.3344 256.7578
1624181140.4143 257.2734
1624181140.4743 257.2734
1624181140.5757 257.7773
1624181140.6755 258.1719
1624181140.7758 258.4805
1624181140.8753 258.9102
1624181140.9753 259.2617
1624181141.0753 259.7031
1624181141.1751 260.0703
1624181141.2751 260.4414
1624181141.3751 260.8008
1624181141.4749 261.2188
1624181141.5723 261.3477
1624181141.6737 261.8633
1624181141.8158 262.2305
1624181141.9172 262.2695
1624181142.0156 262.5273
1624181142.1160 262.9023
1624181142.2193 263.0781
1624181142.3195 263.8516
1624181142.4195 263.9336
1624181142.5165 263.9336
1624181142.6341 264.4492
1624181142.7339 264.5078
1624181142.8347 265.0781
1624181142.9346 265.0781
1624181143.0345 265.0781
1624181143.1347 266.6562
1624181143.2281 266.6562
1624181143.2711 266.6562
1624181143.3721 266.6562
1624181143.4721 266.6719
1624181143.5701 267.0586
1624181143.6699 267.2422
1624181143.7701 267.7578
1624181143.8723 268.0820
1624181143.9721 268.4141
1624181144.0718 268.7227
1624181144.1718 268.7891
1624181144.2697 269.3555
1624181144.3701 269.5938
1624181144.4699 269.9414
1624181144.5697 270.2500
1624181144.6718 270.3633
1624181144.7713 270.3633
1624181144.8711 271.9805
1624181144.9703 271.9805
1624181145.0699 271.9805
1624181145.1710 271.9805
1624181145.2707 271.9805
1624181145.4137 272.1172
1624181145.5151 272.5625
1624181145.6160 273.1172
1624181145.7160 273.1172
1624181145.8161 273.6211
1624181145.9159 273.6211
1624181146.0161 274.1055
1624181146.1163 274.3477
1624181146.2160 274.6406
1624181146.3004 274.7148
1624181146.4016 275.0664
1624181146.5019 275.5352
1624181146.6062 275.9141
1624181146.7163 275.9961
1624181146.8136 276.5117
1624181146.9185 276.6484
1624181147.0172 277.2500
1624181147.1219 277.2695
1624181147.2168 277.2695
1624181147.3173 278.8867
1624181147.4170 278.8867
1624181147.5225 278.8867
1624181147.6188 278.8867
1624181147.7190 279.9453
1624181147.8178 279.9453
1624181147.9193 279.9453
1624181148.0162 279.9453
1624181148.1176 279.9453
1624181148.2180 280.3633
1624181148.3198 280.3906
1624181148.4193 280.3906
1624181148.5161 282.0703
1624181148.6568 282.0703
1624181148.7193 282.0703
1624181148.8568 282.0703
1624181148.9022 282.5156
1624181149.0026 282.7344
1624181149.1032 282.8086
1624181149.2036 283.3242
1624181149.3151 283.5273
1624181149.4156 283.8789
1624181149.5155 284.0664
1624181149.6038 284.3242
1624181149.7045 284.9336
1624181149.8032 285.4219
1624181149.9031 285.6445
1624181150.0041 286.0312
1624181150.1049 286.3750
1624181150.2053 286.7852
1624181150.3039 287.2148
1624181150.4051 287.6250
1624181150.5040 288.0547
1624181150.6170 288.2109
1624181150.7210 288.7266
1624181150.8198 288.8672
1624181150.9299 289.4648
1624181151.0191 289.4648
1624181151.1295 289.9414
1624181151.2299 290.3008
1624181151.3299 290.3555
1624181151.4289 290.4258
1624181151.5198 291.9727
1624181151.5934 291.9727
1624181151.7299 291.9727
1624181151.8312 291.9727
1624181151.9304 291.9727
1624181152.0310 292.1797
1624181152.1291 292.5195
1624181152.2287 292.7266
1624181152.3285 293.2422
1624181152.4292 293.2461
1624181152.5302 293.5039
1624181152.6308 293.7930
1624181152.7294 293.9609
1624181152.8302 294.0547
1624181152.9320 294.3125
1624181153.0319 294.7031
1624181153.1544 294.8867
1624181153.2544 295.1445
1624181153.3320 295.3320
1624181153.4320 295.8477
1624181153.5316 295.9883
1624181153.6309 296.0820
1624181153.7306 297.6289
1624181153.8204 297.6289
1624181153.9202 297.6289
1624181154.0302 297.6289
1624181154.1308 298.5469
1624181154.2308 298.5469
1624181154.2948 298.5469
1624181154.4307 298.5469
1624181154.4626 298.7148
1624181154.5622 298.7148
1624181154.7200 298.9648
1624181154.8310 299.0195
1624181154.8941 299.2773
1624181155.0308 299.4531
1624181155.1177 301.0000
1624181155.1940 301.0000
1624181155.2940 301.0000
1624181155.4309 301.0000
1624181155.5306 301.0000
1624181155.5933 301.0000
1624181155.7318 301.1094
1624181155.7626 301.3672
1624181155.9303 301.4766
1624181155.9933 301.7344
1624181156.0932 302.1914
1624181156.2317 302.3750
1624181156.3315 302.3789
1624181156.4317 302.3789
1624181156.5317 303.0508
1624181156.6317 303.0508
1624181156.7317 303.2812
1624181156.8311 303.3828
1624181156.9317 303.6406
1624181157.0318 303.8242
1624181157.1318 304.3398
1624181157.2317 304.4336
1624181157.3317 304.7852
1624181157.4300 304.7852
1624181157.5304 305.0039
1624181157.6304 305.1211
1624181157.7303 305.1211
1624181157.8307 306.7383
1624181157.9309 306.7383
1624181158.0293 306.7383
1624181158.1291 306.7383
1624181158.2309 306.8633
1624181158.3309 306.8633
1624181158.4311 306.8633
1624181158.5317 307.3711
1624181158.6303 307.3711
1624181158.7315 307.8008
1624181158.8315 307.8008
1624181158.9315 307.9453
1624181159.0303 308.3828
1624181159.1302 308.3828
1624181159.2306 308.8008
1624181159.3314 308.9805
1624181159.3946 308.9805
1624181159.5311 309.1562
1624181159.5940 309.3281
1624181159.6946 309.5234
1624181159.8555 309.9883
1624181159.9318 309.9883
1624181159.9952 310.4258
1624181160.1326 310.5664
1624181160.2206 310.8320
1624181160.2968 310.8320
1624181160.4208 311.0039
1624181160.5561 311.4688
1624181160.6199 311.6719
1624181160.7204 311.6797
1624181160.8324 313.2266
1624181160.8601 313.2266
1624181161.0325 313.2266
1624181161.1345 313.2266
1624181161.2347 313.2266
1624181161.3327 313.2266
1624181161.4325 313.2266
1624181161.4959 313.5156
1624181161.6323 313.5156
1624181161.6961 313.6367
1624181161.8205 313.8281
1624181161.9304 314.2656
1624181162.0304 314.4297
1624181162.1298 314.4297
1624181162.2304 314.5703
1624181162.3304 315.0195
1624181162.4308 315.0195
1624181162.5303 315.1758
1624181162.6348 315.6055
1624181162.7166 315.8242
1624181162.8558 316.0586
1624181162.9350 316.0586
1624181163.0346 316.2383
1624181163.1307 316.4180
1624181163.2346 316.5938
1624181163.3346 316.8047
1624181163.4332 316.8047
1624181163.5347 318.4844
1624181163.6353 318.4844
1624181163.7326 318.4844
1624181163.8345 318.4844
1624181163.9346 318.4844
1624181164.0347 318.4844
1624181164.1333 318.6406
1624181164.2347 318.6562
1624181164.3333 320.2031
1624181164.4064 320.2031
1624181164.5346 320.2031
1624181164.6319 320.2031
1624181164.7345 320.2031
1624181164.7606 320.2031
1624181164.9326 320.4023
1624181165.0328 320.6289
1624181165.1185 320.6289
1624181165.2195 320.8008
1624181165.3261 320.8008
1624181165.4328 322.4297
1624181165.5326 322.4297
1624181165.6331 322.4297
1624181165.7327 322.4297
1624181165.8331 323.2266
1624181165.9331 323.2266
1624181166.0328 323.6914
1624181166.0610 323.6914
1624181166.2344 323.6914
1624181166.3344 324.2578
1624181166.4482 324.2578
1624181166.5598 324.2578
1624181166.5606 324.2578
1624181166.6719 324.2578
1624181166.7721 324.2578
1624181166.9598 324.3242
1624181167.0305 324.3242
1624181167.1189 325.8711
1624181167.2190 325.8711
1624181167.3190 325.8711
1624181167.4281 325.8711
1624181167.5307 325.9023
1624181167.6304 325.9297
1624181167.7179 327.4766
1624181167.8185 327.4766
1624181167.9326 327.4766
1624181168.0185 327.4766
1624181168.1339 327.4766
1624181168.2556 327.5117
1624181168.3330 327.6953
1624181168.4341 327.9531
1624181168.5340 327.9844
1624181168.6340 329.5312
1624181168.7331 329.5312
1624181168.8305 329.5312
1624181168.9330 329.5312
1624181169.0337 330.4062
1624181169.1345 330.4062
1624181169.2345 330.4062
1624181169.3558 330.4062
1624181169.4338 330.4062
1624181169.5337 330.5273
1624181169.6556 330.9180
1624181169.7343 330.9180
1624181169.8556 331.1523
1624181169.9336 331.3086
1624181170.0335 331.5117
1624181170.1344 333.0586
1624181170.2335 333.0586
1624181170.3335 333.0586
1624181170.4556 333.0586
1624181170.5334 333.0586
1624181170.6341 333.1719
1624181170.7343 333.2461
1624181170.8343 333.7617
1624181170.9341 334.1406
1624181171.0333 334.1875
1624181171.1305 334.7969
1624181171.2308 334.7969
1624181171.3320 334.8320
1624181171.4341 335.5625
1624181171.5320 335.5625
1624181171.6315 335.5703
1624181171.7556 335.7812
1624181171.8316 337.3281
1624181171.9595 337.3281
1624181172.0596 337.3281
1624181172.1555 337.3281
1624181172.2160 337.3281
1624181172.3162 337.3281
1624181172.4164 338.7656
1624181172.5045 338.7656
1624181172.6163 338.7656
1624181172.7556 338.7656
1624181172.8165 338.7656
1624181172.9595 338.8711
1624181173.0597 338.8711
1624181173.1555 339.3867
1624181173.2596 339.5352
1624181173.3307 341.0820
1624181173.4594 341.0820
1624181173.5307 341.0820
1624181173.6450 341.0820
1624181173.7310 342.1641
1624181173.8483 342.1641
1624181173.9309 342.1641
1624181174.0326 342.1641
1624181174.1553 342.1641
1624181174.2298 342.3438
1624181174.3375 342.8164
1624181174.4366 342.9336
1624181174.5327 343.1914
1624181174.6312 343.5703
1624181174.7325 343.9961
1624181174.7602 344.0859
1624181174.9320 344.3438
1624181175.0329 345.0078
1624181175.1320 345.0430
1624181175.2322 345.0430
1624181175.3320 346.6836
1624181175.4309 346.6836
1624181175.5324 346.6836
1624181175.6291 346.6836
1624181175.7293 346.7109
1624181175.8293 347.2852
1624181175.9292 347.2852
1624181176.0293 347.2852
1624181176.1290 348.8906
1624181176.2285 348.8906
1624181176.3281 348.8906
1624181176.4293 349.7422
1624181176.5281 349.7422
1624181176.6554 349.7422
1624181176.7555 349.7422
1624181176.8132 349.7422
1624181176.9554 351.0625
1624181176.9597 351.0625
1624181177.1554 351.0625
1624181177.2138 351.8047
1624181177.3013 351.8047
1624181177.4016 351.8047
1624181177.5138 351.8711
1624181177.6129 352.2539
1624181177.7289 352.3672
1624181177.8555 352.3672
1624181177.9285 354.0039
1624181178.0286 354.0039
1624181178.1288 354.0039
1624181178.2267 354.0039
1624181178.3278 355.2305
1624181178.4284 355.2305
1624181178.5292 355.2305
1624181178.6271 355.3984
1624181178.7277 355.7109
1624181178.8553 356.0195
1624181178.9264 356.3008
1624181179.0255 356.3281
1624181179.1285 356.4219
1624181179.2277 357.9688
1624181179.3269 357.9688
1624181179.4255 357.9688
1624181179.5235 357.9688
1624181179.6232 358.3438
1624181179.6991 358.5977
1624181179.8051 358.6836
1624181179.8989 359.1992
1624181179.9810 359.5312
1624181180.0825 359.8594
1624181180.1996 360.4961
1624181180.2984 360.8516
1624181180.3935 361.2109
1624181180.4813 361.5977
1624181180.5817 361.6992
1624181180.6596 361.9570
1624181180.7815 362.5898
1624181180.9552 362.9141
1624181181.0552 362.9141
1624181181.0813 363.4297
1624181181.1815 363.4883
1624181181.2811 364.0039
1624181181.4226 364.0430
1624181181.5028 364.6523
1624181181.5989 364.9023
1624181181.7554 364.9922
1624181181.8251 365.5078
1624181181.9223 365.6250
1624181182.0222 366.2344
1624181182.1254 366.2344
1624181182.2592 366.2344
1624181182.3553 367.8164
1624181182.4592 367.8164
1624181182.5244 367.8164
1624181182.6595 367.8984
1624181182.7118 367.8984
1624181182.7596 368.3789
1624181182.9223 368.8242
1624181182.9596 368.9102
1624181183.1552 368.9102
1624181183.1814 370.5273
1624181183.2937 370.5273
1624181183.3986 370.5273
1624181183.4805 370.5273
1624181183.5818 371.5430
1624181183.6977 371.5430
1624181183.7819 371.5430
1624181183.8817 371.5430
1624181183.9975 371.6055
1624181184.0932 371.8633
1624181184.1813 372.5156
1624181184.2816 372.5156
1624181184.3810 372.5156
1624181184.4810 374.0977
1624181184.5810 374.0977
1624181184.6812 374.0977
1624181184.7924 374.0977
1624181184.9552 374.0977
1624181184.9980 375.3320
1624181185.0933 375.3320
1624181185.2479 375.7383
1624181185.3590 375.7383
1624181185.4552 375.7383
1624181185.4597 375.7383
1624181185.6593 375.7383
1624181185.7589 375.7383
1624181185.8594 376.3945
1624181185.9592 376.3945
1624181186.0595 376.6523
1624181186.1594 376.6523
1624181186.2593 376.8398
1624181186.3587 376.8398
1624181186.4143 378.4570
1624181186.5593 378.4570
1624181186.6585 378.4570
1624181186.7592 378.4961
1624181186.8592 378.4961
1624181186.9593 378.8125
1624181187.0593 378.8906
1624181187.1593 378.8906
1624181187.2593 380.4375
1624181187.3593 380.4375
1624181187.4592 380.4375
1624181187.5120 380.4375
1624181187.6551 381.3281
1624181187.7587 381.3281
1624181187.8130 381.3281
1624181187.9280 381.3281
1624181188.0284 382.1328
1624181188.1282 382.1328
1624181188.2286 382.1328
1624181188.3286 382.1328
1624181188.4136 382.1328
1624181188.5274 383.3516
1624181188.6275 383.3516
1624181188.7135 383.3516
1624181188.7594 383.3516
1624181188.9131 383.3516
1624181189.0137 383.3516
1624181189.1137 383.3750
1624181189.2286 383.5000
1624181189.3272 383.5000
1624181189.4593 385.1289
1624181189.5290 385.1289
1624181189.6139 385.1289
1624181189.7139 385.1289
1624181189.8139 385.1289
1624181189.9141 385.1289
1624181190.0008 385.1758
1624181190.1141 385.1758
1624181190.2551 386.8203
1624181190.3010 386.8203
1624181190.4132 386.8203
1624181190.5550 386.8203
1624181190.6551 387.5625
1624181190.6594 387.5625
1624181190.7594 387.9883
1624181190.8594 387.9883
1624181191.0014 387.9883
1624181191.1141 387.9883
1624181191.2590 388.6562
1624181191.3144 388.6562
1624181191.4590 388.6562
1624181191.5588 388.6562
1624181191.6140 388.6562
1624181191.7593 388.6562
1624181191.8138 388.6562
1624181191.9147 388.8906
1624181192.0139 389.4570
1624181192.1148 389.6133
1624181192.2589 389.6133
1624181192.3591 389.6133
1624181192.4592 390.1289
1624181192.5550 390.1289
1624181192.6146 390.1289
1624181192.7591 390.5195
1624181192.7881 390.5195
1624181192.9148 390.7773
1624181193.0150 390.7812
1624181193.1146 390.8164
1624181193.2592 391.4180
1624181193.3592 391.6758
1624181193.4152 391.6758
1624181193.5146 391.6758
1624181193.6119 393.1992
1624181193.7208 393.1992
1624181193.8192 393.1992
1624181193.9126 393.1992
1624181194.0197 393.1992
1624181194.1209 394.2812
1624181194.2161 394.2812
1624181194.3151 394.2812
1624181194.4109 394.9062
1624181194.5215 394.9062
1624181194.6262 394.9062
1624181194.7293 394.9062
1624181194.8297 394.9062
1624181194.9154 394.9062
1624181194.9593 394.9062
1624181195.0597 394.9062
1624181195.2549 395.3281
1624181195.3161 395.3633
1624181195.4157 395.6211
1624181195.5590 395.7656
1624181195.6153 395.7656
1624181195.7038 396.0234
1624181195.8158 396.1211
1624181195.9153 397.7383
1624181196.0161 397.7383
1624181196.1161 397.7383
1624181196.2161 397.7383
1624181196.3587 397.7383
1624181196.4159 397.7383
1624181196.5042 397.8281
1624181196.5962 397.8281
1624181196.6766 398.0859
1624181196.7762 398.6406
1624181196.8751 398.9336
1624181196.9751 399.3828
1624181197.0747 399.5156
1624181197.1827 400.0312
1624181197.2762 400.4297
1624181197.3750 401.0781
1624181197.4750 401.3047
1624181197.5754 401.4062
1624181197.6592 401.6641
1624181197.7596 401.9531
1624181197.9550 402.1758
1624181198.0551 402.3438
1624181198.1369 402.4375
1624181198.2319 402.6094
1624181198.3310 402.6172
1624181198.4589 402.7695
1624181198.5590 403.1172
1624181198.6589 403.3750
1624181198.7549 403.3750
1624181198.8549 403.6289
1624181198.8592 403.6289
1624181198.9592 403.7578
1624181199.0592 403.9023
1624181199.2590 404.0703
1624181199.3589 404.0703
1624181199.4548 404.0703
1624181199.5588 404.6953
1624181199.5594 404.6953
1624181199.6592 404.9531
1624181199.8549 404.9961
1624181199.9590 405.4531
1624181200.0588 405.6172
1624181200.1590 405.6172
1624181200.2480 405.6172
1624181200.3589 406.2969
1624181200.4548 406.2969
1624181200.4592 406.6328
1624181200.5592 406.6328
1624181200.7549 406.8086
1624181200.8590 406.8086
1624181200.8594 406.8086
1624181200.9595 406.8086
1624181201.1590 407.0117
1624181201.2590 408.5586
1624181201.2593 408.5586
1624181201.3591 408.5586
1624181201.5547 408.5586
1624181201.6132 408.5586
1624181201.7588 408.5586
1624181201.7591 408.5586
1624181201.8591 408.5586
1624181201.9593 409.7031
1624181202.1590 409.7031
1624181202.2549 409.7031
1624181202.3588 409.7031
1624181202.3951 409.7031
1624181202.5589 409.7031
1624181202.6589 409.7031
1624181202.7589 409.7031
1624181202.7591 409.7031
1624181202.9154 409.7031
1624181202.9593 409.7148
1624181203.0945 409.9141
1624181203.2341 410.1719
1624181203.3345 410.2266
1624181203.4338 410.4844
1624181203.5338 410.8711
1624181203.6338 411.3477
1624181203.7327 411.3945
1624181203.8335 411.3945
1624181203.9327 411.3945
1624181204.0337 412.0195
1624181204.1339 412.0547
1624181204.2547 412.0547
1624181204.3548 412.0547
1624181204.4548 412.6758
1624181204.5548 412.6758
1624181204.6327 412.9336
1624181204.7339 412.9336
1624181204.8548 413.2031
1624181204.9339 413.2305
1624181205.0338 413.2305
1624181205.0944 413.2305
1624181205.1944 414.8438
1624181205.3338 414.8438
1624181205.4344 414.8438
1624181205.5338 414.8438
1624181205.6338 414.8438
1624181205.7337 414.8438
1624181205.8299 414.8438
1624181205.9547 414.8438
1624181206.0338 414.8438
1624181206.1332 414.8438
1624181206.2339 414.8438
1624181206.3345 414.9648
1624181206.4343 415.2227
1624181206.5342 415.2969
1624181206.6326 415.5547
1624181206.7326 415.5703
1624181206.8338 415.7852
1624181206.9338 415.9336
1624181207.0337 416.1914
1624181207.1326 416.2031
1624181207.2326 416.3945
1624181207.3325 416.6523
1624181207.4325 416.6562
1624181207.5318 416.8086
1624181207.6546 417.0664
1624181207.7338 417.0664
1624181207.8587 417.1992
1624181207.9190 417.1992
1624181207.9590 417.1992
1624181208.1547 418.8164
1624181208.1592 418.8164
1624181208.2594 418.8164
1624181208.4588 418.8164
1624181208.5590 419.3477
1624181208.5594 419.3477
1624181208.7589 419.3477
1624181208.7590 419.3477
1624181208.9589 419.3477
1624181209.0588 419.3477
1624181209.1587 419.3477
1624181209.1939 419.3477
1624181209.3546 419.3477
1624181209.4585 420.4336
1624181209.5545 420.4336
1624181209.6190 420.4336
1624181209.7292 420.4336
1624181209.8296 420.4336
1624181209.9189 420.4336
1624181209.9941 420.4336
1624181210.1191 420.4336
1624181210.2189 420.4336
1624181210.3187 420.4336
1624181210.4294 420.4336
1624181210.5198 420.6445
1624181210.5940 420.6445
1624181210.7587 420.6953
1624181210.7933 420.6953
1624181210.8589 420.6953
1624181211.0188 420.9531
1624181211.1188 421.1523
1624181211.2546 421.4102
1624181211.3587 421.4102
1624181211.4185 421.5156
1624181211.5585 421.5156
1624181211.6186 421.5156
1624181211.7587 423.0625
1624181211.8583 423.0625
1624181211.9546 423.0625
1624181212.0587 423.0625
1624181212.1585 423.0625
1624181212.2313 423.0625
1624181212.3545 423.0625
1624181212.3589 423.0625
1624181212.5545 423.1562
1624181212.6585 423.1562
1624181212.7122 423.1562
1624181212.8587 423.6719
1624181212.9585 423.6719
1624181213.0583 423.6719
1624181213.1475 423.6719
1624181213.2295 423.7031
1624181213.3313 423.8086
1624181213.4315 423.8672
1624181213.5319 424.2344
1624181213.6335 424.3398
1624181213.7338 424.5977
1624181213.8305 424.8672
1624181213.9545 425.0352
1624181214.0334 425.0352
1624181214.1545 425.1602
1624181214.2336 425.3086
1624181214.3338 425.4531
1624181214.4333 425.5977
1624181214.5325 425.7500
1624181214.6294 426.0078
1624181214.7336 426.0078
1624181214.8305 426.2656
1624181214.9302 426.3047
1624181215.0304 426.5625
1624181215.1328 426.6094
1624181215.2308 426.8672
1624181215.3332 426.8672
1624181215.4316 427.0000
1624181215.5545 427.0000
1624181215.6174 427.3398
1624181215.7174 427.3477
1624181215.8315 427.6055
1624181215.9336 427.6055
1624181216.0304 427.8594
1624181216.1306 427.8672
1624181216.2304 428.0352
1624181216.3303 428.1953
1624181216.4304 428.3828
1624181216.5314 428.5469
1624181216.6544 428.7148
1624181216.7317 428.8633
1624181216.8544 429.0117
1624181216.9309 429.0117
1624181217.0168 429.3945
1624181217.1170 429.4219
1624181217.2545 429.4219
1624181217.3144 429.8203
1624181217.4167 429.8672
1624181217.4916 430.1250
1624181217.6166 430.1250
1624181217.7470 430.3789
1624181217.8165 430.4180
1624181217.9165 430.6016
1624181218.0161 430.8594
1624181218.1168 430.9375
1624181218.2164 431.1953
1624181218.3162 431.3789
1624181218.4571 431.3789
1624181218.5585 431.3789
1624181218.6569 431.3789
1624181218.6735 432.1523
1624181218.8469 432.3750
1624181218.8732 432.3750
1624181219.0545 432.3750
1624181219.0740 432.6094
1624181219.1587 432.7344
1624181219.3585 433.0312
1624181219.4543 433.2891
1624181219.5364 433.2891
1624181219.6355 433.3242
1624181219.7308 433.8398
1624181219.8361 433.8398
1624181219.9299 433.8398
1624181220.0544 435.3516
1624181220.1545 435.3516
1624181220.2292 435.3516
1624181220.3294 435.3516
1624181220.4324 435.3516
1624181220.5292 435.3516
1624181220.6358 435.3516
1624181220.7302 436.5547
1624181220.8294 436.5547
1624181220.9296 436.5547
1624181221.0299 436.5547
1624181221.1544 436.5547
1624181221.2324 436.5547
1624181221.3278 437.5352
1624181221.4323 437.5352
1624181221.5250 437.5352
1624181221.6309 437.5352
1624181221.7247 438.4922
1624181221.8251 438.4922
1624181221.9237 438.4922
1624181222.0280 438.4922
1624181222.1143 438.4922
1624181222.2291 438.4922
1624181222.3291 439.5586
1624181222.4291 439.5586
1624181222.5284 439.5586
1624181222.6280 439.5586
1624181222.7543 439.5586
1624181222.8287 439.5586
1624181222.9287 440.5000
1624181223.0281 440.5000
1624181223.1277 440.5000
1624181223.2273 440.5000
1624181223.3283 440.5000
1624181223.4135 440.5000
1624181223.5544 441.5156
1624181223.6129 441.5156
1624181223.7542 441.5156
1624181223.8130 441.5156
1624181223.9130 441.5156
1624181224.0130 441.5156
1624181224.1543 441.5156
1624181224.2129 442.6758
1624181224.3129 442.6758
1624181224.4579 442.6758
1624181224.5130 442.6758
1624181224.6128 442.6758
1624181224.7132 442.6758
1624181224.8132 442.6758
1624181224.9134 442.6758
1624181225.0583 442.6758
1624181225.1581 442.9883
1624181225.2585 443.0781
1624181225.3147 443.0781
1624181225.4150 444.6250
1624181225.5154 444.6250
1624181225.6107 444.6250
1624181225.6968 444.6250
1624181225.8035 444.6250
1624181225.8974 444.8477
1624181226.0036 445.1055
1624181226.0990 445.3984
1624181226.1857 445.4453
1624181226.2997 445.7031
1624181226.4054 445.8828
1624181226.5011 446.1406
1624181226.5587 446.1445
1624181226.7031 446.1445
1624181226.7899 446.7305
1624181226.9542 446.7305
1624181227.0544 446.8789
1624181227.1544 448.4258
1624181227.1951 448.4258
1624181227.2961 448.4258
1624181227.3968 449.0391
1624181227.5546 449.0391
1624181227.6490 449.0391
1624181227.7482 449.0391
1624181227.8477 449.1172
1624181227.9497 449.2461
1624181228.0496 449.7617
1624181228.0704 449.8242
1624181228.1702 450.0820
1624181228.2725 450.2500
1624181228.3723 450.5078
1624181228.4739 450.6797
1624181228.5749 450.7188
1624181228.6757 451.1836
1624181228.8527 451.4180
1624181228.9491 451.6016
1624181229.0475 451.6484
1624181229.1467 451.8203
1624181229.2580 451.9766
1624181229.2585 452.2344
1624181229.4581 452.3320
1624181229.5546 452.3320
1624181229.6584 452.7266
1624181229.6651 452.7266
1624181229.7831 452.9844
1624181229.8848 453.3789
1624181229.9852 453.9062
1624181230.0854 454.1758
1624181230.1857 454.2031
1624181230.2861 454.2852
1624181230.3766 455.8320
1624181230.4768 455.8320
1624181230.5777 455.8320
1624181230.6783 455.8320
1624181230.7790 455.8320
1624181230.8796 456.2500
1624181230.9694 456.4570
1624181231.1542 456.5391
1624181231.1703 457.2500
1624181231.2707 457.2500
1624181231.3795 457.5039
1624181231.4760 457.5039
1624181231.5721 457.6797
1624181231.6725 457.8867
1624181231.7695 458.0938
1624181231.8709 458.5625
1624181232.0541 458.7266
1624181232.0742 458.7266
1624181232.1701 458.9102
1624181232.2748 459.0898
1624181232.3746 459.0898
1624181232.5540 460.7422
1624181232.5718 460.7422
1624181232.6716 460.7422
1624181232.7726 460.7422
1624181232.9580 460.8477
1624181233.0581 461.3633
1624181233.1581 461.3633
1624181233.2582 461.6641
1624181233.3541 461.6641
1624181233.4541 462.1797
1624181233.5158 462.5586
1624181233.6133 462.9336
1624181233.7157 463.5938
1624181233.8135 463.8164
1624181233.9159 464.2344
1624181234.0161 464.6680
1624181234.1167 465.1172
1624181234.2138 465.8008
1624181234.3163 466.0195
1624181234.4343 466.4023
1624181234.5564 466.9180
1624181234.5683 466.9180
1624181234.6683 467.4336
1624181234.7706 467.6719
1624181234.8702 467.7188
1624181234.9728 468.0312
1624181235.0740 468.1992
1624181235.1738 469.2305
1624181235.2757 469.3789
1624181235.3759 469.3789
1624181235.4698 469.4336
1624181235.5698 469.9492
1624181235.6696 469.9844
1624181235.7683 470.2422
1624181235.9540 470.4297
1624181236.0582 470.9453
1624181236.1583 470.9453
1624181236.2351 471.4922
1624181236.3351 471.9102
1624181236.4352 472.2461
1624181236.5352 472.8828
1624181236.6565 473.1094
1624181236.7565 473.4961
1624181236.8567 473.9531
1624181236.9581 474.2109
1624181237.0560 474.2109
1624181237.1562 474.8359
1624181237.2564 475.3164
1624181237.3580 475.3164
1624181237.4576 475.9766
1624181237.5581 475.9766
1624181237.5649 476.2344
1624181237.7493 476.3203
1624181237.8492 476.5781
1624181237.8676 476.5781
1624181237.9715 476.7461
1624181238.1539 477.0039
1624181238.2539 477.0664
1624181238.3489 477.2266
1624181238.3717 477.3945
1624181238.4709 477.5742
1624181238.5719 477.7539
1624181238.6649 477.9609
1624181238.7651 478.1484
1624181238.8647 478.8672
1624181238.9653 478.8750
1624181239.0653 479.1328
1624181239.1655 479.1328
1624181239.2643 479.3125
1624181239.3645 479.7266
1624181239.5580 479.9414
1624181239.6580 480.1992
1624181239.7579 480.4961
1624181239.8579 480.7070
1624181239.8967 480.7070
1624181239.9971 481.2773
1624181240.0967 481.6836
1624181240.1967 482.0820
1624181240.2969 482.4492
1624181240.3967 482.8359
1624181240.4961 483.1758
1624181240.5908 483.5391
1624181240.6912 483.6406
1624181240.7830 483.7109
1624181240.8935 483.9219
1624181240.9826 484.3906
1624181241.1571 484.6055
1624181241.1744 484.6055
1624181241.2648 485.1211
1624181241.3650 485.1211
1624181241.4648 485.3750
1624181241.5822 485.4609
1624181241.6822 485.9062
1624181241.7820 485.9062
1624181241.8820 486.0391
1624181241.9820 486.2148
1624181242.0818 486.4062
1624181242.1652 486.6133
1624181242.2822 486.7852
1624181242.4561 487.0469
1624181242.4904 487.0469
1624181242.6562 487.4219
1624181242.7559 487.4219
1624181242.8558 487.6797
1624181242.9564 487.8281
1624181243.0560 487.8594
1624181243.1560 487.8594
1624181243.2556 488.3789
1624181243.3579 488.3789
1624181243.4580 488.6367
1624181243.5580 488.7812
1624181243.6564 488.7812
1624181243.7561 489.0391
1624181243.8558 489.4375
1624181243.8921 489.8516
1624181244.0561 489.8516
1624181244.1562 490.2578
1624181244.2562 490.5195
1624181244.2898 490.7773
1624181244.4561 491.2891
1624181244.4897 491.6250
1624181244.6551 491.7305
1624181244.7558 492.0430
1624181244.7897 492.2344
1624181244.8897 492.2500
1624181244.9915 492.6992
1624181245.1559 492.9883
1624181245.2558 492.9883
1624181245.3559 493.1836
1624181245.4562 493.4414
1624181245.5563 493.4414
1624181245.6565 493.5117
1624181245.7522 493.6562
1624181245.8553 495.2031
1624181245.8702 495.2031
1624181245.9713 495.2031
1624181246.0719 495.2031
1624181246.1725 495.2031
1624181246.2711 495.2031
1624181246.3709 495.2031
1624181246.4719 495.2031
1624181246.5721 495.2031
1624181246.6647 495.4688
1624181246.8289 495.4805
1624181246.9518 495.7734
1624181247.0524 495.7812
1624181247.1522 495.9648
1624181247.1717 496.2227
1624181247.2649 496.2852
1624181247.4559 496.4648
1624181247.5561 496.4648
1624181247.6563 496.7227
1624181247.6647 496.8203
1624181247.8539 496.9961
1624181247.9540 497.2539
1624181248.0523 497.3398
1624181248.1541 497.3398
1624181248.2542 497.5273
1624181248.2648 497.7383
1624181248.4561 497.9141
1624181248.5557 498.0625
1624181248.6550 498.0625
1624181248.7557 498.5078
1624181248.8557 498.5078
1624181248.9557 498.5078
1624181249.0558 499.0195
1624181249.1560 499.0195
1624181249.2558 499.1875
1624181249.3558 499.4453
1624181249.3763 499.4453
1624181249.5561 499.4453
1624181249.6559 499.4453
1624181249.6885 499.6758
1624181249.8560 499.8125
1624181249.9559 499.8125
1624181250.0558 500.0703
1624181250.1557 500.2695
1624181250.1888 500.4688
1624181250.2890 500.7266
1624181250.4560 500.7266
1624181250.5550 500.9844
1624181250.6558 501.0469
1624181250.7561 501.0469
1624181250.7757 501.2227
1624181250.8882 502.7695
1624181250.9888 502.7695
1624181251.0753 502.7695
1624181251.1761 502.7695
1624181251.2769 502.7695
1624181251.3874 502.7695
1624181251.4704 502.7695
1624181251.5704 502.7695
1624181251.6640 504.0820
1624181251.7702 504.0820
1624181251.8696 504.0820
1624181252.0543 504.0820
1624181252.0646 504.0820
1624181252.1646 504.0820
1624181252.2700 504.0820
1624181252.4550 504.0820
1624181252.4755 504.0820
1624181252.6545 504.0820
1624181252.7547 504.2031
1624181252.8537 504.4062
1624181252.9549 504.5625
1624181252.9702 504.7539
1624181253.1541 504.9297
1624181253.1739 505.1445
1624181253.3542 505.2930
1624181253.4542 505.4375
1624181253.5542 505.5938
1624181253.6550 505.6406
1624181253.6756 505.9922
1624181253.7698 505.9961
1624181253.8748 506.1680
1624181254.0549 506.3242
1624181254.1539 506.5156
1624181254.1696 506.7109
1624181254.2755 506.8320
1624181254.3753 506.8320
1624181254.4754 507.2461
1624181254.6467 507.2461
1624181254.7559 507.4727
1624181254.8556 507.5547
1624181254.9556 507.6016
1624181255.0558 507.8945
1624181255.1558 507.8945
1624181255.2554 507.8945
1624181255.2885 508.0742
1624181255.3879 508.1484
1624181255.4891 508.5234
1624181255.5688 508.5234
1624181255.7551 508.5234
1624181255.8559 508.5234
1624181255.9558 508.9492
1624181256.0558 508.9492
1624181256.0883 509.2070
1624181256.2555 509.2109
1624181256.3548 509.4766
1624181256.3888 509.4766
1624181256.4889 509.7500
1624181256.5886 509.7500
1624181256.7463 509.7891
1624181256.7869 509.8945
1624181256.9576 510.1562
1624181257.0577 510.1562
1624181257.1564 510.2539
1624181257.2556 510.2539
1624181257.3556 510.2539
1624181257.4557 510.4453
1624181257.5556 510.7656
1624181257.5679 510.7656
1624181257.6742 510.7656
1624181257.8525 510.8008
1624181257.8742 512.4336
1624181258.0560 512.4336
1624181258.1560 512.4336
1624181258.2560 512.4336
1624181258.3560 512.4336
1624181258.4560 512.4336
1624181258.5561 512.4336
1624181258.6560 512.4336
1624181258.6740 512.4336
1624181258.8505 512.4336
1624181258.8736 512.6172
1624181258.9738 512.7227
1624181259.0937 512.8867
1624181259.2545 513.0742
1624181259.3296 513.2461
1624181259.3736 513.5039
1624181259.5548 513.7344
1624181259.5718 513.7344
1624181259.7546 513.9922
1624181259.8559 514.0781
1624181259.9559 514.3359
1624181260.0559 514.3359
1624181260.1559 514.3359
1624181260.2557 515.9492
1624181260.3559 515.9492
1624181260.3716 515.9492
1624181260.5559 515.9492
1624181260.5716 515.9492
1624181260.6716 515.9492
1624181260.8562 515.9492
1624181260.8710 515.9492
1624181261.0559 515.9492
1624181261.1559 516.1367
1624181261.2552 516.1367
1624181261.3545 516.5195
1624181261.3691 516.5195
1624181261.5506 517.0352
1624181261.6514 517.2656
1624181261.7551 517.4844
1624181261.8503 517.4844
1624181261.9457 517.9102
1624181262.0472 517.9102
1624181262.1461 518.0703
1624181262.2430 518.2734
1624181262.3428 518.7031
1624181262.4455 518.9531
1624181262.5363 518.9531
1624181262.6451 519.2070
1624181262.7282 519.4297
1624181262.8266 519.4492
1624181262.9235 519.7539
1624181263.0469 519.7539
1624181263.1399 520.0117
1624181263.2397 520.0117
1624181263.3549 520.3125
1624181263.4525 520.6602
1624181263.5090 521.0820
1624181263.6529 521.7852
1624181263.7110 522.2656
1624181263.8108 522.5156
1624181263.9565 523.0898
1624181264.0107 523.0898
1624181264.1115 523.6055
1624181264.2117 523.9258
1624181264.3101 523.9258
1624181264.4507 524.1523
1624181264.5019 524.1523
1624181264.6094 524.3594
1624181264.7005 524.7969
1624181264.8099 525.0430
1624181264.9021 525.3594
1624181265.0017 525.6211
1624181265.1115 525.6211
1624181265.2102 525.7969
1624181265.3088 526.3125
1624181265.4109 526.7695
1624181265.5098 527.1562
1624181265.6114 527.5273
1624181265.7095 527.8516
1624181265.8123 528.1992
1624181265.9123 528.8750
1624181266.0166 529.1719
1624181266.1167 529.8789
1624181266.2168 530.3594
1624181266.3158 530.7383
1624181266.4107 531.4648
1624181266.5099 531.7188
1624181266.6102 532.0938
1624181266.7116 532.2617
1624181266.8098 532.6133
1624181266.9093 532.8477
1624181267.0013 532.8477
1624181267.1546 532.9922
1624181267.2013 533.4414
1624181267.3023 533.4414
1624181267.4020 533.5859
1624181267.5102 533.7852
1624181267.6017 533.9648
1624181267.7103 534.2227
1624181267.8115 534.3086
1624181267.9103 534.5156
1624181268.0093 534.7188
1624181268.1105 534.8828
1624181268.2118 535.4688
1624181268.3102 535.6016
1624181268.4104 535.9531
1624181268.5104 535.9531
1624181268.6104 536.3203
1624181268.7129 536.5195
1624181268.8121 537.0352
1624181268.9121 537.0352
1624181269.0120 537.2734
1624181269.1122 537.7891
1624181269.2105 537.7891
1624181269.3095 537.7891
1624181269.4506 538.3438
1624181269.5509 538.5508
1624181269.6108 538.6445
1624181269.7504 539.1602
1624181269.8107 539.1602
1624181269.9107 539.4922
1624181270.0109 539.6680
1624181270.1127 539.6680
1624181270.2143 540.1367
1624181270.3104 540.3633
1624181270.4098 540.5039
1624181270.5100 540.5742
1624181270.6100 541.0039
1624181270.7131 541.2188
1624181270.8504 541.2188
1624181270.9506 541.3711
1624181271.0127 541.5234
1624181271.1505 541.6719
1624181271.2116 541.9297
1624181271.3113 541.9883
1624181271.4115 541.9883
1624181271.5115 543.5352
1624181271.6103 543.5352
1624181271.7104 543.5352
1624181271.8117 543.5352
1624181271.9117 543.5352
1624181272.0505 543.5352
1624181272.1105 543.5352
1624181272.2105 543.5352
1624181272.3126 543.6328
1624181272.4119 543.8125
1624181272.5507 543.9844
1624181272.6131 543.9844
1624181272.7121 545.5312
1624181272.8120 545.5312
1624181272.9108 545.5312
1624181273.0503 545.5312
1624181273.1132 545.5312
1624181273.2137 545.5312
1624181273.3110 545.5312
1624181273.4125 545.5312
1624181273.5112 545.5312
1624181273.6125 545.5312
1624181273.7505 545.7344
1624181273.8503 545.8516
1624181273.9503 546.0664
1624181274.0143 546.0664
1624181274.1503 547.6484
1624181274.2276 547.6484
1624181274.3277 547.6484
1624181274.4278 548.0352
1624181274.5402 548.0352
1624181274.6390 548.0352
1624181274.7347 548.0352
1624181274.8343 548.0352
1624181274.9401 548.0352
1624181275.0270 548.0352
1624181275.1552 548.2930
1624181275.2130 548.2930
1624181275.3132 548.2930
1624181275.4132 548.4844
1624181275.5131 549.0820
1624181275.6118 549.1328
1624181275.7133 549.3906
1624181275.8133 549.5078
1624181275.9130 549.7656
1624181276.0122 549.9531
1624181276.1116 550.2109
1624181276.2133 550.3984
1624181276.3134 550.3984
1624181276.4124 550.9141
1624181276.5118 550.9336
1624181276.6136 551.1914
1624181276.7135 551.7461
1624181276.8117 551.7461
1624181276.9135 551.7461
1624181277.0503 551.8633
1624181277.1137 552.3789
1624181277.2126 552.4062
1624181277.3137 552.6641
1624181277.4306 552.8359
1624181277.5229 552.8984
1624181277.6502 553.1562
1624181277.7123 553.1562
1624181277.8126 553.3984
1624181277.9080 553.6602
1624181278.0143 553.8281
1624181278.1080 553.8867
1624181278.2144 553.8867
1624181278.3504 554.1953
1624181278.4123 554.2148
1624181278.5144 554.3750
1624181278.6502 554.5781
1624181278.7503 554.7461
1624181278.8503 554.8984
1624181278.9464 555.2031
1624181279.0457 555.2031
1624181279.1462 555.7188
1624181279.2463 555.9688
1624181279.3466 556.0859
1624181279.4548 556.1367
1624181279.5462 556.6016
1624181279.6157 556.8320
1624181279.7150 556.9961
1624181279.8117 557.2539
1624181279.9572 557.4414
1624181280.0468 557.4414
1624181280.1465 557.8594
1624181280.2502 558.0781
1624181280.3501 558.2734
1624181280.4467 558.5820
1624181280.5548 559.0195
1624181280.6554 559.4062
1624181280.7552 559.6055
1624181280.8131 559.6055
1624181280.9508 560.3789
1624181281.0503 560.4570
1624181281.1120 560.4570
1624181281.2110 560.9727
1624181281.3499 561.0078
1624181281.4500 561.5234
1624181281.5106 561.5234
1624181281.6501 561.6133
1624181281.7065 561.7773
1624181281.8102 563.3242
1624181281.9072 563.3242
1624181282.0060 563.3242
1624181282.1074 563.3242
1624181282.2107 563.5586
1624181282.3032 563.6328
1624181282.4068 564.1484
1624181282.5087 564.4141
1624181282.6072 564.6992
1624181282.7083 565.0391
1624181282.8097 565.0703
1624181282.9071 565.1641
1624181283.0161 566.7109
1624181283.1157 566.7109
1624181283.2151 566.7109
1624181283.3139 566.7969
1624181283.4139 567.0547
1624181283.5126 567.4336
1624181283.6122 567.5977
1624181283.7122 568.1133
1624181283.8099 568.4688
1624181283.9107 568.7773
1624181284.0105 569.1289
1624181284.1102 569.4258
1624181284.2090 569.5391
1624181284.3085 570.1484
1624181284.4071 570.1875
1624181284.5079 570.7969
1624181284.6501 571.0898
1624181284.7188 571.1836
1624181284.8502 571.6992
1624181284.9074 572.1055
1624181285.0501 572.5039
1624181285.1061 572.5469
1624181285.2065 572.6172
1624181285.3058 572.8203
1624181285.4063 574.3672
1624181285.5503 574.3672
1624181285.6247 574.3672
1624181285.7245 574.3672
1624181285.8242 574.3672
1624181285.9240 575.6562
1624181286.0239 575.6562
1624181286.1238 575.6562
1624181286.2500 575.6562
1624181286.3395 575.6562
1624181286.4458 576.1445
1624181286.5500 576.1445
1624181286.6369 576.4961
1624181286.7447 576.4961
1624181286.8500 576.5586
1624181286.9377 577.0117
1624181287.0500 577.1797
1624181287.1569 577.5039
1624181287.2569 577.6914
1624181287.3570 578.2461
1624181287.4548 578.2461
1624181287.5500 578.5039
1624181287.6500 578.7461
1624181287.6697 578.9102
1624181287.7695 579.2070
1624181287.9465 579.4375
1624181288.0536 579.9219
1624181288.1500 579.9219
1624181288.1754 580.2617
1624181288.2754 580.3633
1624181288.4068 580.7148
1624181288.5500 580.7148
1624181288.5738 581.3438
1624181288.6914 581.3438
1624181288.8020 581.3672
1624181288.9501 581.5703
1624181289.0149 583.1172
1624181289.1500 583.1172
1624181289.2500 583.1172
1624181289.3146 583.1172
1624181289.4501 583.1172
1624181289.4986 584.4219
1624181289.6501 584.4219
1624181289.7567 584.4219
1624181289.8502 584.4219
1624181289.9530 584.4219
1624181290.0556 584.4609
1624181290.1554 584.7188
1624181290.2445 584.8555
1624181290.3543 584.8555
1624181290.4501 585.0312
1624181290.5500 585.4922
1624181290.6542 585.6719
1624181290.7496 585.7305
1624181290.8538 585.8906
1624181290.9500 586.2578
1624181291.0501 586.2578
1624181291.1543 586.4805
1624181291.2517 586.6016
1624181291.3500 586.8594
1624181291.4509 586.9609
1624181291.5511 587.2461
1624181291.6423 587.2461
1624181291.7499 587.5039
1624181291.8501 587.5312
1624181291.9481 587.7227
1624181292.0499 587.9141
1624181292.1481 588.1719
1624181292.2477 588.4883
1624181292.3478 588.4883
1624181292.4467 588.6602
1624181292.5450 588.9180
1624181292.6498 588.9688
1624181292.7501 589.2266
1624181292.8497 589.2578
1624181292.9497 589.5156
1624181293.0498 589.7344
1624181293.1501 589.7383
1624181293.2451 589.9492
1624181293.3450 590.1484
1624181293.4446 590.4062
1624181293.5448 590.7695
1624181293.6498 590.7695
1624181293.7432 590.7695
1624181293.8428 591.1250
1624181293.9499 591.1484
1624181294.0496 591.4062
1624181294.1422 591.4648
1624181294.2388 591.6289
1624181294.3385 591.7891
1624181294.4500 592.7305
1624181294.5383 592.7852
1624181294.6502 592.7852
1624181294.7372 592.7852
1624181294.8499 592.7852
1624181294.9498 593.0430
1624181295.0396 593.0430
1624181295.1496 593.2695
1624181295.2502 593.2695
1624181295.3365 593.4922
1624181295.4331 593.4922
1624181295.5324 593.6367
1624181295.6332 593.8242
1624181295.7329 593.9688
1624181295.8500 594.2266
1624181295.9323 594.2266
1624181296.0315 594.3438
1624181296.1498 594.5312
1624181296.2304 594.6836
1624181296.3363 594.9414
1624181296.4496 594.9414
1624181296.5497 595.0781
1624181296.6341 595.3359
1624181296.7334 595.3359
1624181296.8338 595.5000
1624181296.9338 595.8320
1624181296.9775 595.8320
1624181297.1497 595.8320
1624181297.2252 595.8906
1624181297.3499 596.2695
1624181297.4498 596.3633
1624181297.5500 596.5156
1624181297.6498 596.5156
1624181297.7497 596.8789
1624181297.8496 596.9414
1624181297.9495 596.9414
1624181298.0499 597.3164
1624181298.1495 597.3281
1624181298.2497 597.5859
1624181298.3500 597.5977
1624181298.4498 597.5977
1624181298.5498 597.5977
1624181298.6218 599.2383
1624181298.7499 599.2383
1624181298.8497 599.2383
1624181298.9497 599.2383
1624181299.0497 599.2383
1624181299.1495 600.0000
1624181299.2500 600.0000
1624181299.3500 600.0000
1624181299.4499 600.0000
1624181299.5345 600.0000
1624181299.6358 600.0000
1624181299.7497 600.0000
1624181299.8499 600.0000
1624181299.9493 601.0781
1624181300.0336 601.0781
1624181300.1334 601.0781
1624181300.2234 601.0781
1624181300.3317 601.0781
1624181300.4321 601.0781
1624181300.5496 601.0781
1624181300.6201 601.0781
1624181300.7500 601.1172
1624181300.8498 601.3750
1624181300.9497 601.5625
1624181301.0286 601.5625
1624181301.1270 601.6328
1624181301.2494 603.2500
1624181301.3496 603.2500
1624181301.4250 603.2500
1624181301.5257 603.2500
1624181301.6365 603.2500
1624181301.7496 603.2500
1624181301.8498 603.2500
1624181301.9495 603.2500
1624181302.0231 604.6289
1624181302.1218 604.6289
1624181302.2495 604.6289
1624181302.3213 604.6289
1624181302.4200 605.4883
1624181302.5496 605.4883
1624181302.6187 605.4883
1624181302.7495 605.4883
1624181302.8497 605.4883
1624181302.9492 605.4883
1624181303.0371 606.6992
1624181303.1564 606.6992
1624181303.2529 606.6992
1624181303.3498 606.6992
1624181303.4500 606.6992
1624181303.4758 607.0195
1624181303.5790 607.1953
1624181303.6760 607.4844
1624181303.7758 607.6758
1624181303.8758 607.9336
1624181303.9756 608.0781
1624181304.0758 608.0781
1624181304.1799 608.7344
1624181304.2898 608.7344
1624181304.4497 608.7383
1624181304.5497 608.9336
1624181304.6494 608.9336
1624181304.7492 610.5156
1624181304.8498 610.5156
1624181304.8984 610.5156
1624181304.9904 610.5156
1624181305.0980 610.5156
1624181305.2500 610.5156
1624181305.3498 611.5000
1624181305.3912 611.5000
1624181305.4984 611.5000
1624181305.5982 611.5000
1624181305.6984 612.1406
1624181305.8495 612.1406
1624181305.9498 612.1406
1624181306.0495 612.1406
1624181306.0915 612.1406
1624181306.2495 612.1406
1624181306.2982 612.1406
1624181306.3916 612.1406
1624181306.4931 613.2891
1624181306.5988 613.2891
1624181306.6984 613.2891
1624181306.8497 613.2891
1624181306.9495 613.2891
1624181307.0497 613.2891
1624181307.1495 613.2891
1624181307.2497 613.2891
1624181307.3497 613.2891
1624181307.3994 614.7617
1624181307.4903 614.7617
1624181307.5989 614.7617
1624181307.7497 614.7617
1624181307.7990 614.7617
1624181307.9495 614.7617
1624181307.9991 614.7656
1624181308.1497 614.9414
1624181308.2496 614.9414
1624181308.3499 614.9414
1624181308.3969 616.5586
1624181308.5156 616.5586
1624181308.5972 616.5586
1624181308.7157 616.5586
1624181308.8495 617.2109
1624181308.9494 617.2109
1624181309.0139 617.2109
1624181309.1494 617.2109
1624181309.2493 617.9062
1624181309.3121 617.9062
1624181309.4105 617.9062
1624181309.5493 617.9062
1624181309.6494 617.9062
1624181309.7497 617.9062
1624181309.8497 618.8633
1624181309.9496 618.8633
1624181310.0494 618.8633
1624181310.1160 618.8633
1624181310.2065 618.8633
1624181310.3070 618.8633
1624181310.4051 618.8633
1624181310.5497 618.8750
1624181310.6497 619.0586
1624181310.7129 619.0586
1624181310.8494 620.6289
1624181310.9494 620.6289
1624181311.0494 620.6289
1624181311.1497 620.6289
1624181311.2131 620.6289
1624181311.3126 620.6289
1624181311.4032 621.9141
1624181311.5494 621.9141
1624181311.6024 621.9141
1624181311.7494 621.9141
1624181311.8016 621.9141
1624181311.9496 621.9141
1624181312.0494 621.9141
1624181312.1495 622.0586
1624181312.2493 622.1680
1624181312.3496 622.6836
1624181312.3971 622.7812
1624181312.5493 622.7812
1624181312.6492 622.7812
1624181312.7220 624.3477
1624181312.8495 624.3477
1624181312.9214 624.3477
1624181313.0494 624.3477
1624181313.1494 624.3477
1624181313.2495 624.3477
1624181313.3447 624.4883
1624181313.4494 624.4883
1624181313.5562 624.6211
1624181313.6489 624.6211
1624181313.7493 624.8789
1624181313.8493 625.2695
1624181313.9562 625.5234
1624181314.0493 625.5234
1624181314.1493 625.7812
1624181314.2494 625.9805
1624181314.3461 626.2383
1624181314.4493 626.2383
1624181314.5513 626.3828
1624181314.6440 626.6406
1624181314.7491 626.6406
1624181314.8492 626.8750
1624181314.9493 626.9258
1624181315.0442 627.1836
1624181315.1493 627.1836
1624181315.2470 627.4297
1624181315.3476 627.4297
1624181315.4493 627.6055
1624181315.5476 627.7930
1624181315.6492 627.7930
1624181315.7476 629.3398
1624181315.8474 629.3398
1624181315.9494 629.3398
1624181316.0494 629.3398
1624181316.1493 629.3398
1624181316.2450 630.0430
1624181316.3459 630.0430
1624181316.4490 630.0430
1624181316.5444 630.0430
1624181316.6496 630.5391
1624181316.7492 630.5391
1624181316.8425 630.5391
1624181316.9420 630.5391
1624181317.0494 631.0117
1624181317.1492 631.0117
1624181317.2496 631.0117
1624181317.3497 631.0117
1624181317.4492 631.0117
1624181317.5495 631.0117
1624181317.6395 631.0117
1624181317.7495 631.0117
1624181317.8386 631.0117
1624181317.9490 631.0547
1624181318.0490 631.0547
1624181318.1491 631.0547
1624181318.2440 631.6914
1624181318.3435 631.7461
1624181318.4441 631.8281
1624181318.5418 631.8281
1624181318.6415 631.8984
1624181318.7421 632.5195
1624181318.7600 632.8320
1624181318.8598 633.0664
1624181318.9598 633.1836
1624181319.0600 633.2070
1624181319.2494 633.3867
1624181319.3491 633.5586
1624181319.4489 633.6953
1624181319.5491 633.6953
1624181319.6423 634.0234
1624181319.7367 634.0352
1624181319.8490 634.0352
1624181319.9491 634.1055
1624181320.0493 634.1758
1624181320.1494 634.5430
1624181320.2496 634.5430
1624181320.3382 634.6602
1624181320.4491 634.9180
1624181320.5494 634.9180
1624181320.6492 635.1641
1624181320.7492 635.1641
1624181320.8488 635.1641
1624181320.9413 635.2656
1624181321.0492 635.3203
1624181321.1493 635.4609
1624181321.2493 637.0078
1624181321.3494 637.0078
1624181321.4492 637.0078
1624181321.5412 637.0078
1624181321.6493 637.0078
1624181321.7371 637.0078
1624181321.8490 637.0078
1624181321.9494 637.0078
1624181322.0490 637.0078
1624181322.1490 637.0078
1624181322.2490 637.0078
1624181322.3489 637.2656
1624181322.4493 637.2656
1624181322.5491 637.2656
1624181322.6489 637.3203
1624181322.7491 637.6484
1624181322.8492 637.9258
1624181322.9490 638.0977
1624181323.0418 638.0977
1624181323.1490 638.0977
1624181323.2380 638.1680
1624181323.3487 638.3672
1624181323.4366 638.3672
1624181323.5489 638.6250
1624181323.6489 638.6250
1624181323.7492 638.6250
1624181323.8365 640.1523
1624181323.9380 640.1523
1624181324.0380 640.1523
1624181324.1380 640.1523
1624181324.2491 640.1523
1624181324.3490 640.1523
1624181324.4491 640.1523
1624181324.5487 640.1523
1624181324.6491 640.1523
1624181324.7490 640.1523
1624181324.8379 640.1953
1624181324.9493 640.1953
1624181325.0494 640.1953
1624181325.1413 640.2344
1624181325.2490 640.4492
1624181325.3490 640.6094
1624181325.4492 640.6094
1624181325.5380 640.6797
1624181325.6492 640.8945
1624181325.7381 640.8945
1624181325.8417 641.1836
1624181325.9490 641.1836
1624181326.0490 641.1836
1624181326.1490 641.2461
1624181326.2379 641.5859
1624181326.3433 641.5859
1624181326.4381 641.5859
1624181326.5414 641.6289
1624181326.6490 641.6562
1624181326.7493 641.7461
1624181326.8492 641.8164
1624181326.9491 642.3789
1624181327.0381 642.3789
1624181327.1489 642.3789
1624181327.2490 642.3789
1624181327.3381 642.4297
1624181327.4381 642.4297
1624181327.5381 642.5195
1624181327.6379 642.5898
1624181327.7490 643.1406
1624181327.8424 643.1406
1624181327.9488 643.1406
1624181328.0435 643.1406
1624181328.1489 643.3867
1624181328.2548 643.4180
1624181328.3490 643.4180
1624181328.4490 643.6758
1624181328.5491 643.7617
1624181328.6492 643.7617
1624181328.7488 643.7617
1624181328.8492 643.8320
1624181328.9433 644.1602
1624181329.0492 644.1602
1624181329.1491 644.4023
1624181329.2489 644.4023
1624181329.3490 644.4023
1624181329.4413 644.5820
1624181329.5434 644.5820
1624181329.6378 644.6523
1624181329.7489 644.9805
1624181329.8380 644.9805
1624181329.9489 645.2031
1624181330.0491 645.2031
1624181330.1489 645.2031
1624181330.2435 645.2070
1624181330.3492 645.2305
1624181330.4381 645.2500
1624181330.5381 645.4141
1624181330.6380 645.9297
1624181330.7380 645.9297
1624181330.8380 645.9297
1624181330.9488 645.9297
1624181331.0490 645.9297
1624181331.1365 646.2188
1624181331.2412 646.2383
1624181331.3502 646.2383
1624181331.4489 646.4961
1624181331.5489 646.5234
1624181331.6421 646.5234
1624181331.7279 646.5234
1624181331.8486 646.7812
1624181331.9380 646.7812
1624181332.0490 646.7812
1624181332.1491 646.8516
1624181332.2381 646.9219
1624181332.3488 646.9922
1624181332.4364 647.0625
1624181332.5377 647.3477
1624181332.6514 647.3672
1624181332.7488 647.3672
1624181332.8488 647.4375
1624181332.9513 647.5078
1624181333.0490 647.8359
1624181333.1503 647.8359
1624181333.2489 647.8359
1624181333.3493 647.8711
1624181333.4487 648.1992
1624181333.5489 648.1992
1624181333.6491 648.1992
1624181333.7491 648.1992
1624181333.8491 648.4180
1624181333.9489 648.6250
1624181334.0487 648.6250
1624181334.1489 648.6250
1624181334.2366 648.7734
1624181334.3488 648.7734
1624181334.4489 649.0312
1624181334.5491 649.1367
1624181334.6488 649.1367
1624181334.7491 649.1367
1624181334.8434 649.2070
1624181334.9489 649.2773
1624181335.0489 649.6172
1624181335.1425 649.6172
1624181335.2488 649.6172
1624181335.3486 649.6172
1624181335.4490 649.6758
1624181335.5488 649.6758
1624181335.6490 651.2539
1624181335.7381 651.2539
1624181335.8490 651.2539
1624181335.9414 651.2539
1624181336.0412 651.2539
1624181336.1489 651.2539
1624181336.2490 651.2539
1624181336.3487 651.2539
1624181336.4490 651.2539
1624181336.5488 651.2539
1624181336.6381 651.2539
1624181336.7488 651.2539
1624181336.8488 651.2539
1624181336.9488 651.4336
1624181337.0515 651.4414
1624181337.1488 651.5820
1624181337.2367 651.5820
1624181337.3381 651.7383
1624181337.4423 651.7383
1624181337.5487 651.9219
1624181337.6489 651.9219
1624181337.7489 652.1797
1624181337.8368 652.2031
1624181337.9488 652.2031
1624181338.0500 652.2031
1624181338.1489 652.2031
1624181338.2373 652.2734
1624181338.2752 652.3438
1624181338.3751 652.4141
1624181338.5487 652.4141
1624181338.5751 652.4375
1624181338.7512 652.6719
1624181338.8487 652.6719
1624181338.9486 652.9297
1624181339.0486 652.9297
1624181339.1488 652.9844
1624181339.2486 653.0547
1624181339.3416 654.6016
1624181339.4396 654.6016
1624181339.5382 654.6016
1624181339.6487 654.6016
1624181339.7487 654.6016
1624181339.8489 654.6016
1624181339.9488 654.6016
1624181340.0484 655.1758
1624181340.1487 655.1758
1624181340.2485 655.1758
1624181340.3515 655.1758
1624181340.4366 655.1758
1624181340.5367 655.1758
1624181340.6367 655.1758
1624181340.7382 655.1758
1624181340.8370 655.1758
1624181340.9516 655.1758
1624181341.0516 655.1758
1624181341.1486 655.1758
1624181341.2488 655.1758
1624181341.3488 655.1758
1624181341.4485 655.1758
1624181341.5487 655.1758
1624181341.6486 655.2500
1624181341.7490 655.2500
1624181341.8485 655.2500
1624181341.9488 655.3125
1624181342.0496 655.3359
1624181342.1491 655.3555
1624181342.2487 655.8789
1624181342.3387 655.9297
1624181342.4487 655.9297
1624181342.5488 655.9297
1624181342.6488 655.9297
1624181342.7489 656.0000
1624181342.8489 656.0000
1624181342.9488 656.0000
1624181343.0345 657.5469
1624181343.0662 657.5469
1624181343.2488 657.5469
1624181343.3360 657.5469
1624181343.4488 657.5469
1624181343.5363 657.5469
1624181343.6484 657.5469
1624181343.7487 657.5469
1624181343.8487 657.5469
1624181343.9394 657.5469
1624181344.0488 657.5469
1624181344.1400 657.5469
1624181344.2404 657.5469
1624181344.3400 657.5469
1624181344.4488 657.5469
1624181344.5486 658.7773
1624181344.6486 658.7773
1624181344.7487 658.7773
1624181344.8487 658.7773
1624181344.9489 658.7773
1624181345.0486 658.7773
1624181345.1491 658.7773
1624181345.2361 658.7773
1624181345.3486 658.7773
1624181345.4492 658.7773
1624181345.5403 658.7773
1624181345.6401 658.7773
1624181345.7403 658.7773
1624181345.8485 658.7773
1624181345.9360 658.7773
1624181346.0404 658.7773
1624181346.1361 658.9258
1624181346.2486 658.9258
1624181346.3486 658.9258
1624181346.4488 658.9805
1624181346.5488 659.0508
1624181346.6489 659.0508
1624181346.7486 659.1211
1624181346.8384 659.1914
1624181346.9486 659.2617
1624181347.0361 659.2617
1624181347.1485 659.3828
1624181347.2485 659.3906
1624181347.3403 659.4648
1624181347.4407 659.5352
1624181347.5401 659.5352
1624181347.6403 659.5664
1624181347.7364 661.1641
1624181347.8361 661.1641
1624181347.9489 661.1641
1624181348.0487 661.1641
1624181348.1489 661.1641
1624181348.2486 661.1641
1624181348.3486 661.1641
1624181348.4484 661.1641
1624181348.5481 661.1641
1624181348.6483 661.1641
1624181348.7484 661.1641
1624181348.8333 661.1641
1624181348.9334 661.1641
1624181349.0335 661.1641
1624181349.1335 661.1641
1624181349.2335 661.1641
1624181349.3488 661.1641
1624181349.4486 661.3242
1624181349.5482 661.3242
1624181349.6487 661.3242
1624181349.7485 661.3242
1624181349.8323 661.3945
1624181349.9483 661.6875
1624181350.0324 661.6875
1624181350.1324 661.6875
1624181350.2324 661.7266
1624181350.3325 661.7266
1624181350.4327 661.7969
1624181350.5325 661.7969
1624181350.6325 662.0703
1624181350.7487 662.0703
1624181350.8485 662.0703
1624181350.9309 662.5664
1624181351.0311 662.5664
1624181351.1313 662.5664
1624181351.2186 662.5664
1624181351.3119 663.0938
1624181351.4187 663.0938
1624181351.5187 663.6016
1624181351.6121 663.6562
1624181351.7185 663.7500
1624181351.8117 664.0078
1624181351.9486 664.1289
1624181352.0188 664.3867
1624181352.1485 664.5039
1624181352.2484 664.7617
1624181352.3482 664.9336
1624181352.4184 665.1914
1624181352.5487 665.1914
1624181352.6315 665.1914
1624181352.7484 665.5977
1624181352.8311 665.5977
1624181352.9484 665.5977
1624181353.0484 665.5977
1624181353.1486 665.7383
1624181353.2483 665.8164
1624181353.3482 667.3633
1624181353.4301 667.3633
1624181353.5339 667.3633
1624181353.6482 667.3633
1624181353.7485 667.3633
1624181353.8484 667.3633
1624181353.9483 667.3633
1624181354.0486 667.3633
1624181354.1488 668.0938
1624181354.2485 668.0938
1624181354.3300 668.0938
1624181354.4483 668.0938
1624181354.5482 668.0938
1624181354.6484 668.0938
1624181354.7483 668.0938
1624181354.8486 668.0938
1624181354.9285 668.0938
1624181355.0485 668.0938
1624181355.1281 668.0938
1624181355.2307 668.0938
1624181355.3484 668.0938
1624181355.4486 668.0938
1624181355.5485 668.0938
1624181355.6265 668.0938
1624181355.7316 668.0938
1624181355.8486 668.4453
1624181355.9483 668.4453
1624181356.0235 668.4453
1624181356.1233 668.4453
1624181356.2481 668.4453
1624181356.3225 668.4961
1624181356.4483 668.8242
1624181356.5486 668.8242
1624181356.6484 668.8359
1624181356.7483 668.9062
1624181356.8221 669.0234
1624181356.9481 669.0234
1624181357.0213 669.2812
1624181357.1483 669.2812
1624181357.2483 669.2812
1624181357.3483 669.2812
1624181357.4484 669.3164
1624181357.5486 669.3867
1624181357.6484 669.4570
1624181357.7483 669.5273
1624181357.8483 669.5977
1624181357.9481 669.6680
1624181358.0151 669.6680
1624181358.1483 669.6680
1624181358.2172 671.2148
1624181358.3482 671.2148
1624181358.4482 671.2148
1624181358.5482 671.2148
1624181358.6482 671.2148
1624181358.7139 671.2148
1624181358.8136 671.2148
1624181358.9486 671.2148
1624181359.0183 671.2148
1624181359.1483 671.2148
1624181359.2483 671.2148
1624181359.3480 671.2148
1624181359.4093 671.2148
1624181359.5089 671.2148
1624181359.6482 671.2148
1624181359.7480 671.2148
1624181359.8483 671.2383
1624181359.9482 671.3438
1624181360.0481 671.6016
1624181360.1061 671.6328
1624181360.2065 671.6328
1624181360.3485 671.6328
1624181360.4059 671.8047
1624181360.5166 671.8047
1624181360.6160 671.9961
1624181360.7482 672.2539
1624181360.8481 672.2539
1624181360.9208 672.2539
1624181361.0481 672.3047
1624181361.1482 672.3047
1624181361.2482 672.3047
1624181361.3482 672.3711
1624181361.4480 673.9805
1624181361.5117 673.9805
1624181361.6021 673.9805
1624181361.7017 673.9805
1624181361.8186 673.9805
1624181361.9478 673.9805
1624181362.0480 673.9805
1624181362.1171 673.9805
1624181362.2482 673.9805
1624181362.3483 673.9805
1624181362.4480 673.9805
1624181362.5480 675.0547
1624181362.6483 675.0547
1624181362.7140 675.0547
1624181362.8147 675.0547
1624181362.9482 675.0547
1624181363.0485 675.0547
1624181363.1483 675.0547
1624181363.2481 675.0547
1624181363.3481 675.0547
1624181363.4117 675.8164
1624181363.5116 675.8164
1624181363.6114 675.8164
1624181363.7478 675.8164
1624181363.8102 675.8164
1624181363.9480 675.8164
1624181364.0481 675.8164
1624181364.1481 675.8164
1624181364.2087 675.8164
1624181364.3479 676.8477
1624181364.4481 676.8477
1624181364.5157 677.1055
1624181364.6058 677.1055
1624181364.7059 677.2461
1624181364.8479 677.2461
1624181364.9479 677.2461
1624181365.0053 677.2461
1624181365.1038 677.2461
1624181365.2479 677.2461
1624181365.3482 677.9844
1624181365.4477 677.9844
1624181365.5480 677.9844
1624181365.6022 677.9844
1624181365.7481 677.9844
1624181365.8014 677.9844
1624181365.9481 677.9844
1624181366.0482 677.9844
1624181366.1480 678.9727
1624181366.2484 678.9727
1624181366.3483 678.9727
1624181366.3989 678.9727
1624181366.5481 678.9727
1624181366.6070 678.9727
1624181366.7482 679.7109
1624181366.7971 679.7109
1624181366.8965 679.7109
1624181367.0479 679.7109
1624181367.1483 679.7109
1624181367.2482 680.2930
1624181367.3480 680.2930
1624181367.4481 680.2930
1624181367.5483 680.2930
1624181367.6480 680.2930
1624181367.7480 680.9062
1624181367.7910 680.9062
1624181367.9478 680.9062
1624181368.0004 680.9062
1624181368.1480 680.9062
1624181368.1904 680.9062
1624181368.3481 680.9062
1624181368.3883 680.9062
1624181368.5479 682.0742
1624181368.6550 682.0742
1624181368.6857 682.0742
1624181368.8477 682.0742
1624181368.9478 682.0742
1624181369.0478 682.0742
1624181369.1492 682.0742
1624181369.2523 682.0742
1624181369.3523 682.0742
1624181369.4480 682.0742
1624181369.5478 682.0742
1624181369.6458 682.0742
1624181369.7458 682.0742
1624181369.8478 683.4258
1624181369.9439 683.4258
1624181370.0459 683.4258
1624181370.1415 683.4258
1624181370.2459 683.4258
1624181370.3408 683.4258
1624181370.4407 683.4258
1624181370.5407 683.4258
1624181370.6406 683.6055
1624181370.7390 683.9805
1624181370.8365 684.0898
1624181370.9391 684.4414
1624181371.0344 684.4414
1624181371.1412 684.6758
1624181371.2384 684.6758
1624181371.3388 685.0859
1624181371.4381 685.0859
1624181371.5380 685.1875
1624181371.6382 685.3359
1624181371.7462 685.5938
1624181371.8409 685.6094
1624181371.9462 685.8672
1624181372.0462 685.8789
1624181372.1462 686.0547
1624181372.2463 686.0859
1624181372.3482 686.0859
1624181372.4491 686.0859
1624181372.5481 686.1211
1624181372.5694 687.7148
1624181372.6702 687.7148
1624181372.8479 687.7148
1624181372.8710 687.7148
1624181373.0479 687.7148
1624181373.0698 687.7148
1624181373.2479 687.7148
1624181373.3480 687.7148
1624181373.3704 687.7148
1624181373.4708 687.7148
1624181373.5712 687.7148
1624181373.6710 688.5781
1624181373.7704 688.5781
1624181373.8704 688.5781
1624181374.0480 688.5781
1624181374.1478 688.5781
1624181374.2479 688.5781
1624181374.3480 688.5781
1624181374.3713 689.4258
1624181374.4711 689.4258
1624181374.6478 689.4258
1624181374.6707 689.4258
1624181374.8479 689.4258
1624181374.9478 689.4258
1624181374.9702 689.4258
1624181375.1479 689.4258
1624181375.2482 689.4258
1624181375.3496 689.4258
1624181375.4523 689.4258
1624181375.5482 689.4258
1624181375.6481 689.4258
1624181375.7476 689.4258
1624181375.8478 689.4258
1624181375.9475 689.4922
1624181376.0477 689.6914
1624181376.1479 689.7109
1624181376.2478 689.7109
1624181376.3479 689.9688
1624181376.4520 689.9688
1624181376.5477 689.9688
1624181376.6481 689.9961
1624181376.7478 689.9961
1624181376.8481 690.0664
1624181376.9479 690.1367
1624181377.0480 690.4609
1624181377.1521 690.4609
1624181377.2478 690.4609
1624181377.3521 690.4609
1624181377.4521 690.4609
1624181377.5480 690.4609
1624181377.6521 690.5234
1624181377.7522 690.5938
1624181377.8522 690.6562
1624181377.9480 690.6562
1624181378.0520 692.2031
1624181378.1520 692.2031
1624181378.2477 692.2031
1624181378.3479 692.2031
1624181378.3732 692.2031
1624181378.5521 692.2031
1624181378.6522 692.2031
1624181378.7478 692.2031
1624181378.8484 692.2031
1624181378.9520 692.2031
1624181379.0479 692.2031
1624181379.1521 692.2031
1624181379.2473 692.2031
1624181379.3479 692.2031
1624181379.4474 692.2031
1624181379.5475 692.2031
1624181379.6517 692.2070
1624181379.7517 692.2070
1624181379.8432 692.4648
1624181379.9518 692.5742
1624181380.0521 692.5742
1624181380.1521 692.5742
1624181380.2521 692.8320
1624181380.3476 692.8828
1624181380.4507 692.8828
1624181380.5478 692.8828
1624181380.6509 692.8828
1624181380.7478 692.9336
1624181380.8479 692.9336
1624181380.8614 692.9336
1624181380.9768 694.4805
1624181381.1479 694.4805
1624181381.2478 694.5859
1624181381.3478 694.5859
1624181381.4479 694.7305
1624181381.5477 694.7305
1624181381.6505 694.7305
1624181381.7475 694.7305
1624181381.8474 694.7305
1624181381.9477 694.7305
1624181382.0475 694.7305
1624181382.0768 694.7305
1624181382.2479 695.2891
1624181382.3478 695.2891
1624181382.4478 695.2891
1624181382.5475 695.2891
1624181382.6476 695.2891
1624181382.7477 695.2891
1624181382.7674 695.2891
1624181382.9350 695.2891
1624181383.0476 695.2891
1624181383.1474 695.8672
1624181383.2520 695.8672
1624181383.3520 695.8672
1624181383.4517 695.8672
1624181383.5519 695.8672
1624181383.6519 695.8672
1624181383.7475 695.8672
1624181383.8520 695.8672
1624181383.9480 695.8672
1624181384.0521 695.8672
1624181384.1521 695.8672
1624181384.2476 695.8672
1624181384.3476 696.7148
1624181384.4509 696.7148
1624181384.5474 696.7148
1624181384.6477 696.7148
1624181384.7519 696.7148
1624181384.8478 696.7148
1624181384.9476 696.7148
1624181385.0478 696.7148
1624181385.1477 696.7148
1624181385.1668 696.7148
1624181385.3518 696.7148
1624181385.3760 696.7148
1624181385.5520 696.7148
1624181385.5613 696.7148
1624181385.7476 696.7148
1624181385.7613 696.7148
1624181385.9477 696.7148
1624181386.0518 696.7148
1624181386.1519 696.7148
1624181386.2473 696.7148
1624181386.3439 698.1055
1624181386.4475 698.1055
1624181386.5476 698.1602
1624181386.6455 698.1602
1624181386.7476 698.1602
1624181386.8449 698.1602
1624181386.9474 698.1602
1624181387.0445 698.1602
1624181387.1475 698.1602
1624181387.2475 698.1602
1624181387.3477 698.1602
1624181387.4474 698.1602
1624181387.5518 699.0078
1624181387.6512 699.0078
1624181387.7473 699.1523
1624181387.8473 699.1523
1624181387.9521 699.1523
1624181388.0476 699.1523
1624181388.1478 699.1523
1624181388.2475 699.1523
1624181388.3476 699.1523
1624181388.4472 699.6445
1624181388.5486 699.6445
1624181388.6488 699.6445
1624181388.7488 699.6445
1624181388.8507 699.9844
1624181388.8681 699.9844
1624181388.9683 699.9844
1624181389.0767 699.9844
1624181389.1767 699.9844
1624181389.3474 699.9844
1624181389.3770 699.9844
1624181389.5473 699.9844
1624181389.6476 699.9844
1624181389.7476 700.8867
1624181389.8474 700.8867
1624181389.9474 700.8867
1624181390.0475 700.8867
1624181390.0657 700.8867
1624181390.1682 700.8867
1624181390.3492 700.8867
1624181390.3657 701.7539
1624181390.4583 701.7539
1624181390.6455 701.7539
1624181390.7432 701.7539
1624181390.8452 701.7539
1624181390.8582 701.7539
1624181390.9582 701.7539
1624181391.0690 702.7969
1624181391.1582 702.7969
1624181391.2582 702.7969
1624181391.3645 702.7969
1624181391.5512 702.7969
1624181391.5932 702.7969
1624181391.6926 702.7969
1624181391.7930 702.7969
1624181391.8934 703.9414
1624181391.9931 704.6953
1624181392.0933 704.8828
1624181392.1940 705.0469
1624181392.2934 705.0469
1624181392.4475 705.3633
1624181392.4941 705.5469
1624181392.6473 705.8047
1624181392.6935 705.8359
1624181392.7781 705.9648
1624181392.8644 706.2227
1624181392.9644 706.5859
1624181393.1473 706.7891
1624181393.2474 706.7891
1624181393.3475 708.4062
1624181393.4476 708.4062
1624181393.5477 708.4062
1624181393.6475 708.4062
1624181393.7473 709.2031
1624181393.8477 709.2031
1624181393.9474 709.2031
1624181394.0474 709.2031
1624181394.1473 709.2031
1624181394.2473 710.2109
1624181394.3508 710.2109
1624181394.4476 710.2109
1624181394.5477 710.2109
1624181394.5638 710.2109
1624181394.7476 711.3086
1624181394.7644 711.3086
1624181394.8640 711.3086
1624181394.9640 711.3086
1624181395.0581 711.9570
1624181395.1581 711.9570
1624181395.2581 711.9570
1624181395.3581 711.9570
1624181395.4581 711.9570
1624181395.5581 711.9570
1624181395.6579 711.9570
1624181395.7581 713.0156
1624181395.8581 713.0156
1624181395.9581 713.0156
1624181396.0581 713.4688
1624181396.1581 713.4688
1624181396.2581 713.4688
1624181396.3581 713.7852
1624181396.5487 713.7852
1624181396.5645 713.7852
1624181396.7486 713.7852
1624181396.8488 713.7852
1624181396.8968 713.7852
1624181397.0476 714.6250
1624181397.1475 714.6250
1624181397.2475 714.6250
1624181397.3003 714.6250
1624181397.4474 715.0078
1624181397.5476 715.0156
1624181397.6472 715.5312
1624181397.7471 715.5430
1624181397.7717 715.5430
1624181397.8698 716.0586
1624181397.9727 716.1016
1624181398.0759 716.1953
1624181398.1776 716.4531
1624181398.2790 716.4531
1624181398.3798 717.2227
1624181398.5475 717.4062
1624181398.5815 717.4062
1624181398.7473 717.4062
1624181398.8475 717.4062
1624181398.9473 717.4609
1624181398.9873 717.7500
1624181399.1473 717.7930
1624181399.1955 717.8281
1624181399.2977 719.4375
1624181399.3996 719.4375
1624181399.5045 719.4375
1624181399.6474 719.4375
1624181399.7473 719.4375
1624181399.8473 719.4375
1624181399.9156 719.4375
1624181400.0473 719.4375
1624181400.1141 719.4375
1624181400.2211 720.9531
1624181400.3229 720.9531
1624181400.4277 720.9531
1624181400.5223 720.9531
1624181400.6223 721.6133
1624181400.7265 721.6133
1624181400.8309 721.6133
1624181400.9346 721.6133
1624181401.0328 721.6133
1624181401.1345 721.6133
1624181401.2410 722.2773
1624181401.3410 722.2773
1624181401.4384 722.2773
1624181401.5386 722.2773
1624181401.6384 722.2773
1624181401.7387 722.2773
1624181401.8387 723.0117
1624181401.9387 723.0117
1624181402.0405 723.0117
1624181402.1354 723.0117
1624181402.2363 723.0117
1624181402.3384 723.0117
1624181402.4377 723.9727
1624181402.5435 723.9727
1624181402.6394 723.9727
1624181402.7453 723.9727
1624181402.8454 724.6133
1624181402.9453 724.6133
1624181403.0454 724.6133
1624181403.1455 724.6133
1624181403.2454 724.6133
1624181403.3454 725.6055
1624181403.4472 725.6055
1624181403.5472 725.6055
1624181403.6470 725.6055
1624181403.7472 726.1250
1624181403.8486 726.1250
1624181403.8657 726.1250
1624181403.9663 726.5859
1624181404.0655 726.5859
1624181404.1653 726.8633
1624181404.2661 726.8633
1624181404.3663 726.8633
1624181404.4663 726.8633
1624181404.5665 727.6406
1624181404.6579 727.6406
1624181404.7634 727.8945
1624181404.8638 727.8945
1624181404.9638 727.8945
1624181405.0659 727.8945
1624181405.1661 727.8945
1624181405.2635 728.8320
1624181405.3659 728.8320
1624181405.4659 728.8320
1624181405.5659 728.8320
1624181405.6659 728.8320
1624181405.7657 729.7617
1624181405.8659 729.7617
1624181405.9659 730.0664
1624181406.0659 730.0664
1624181406.1659 730.0664
1624181406.2579 730.0664
1624181406.3659 730.0664
1624181406.4658 730.0664
1624181406.5660 730.9766
1624181406.6637 730.9766
1624181406.7639 730.9766
1624181406.9437 730.9766
1624181407.0454 731.4453
1624181407.1453 731.5859
1624181407.1661 731.5859
1624181407.2682 732.1367
1624181407.3700 732.3789
1624181407.4733 732.4961
1624181407.5762 732.4961
1624181407.6774 733.2227
1624181407.7779 733.2461
1624181407.8785 733.5039
1624181407.9789 733.7070
1624181408.0797 733.7070
1624181408.1805 735.2539
1624181408.2822 735.2539
1624181408.3836 735.2539
1624181408.4834 735.2539
1624181408.5836 735.2539
1624181408.6834 736.6133
1624181408.7838 736.6133
1624181408.8836 736.6133
1624181408.9938 736.6133
1624181409.0951 736.6133
1624181409.1961 738.0938
1624181409.2976 738.0938
1624181409.3994 738.0938
1624181409.5013 738.0938
1624181409.6027 738.0938
1624181409.7050 739.6172
1624181409.8064 739.6172
1624181409.9085 739.6172
1624181410.0103 739.6172
1624181410.1113 740.7578
1624181410.2117 740.7578
1624181410.3131 740.7578
1624181410.4141 740.7578
1624181410.5010 740.7578
1624181410.5986 742.4102
1624181410.7136 742.7656
1624181410.8159 742.7695
1624181410.9114 742.7695
1624181411.0148 742.7695
1624181411.1156 742.9102
1624181411.2157 744.5039
1624181411.3161 744.5039
1624181411.4156 744.5039
1624181411.5155 744.5039
1624181411.6164 745.8477
1624181411.7156 745.8477
1624181411.8155 746.6055
1624181411.9159 746.6055
1624181412.0161 747.3359
1624181412.1161 747.3359
1624181412.2161 747.3359
1624181412.3158 747.3359
1624181412.4157 748.6172
1624181412.5154 748.6172
1624181412.6156 749.1133
1624181412.7157 749.1133
1624181412.8146 749.8945
1624181412.9255 749.8945
1624181413.0273 749.9688
1624181413.1292 750.0898
1624181413.2310 750.0898
1624181413.3333 750.0898
1624181413.4354 751.6523
1624181413.5374 751.6523
1624181413.6379 751.6523
1624181413.7380 751.6523
1624181413.8380 751.6523
1624181413.9375 753.1523
1624181414.0338 753.1523
1624181414.1381 753.1523
1624181414.2322 753.1523
1624181414.3375 753.1523
1624181414.4367 754.5898
1624181414.5381 754.5898
1624181414.6370 754.5898
1624181414.7385 754.5898
1624181414.8385 754.9297
1624181414.9404 755.1250
1624181415.0452 755.1250
1624181415.1434 756.7695
1624181415.1696 756.7695
1624181415.2690 756.8828
1624181415.3696 757.3477
1624181415.4697 757.5586
1624181415.5691 757.8164
1624181415.6689 758.0273
1624181415.7695 758.0273
1624181415.9424 759.6133
1624181415.9691 759.6133
1624181416.0698 759.6133
1624181416.1697 759.8125
1624181416.2697 759.9062
1624181416.3688 760.6797
1624181416.4686 760.7969
1624181416.5697 760.7969
1624181416.6703 762.3438
1624181416.7695 762.3438
1624181416.8695 762.3438
1624181416.9695 762.3867
1624181417.0695 762.5781
1624181417.1955 762.5781
1624181417.2955 764.2422
1624181417.3926 764.2422
1624181417.4945 764.3867
1624181417.5697 764.5430
1624181417.6697 764.5430
1624181417.7697 766.0898
1624181417.8697 766.0898
1624181417.9697 766.2695
1624181418.0950 766.3359
1624181418.1952 766.3359
1624181418.2689 766.5938
1624181418.4269 768.1250
1624181418.5263 768.1250
1624181418.6269 768.1250
1624181418.7271 768.7812
1624181418.8268 768.8086
1624181418.9267 768.8086
1624181419.0275 770.4961
1624181419.1275 770.4961
1624181419.2275 770.4961
1624181419.3275 770.4961
1624181419.4275 772.0156
1624181419.5271 772.0156
1624181419.6247 772.0156
1624181419.7274 772.8398
1624181419.7704 773.6016
1624181419.8954 774.3398
1624181419.9923 774.3516
1624181420.0960 774.3516
1624181420.1792 776.0664
1624181420.2954 776.4219
1624181420.3962 776.4219
1624181420.4962 776.4219
1624181420.5950 777.9414
1624181420.6950 777.9414
1624181420.7956 777.9414
1624181420.8944 777.9414
1624181420.9952 779.2422
1624181421.0948 779.2422
1624181421.1958 779.2422
1624181421.2958 779.9609
1624181421.3954 779.9609
1624181421.4946 780.1953
1624181421.5956 781.7031
1624181421.6960 781.7031
1624181421.7958 782.5430
1624181421.8950 782.5430
1624181421.9956 782.5430
1624181422.0932 783.4297
1624181422.1944 783.4297
1624181422.2944 783.4297
1624181422.3940 784.1836
1624181422.4949 784.1914
1624181422.5948 785.7383
1624181422.7262 785.7383
1624181422.8267 785.7383
1624181422.9259 786.0312
1624181423.0260 786.1094
1624181423.1264 786.1094
1624181423.2270 787.7969
1624181423.3271 787.7969
1624181423.4271 787.7969
1624181423.5269 788.4297
1624181423.6271 788.4766
1624181423.7271 788.4766
1624181423.8280 790.0234
1624181423.9272 790.0234
1624181424.0272 790.0234
1624181424.1272 790.6016
1624181424.2274 790.7188
1624181424.3268 791.4922
1624181424.4274 791.5039
1624181424.5268 792.2773
1624181424.6263 792.5898
1624181424.7260 792.7812
1624181424.7953 794.3281
1624181424.8955 794.3281
1624181425.0259 794.3281
1624181425.1263 794.4922
1624181425.2263 794.7500
1624181425.3265 796.2695
1624181425.4267 796.2695
1624181425.5267 796.8320
1624181425.6271 796.9297
1624181425.7278 797.4453
1624181425.8276 797.4727
1624181425.9280 799.0195
1624181426.0279 799.3945
1624181426.1278 799.3945
1624181426.2280 799.5547
1624181426.3279 799.5547
1624181426.4273 801.2422
1624181426.5275 801.3594
1624181426.6261 801.4922
1624181426.7280 801.4922
1624181426.8270 803.2227
1624181426.9269 803.2227
1624181427.0263 803.2227
1624181427.1262 803.8125
1624181427.2265 804.0625
1624181427.3267 804.2148
1624181427.4273 805.7617
1624181427.5273 805.7617
1624181427.6278 806.1445
1624181427.7278 806.3086
1624181427.8270 807.1953
1624181427.9272 807.3281
1624181428.0272 808.1016
1624181428.1272 808.8477
1624181428.2273 808.9531
1624181428.3273 809.2109
1624181428.4273 809.9375
1624181428.5273 809.9883
1624181428.6274 811.5625
1624181428.7278 811.5625
1624181428.8278 811.7656
1624181428.9277 812.2344
1624181429.0275 812.4062
1624181429.1272 813.9688
1624181429.2275 813.9688
1624181429.3270 814.2578
1624181429.4272 815.1875
1624181429.5273 815.2891
1624181429.6272 815.2969
1624181429.7272 817.0000
1624181429.8271 817.0000
1624181429.9267 817.9648
1624181430.0258 817.9648
1624181430.1266 818.6641
1624181430.2267 819.5703
1624181430.3261 819.7695
1624181430.4265 820.2148
1624181430.5267 820.9414
1624181430.6254 821.1523
1624181430.7265 821.1523
1624181430.8266 822.8398
1624181430.9256 822.9961
1624181431.0275 822.9961
1624181431.1264 824.5039
1624181431.2263 824.9141
1624181431.3282 825.0352
1624181431.4279 825.2227
1624181431.5279 826.7695
1624181431.6279 826.7695
1624181431.7275 827.0469
1624181431.8281 828.0312
1624181431.9281 828.7148
1624181432.0280 828.7695
1624181432.1278 828.9570
1624181432.2276 830.5039
1624181432.3273 830.6719
1624181432.4264 830.6953
1624181432.5279 830.8828
1624181432.6280 832.4297
1624181432.7279 832.5938
1624181432.8265 832.6523
1624181432.9277 833.4258
1624181433.0272 833.6328
1624181433.1261 834.0781
1624181433.2263 835.0625
1624181433.3269 835.1406
1624181433.4282 835.1406
1624181433.5283 836.6875
1624181433.6283 836.6875
1624181433.7379 837.1914
1624181433.8376 837.3164
1624181433.9377 837.3164
1624181434.0260 839.0039
1624181434.1260 839.0039
1624181434.2375 839.1758
1624181434.3375 839.3867
1624181434.4375 839.3867
1624181434.5374 841.0742
1624181434.6374 841.0742
1624181434.7376 841.0742
1624181434.8264 842.3945
1624181434.9281 842.3945
1624181435.0283 842.5664
1624181435.1264 842.5977
1624181435.2265 844.1445
1624181435.3376 844.1445
1624181435.4374 844.1445
1624181435.5280 844.6133
1624181435.6280 844.6133
1624181435.7371 845.3555
1624181435.8371 845.4727
1624181435.9369 846.2461
1624181436.0368 846.3633
1624181436.1368 847.9102
1624181436.2367 847.9102
1624181436.3274 848.0352
1624181436.4366 848.1172
1624181436.5366 848.2422
1624181436.6276 849.7891
1624181436.7276 849.7891
1624181436.8365 850.1992
1624181436.9244 850.1992
1624181437.0364 851.0508
1624181437.1365 851.0508
1624181437.2365 851.0508
1624181437.3365 851.1328
1624181437.4362 851.1328
1624181437.5362 851.5312
1624181437.6362 853.0547
1624181437.7278 853.0547
1624181437.8360 853.0547
1624181437.9360 853.3125
1624181438.0360 853.4297
1624181438.1359 853.7031
1624181438.2359 855.2305
1624181438.3359 855.2305
1624181438.4262 855.2305
1624181438.5361 855.2305
1624181438.6361 855.7188
1624181438.7359 855.7227
1624181438.8358 856.2383
1624181438.9358 856.2383
1624181439.0357 856.2383
1624181439.1357 856.2383
1624181439.2358 857.7891
1624181439.3358 857.7891
1624181439.4357 857.7891
1624181439.5358 858.8789
1624181439.6358 858.8789
1624181439.7358 858.8789
1624181439.8358 858.8789
1624181439.9357 858.8789
1624181440.0358 860.3828
1624181440.1357 860.3828
1624181440.2358 860.3828
1624181440.3358 860.3828
1624181440.4358 861.5000
1624181440.5357 861.5000
1624181440.6359 862.1133
1624181440.7359 862.1133
1624181440.8360 862.1133
1624181440.9360 862.9102
1624181441.0360 862.9102
1624181441.1283 862.9102
1624181441.2359 862.9102
1624181441.3359 864.1016
1624181441.4358 864.1016
1624181441.5359 864.1016
1624181441.6359 864.1016
1624181441.7359 864.1016
1624181441.8359 864.7031
1624181441.9359 864.7227
1624181442.0359 864.7227
1624181442.1359 865.4961
1624181442.2359 865.4961
1624181442.3359 865.4961
1624181442.4359 867.1484
1624181442.5359 867.1484
1624181442.6359 867.1484
1624181442.7359 867.1484
1624181442.8359 867.1484
1624181442.9359 867.2148
1624181443.0359 867.2148
1624181443.1359 867.4727
1624181443.2359 867.4727
1624181443.3358 868.8633
1624181443.4357 868.8633
1624181443.5358 868.8633
1624181443.6358 868.8633
1624181443.7358 869.2773
1624181443.8359 869.2773
1624181443.9358 869.2773
1624181444.0358 869.2773
1624181444.1359 870.8164
1624181444.2359 870.8164
1624181444.3359 870.8164
1624181444.4359 870.8164
1624181444.5358 870.8164
1624181444.6359 870.8164
1624181444.7358 872.1641
1624181444.8358 872.1641
1624181444.9358 872.1641
1624181445.0359 872.1641
1624181445.1359 872.1641
1624181445.2359 872.2852
1624181445.3359 872.2852
1624181445.4359 872.2852
1624181445.5358 873.8320
1624181445.6358 873.8320
1624181445.7357 873.8320
1624181445.8357 874.7305
1624181445.9357 874.7305
1624181446.0358 874.7305
1624181446.1358 874.7305
1624181446.2358 874.7305
1624181446.3358 875.0859
1624181446.4358 875.0859
1624181446.5359 875.0859
1624181446.6358 875.0859
1624181446.7358 875.8398
1624181446.8358 875.8438
1624181446.9358 875.8438
1624181447.0357 875.8438
1624181447.1357 876.6484
1624181447.2358 876.6484
1624181447.3358 876.6484
1624181447.4358 876.6484
1624181447.5358 877.3867
1624181447.6358 877.3867
1624181447.7358 877.3867
1624181447.8358 877.3867
1624181447.9358 877.3867
1624181448.0357 877.4219
1624181448.1356 878.9727
1624181448.2356 878.9727
1624181448.3357 878.9727
1624181448.4358 878.9727
1624181448.5358 879.7734
1624181448.6358 879.7734
1624181448.7358 879.7734
1624181448.8358 880.1562
1624181448.9357 880.1562
1624181449.0357 880.1562
1624181449.1357 880.1562
1624181449.2358 880.1562
1624181449.3357 880.1562
1624181449.4357 880.1562
1624181449.5357 880.5977
1624181449.6356 880.7891
1624181449.7357 880.7891
1624181449.8357 880.7891
1624181449.9357 880.7891
1624181450.0356 882.3359
1624181450.1357 882.3359
1624181450.2357 882.4766
1624181450.3357 882.4766
1624181450.4357 882.4766
1624181450.5358 882.4766
1624181450.6357 882.4766
1624181450.7357 882.4766
1624181450.8357 882.4766
1624181450.9357 882.6328
1624181451.0357 882.6328
1624181451.1356 882.6328
1624181451.2357 882.8789
1624181451.3357 884.1562
1624181451.4357 884.1562
1624181451.5356 884.5547
1624181451.6357 884.5547
1624181451.7357 884.5547
1624181451.8357 884.5547
1624181451.9356 884.9688
1624181452.0357 884.9688
1624181452.1357 884.9688
1624181452.2357 884.9688
1624181452.3356 884.9688
1624181452.4356 884.9688
1624181452.5356 884.9688
1624181452.6356 886.2344
1624181452.7356 886.2344
1624181452.8357 886.2344
1624181452.9357 886.6211
1624181453.0357 886.6211
1624181453.1356 887.0078
1624181453.2356 887.0078
1624181453.3356 887.0078
1624181453.4356 887.0078
1624181453.5357 887.0078
1624181453.6357 887.7109
1624181453.7357 887.7109
1624181453.8356 887.7188
1624181453.9356 887.7188
1624181454.0356 887.7188
1624181454.1356 887.7188
1624181454.2356 887.7188
1624181454.3356 887.7188
1624181454.4356 887.7188
1624181454.5356 887.7539
