1628249877.4052 72.7305
1628249877.5053 77.4180
1628249877.6055 80.8477
1628249877.7057 80.8477
1628249877.8059 80.8477
1628249877.9061 82.3789
1628249878.0063 83.8320
1628249878.1065 84.8633
1628249878.2067 85.3789
1628249878.3069 86.4102
1628249878.4071 86.9258
1628249878.5073 88.3477
1628249878.6075 88.8633
1628249878.7081 89.6055
1628249878.8079 90.8945
1628249878.9081 91.4102
1628249879.0083 92.2227
1628249879.1085 92.7383
1628249879.2087 93.5391
1628249879.3089 94.5703
1628249879.4091 95.0859
1628249879.5092 95.8203
1628249879.6094 96.5938
1628249879.7096 97.8828
1628249879.8098 98.1406
1628249879.9100 98.9141
1628249880.0102 99.6875
1628249880.1104 100.0898
1628249880.2106 100.6055
1628249880.3108 101.6523
1628249880.4110 102.1680
1628249880.5112 103.1055
1628249880.6114 103.6211
1628249880.7116 104.6523
1628249880.8118 104.9102
1628249880.9120 105.9414
1628249881.0121 106.4570
1628249881.1124 107.4883
1628249881.2126 107.7461
1628249881.3127 108.7773
1628249881.4130 109.2930
1628249881.5131 109.8086
1628249881.6133 110.8398
1628249881.7135 111.3555
1628249881.8142 111.5742
1628249881.9139 112.6055
1628249882.0141 112.8633
1628249882.1143 113.8945
1628249882.2147 114.4102
1628249882.3147 115.4414
1628249882.4150 115.6992
1628249882.5151 116.2148
1628249882.6153 116.7305
1628249882.7155 117.7617
1628249882.8157 118.2773
1628249882.9159 119.3086
1628249883.0163 119.8242
1628249883.1175 120.2695
1628249883.2165 120.7852
1628249883.3167 121.5742
1628249883.4169 122.0898
1628249883.5171 123.1992
1628249883.6172 123.7148
1628249883.7174 124.4062
1628249883.8177 125.1797
1628249883.9182 126.0898
1628249884.0180 126.6055
1628249884.1201 127.3789
1628249884.2184 128.6680
1628249884.3202 129.1836
1628249884.4188 129.3477
1628249884.5218 130.6367
1628249884.6192 131.1523
1628249884.7238 131.6055
1628249884.8196 132.1211
1628249884.9198 133.0703
1628249885.0201 133.5859
1628249885.1230 134.6328
1628249885.2203 135.1484
1628249885.3209 136.0703
1628249885.4210 136.5859
1628249885.5233 137.3594
1628249885.6212 137.8750
1628249885.7215 138.6484
1628249885.8215 139.1641
1628249885.9217 139.9375
1628249886.0219 140.4531
1628249886.1221 141.7422
1628249886.2223 142.2578
1628249886.3225 142.7852
1628249886.4227 143.8164
1628249886.5229 144.0742
1628249886.6231 145.1055
1628249886.7235 145.6211
1628249886.8235 146.1367
1628249886.9237 147.1680
1628249887.0239 147.6836
1628249887.1242 148.9648
1628249887.2242 149.7383
1628249887.3246 149.8945
1628249887.4255 151.1836
1628249887.5249 151.6992
1628249887.6250 152.4609
1628249887.7252 153.2344
1628249887.8254 154.2656
1628249887.9257 154.7812
1628249888.0258 155.3828
1628249888.1260 156.9297
1628249888.2262 157.9609
1628249888.3265 158.4766
1628249888.4268 159.0547
1628249888.5268 159.5703
1628249888.6270 160.0859
1628249888.7272 161.3750
1628249888.8275 162.2070
1628249888.9276 163.2383
1628249889.0278 163.7930
1628249889.1279 164.8242
1628249889.2281 164.8242
1628249889.3283 166.3008
1628249889.4285 166.6367
1628249889.5287 167.6680
1628249889.6289 167.8945
1628249889.7292 168.4102
1628249889.8293 169.6992
1628249889.9295 169.6992
1628249890.0297 170.8711
1628249890.1299 171.2188
1628249890.2301 171.7344
1628249890.3304 172.2422
1628249890.4307 173.0156
1628249890.5307 173.7891
1628249890.6309 174.5625
1628249890.7311 174.7188
1628249890.8313 175.4922
1628249890.9315 176.0078
1628249891.0317 176.5234
1628249891.1319 177.0391
1628249891.2321 177.5547
1628249891.3323 178.5859
1628249891.4324 179.1016
1628249891.5326 179.6172
1628249891.6328 180.1328
1628249891.7330 180.6484
1628249891.8332 181.4219
1628249891.9342 182.1953
1628249892.0337 182.7109
1628249892.1339 183.4844
1628249892.2343 184.0000
1628249892.3343 185.0312
1628249892.4344 185.5469
1628249892.5370 186.1602
1628249892.6350 186.6758
1628249892.7350 186.8906
1628249892.8353 187.6641
1628249892.9354 188.1797
1628249893.0356 188.6953
1628249893.1359 189.2109
1628249893.2363 189.7266
1628249893.3362 190.2422
1628249893.4363 191.2734
1628249893.5365 191.7891
1628249893.6367 192.5625
1628249893.7369 193.5938
1628249893.8371 194.1094
1628249893.9373 194.3203
1628249894.0375 195.3516
1628249894.1377 195.8672
1628249894.2379 196.0820
1628249894.3381 196.5977
1628249894.4383 197.6289
1628249894.5385 198.1445
1628249894.6387 198.7734
1628249894.7390 199.2891
1628249894.8391 199.9219
1628249894.9393 200.6953
1628249895.0395 201.2109
1628249895.1397 202.2422
1628249895.2399 202.7578
1628249895.3401 203.5312
1628249895.4402 204.0469
1628249895.5404 204.5625
1628249895.6406 205.3359
1628249895.7408 205.8516
1628249895.8410 206.8828
1628249895.9412 207.3984
1628249896.0414 207.9141
1628249896.1416 208.9453
1628249896.2419 209.4609
1628249896.3420 210.4922
1628249896.4422 211.0078
1628249896.5424 211.2070
1628249896.6426 211.9805
1628249896.7428 212.7539
1628249896.8430 213.9922
1628249896.9432 214.2500
1628249897.0434 214.5234
1628249897.1436 215.0391
1628249897.2437 215.8125
1628249897.3439 216.3281
1628249897.4442 216.8438
1628249897.5443 217.3594
1628249897.6445 218.3906
1628249897.7447 218.9062
1628249897.8449 219.4219
1628249897.9451 219.9375
1628249898.0453 220.7109
1628249898.1455 222.5156
1628249898.2457 222.5156
1628249898.3459 222.5469
1628249898.4461 223.5781
1628249898.5471 224.0938
1628249898.6466 224.6094
1628249898.7467 225.3828
1628249898.8469 227.1562
1628249898.9471 227.1562
1628249899.0473 227.9688
1628249899.1475 228.2266
1628249899.2478 228.7461
1628249899.3479 229.8828
1628249899.4480 230.1406
1628249899.5482 230.6719
1628249899.6485 232.4766
1628249899.7486 232.4766
1628249899.8488 233.8828
1628249899.9490 234.3984
1628249900.0493 234.3984
1628249900.1494 234.4844
1628249900.2496 235.0000
1628249900.3498 235.7734
1628249900.4500 236.0312
1628249900.5502 238.4453
1628249900.6504 238.4453
1628249900.7507 238.4453
1628249900.8508 238.6211
1628249900.9510 239.1367
1628249901.0512 241.1992
1628249901.1514 241.1992
1628249901.2516 241.1992
1628249901.3518 241.3789
1628249901.4519 242.1523
1628249901.5522 242.6680
1628249901.6523 243.1836
1628249901.7525 243.6992
1628249901.8527 244.2148
1628249901.9529 244.7305
1628249902.0531 245.7617
1628249902.1533 247.8242
1628249902.2535 247.8242
1628249902.3537 247.8242
1628249902.4541 248.0000
1628249902.5541 248.5156
1628249902.6544 249.2891
1628249902.7545 249.8047
1628249902.8547 250.3203
1628249902.9549 250.8359
1628249903.0551 251.3516
1628249903.1553 252.3828
1628249903.2556 253.1562
1628249903.3560 255.7344
1628249903.4559 255.7344
1628249903.5560 255.7344
1628249903.6565 256.1172
1628249903.7565 256.6328
1628249903.8566 257.6641
1628249903.9568 258.6953
1628249904.0570 259.4688
1628249904.1574 260.5000
1628249904.2576 261.0156
1628249904.3576 261.6641
1628249904.4579 262.9531
1628249904.5580 263.2109
1628249904.6597 264.4219
1628249904.7610 264.9375
1628249904.8589 265.1953
1628249904.9596 265.9688
1628249905.0601 267.0000
1628249905.1592 267.5156
1628249905.2594 268.1797
1628249905.4559 268.4375
1628249905.5554 269.2070
1628249905.5611 269.4648
1628249905.6602 269.9492
1628249905.7603 270.9805
1628249905.8606 271.2383
1628249905.9607 272.0742
1628249906.0609 272.3320
1628249906.1611 272.9141
1628249906.2614 273.4297
1628249906.3615 273.9453
1628249906.4617 274.7188
1628249906.5625 275.2344
1628249906.6621 275.7500
1628249906.7623 276.5234
1628249906.8626 278.5859
1628249906.9650 278.5859
1628249907.0629 278.5859
1628249907.1631 279.5430
1628249907.2633 279.8008
1628249907.3635 280.5742
1628249907.4637 281.6055
1628249907.5639 281.8633
1628249907.6640 282.3008
1628249907.7643 282.8164
1628249907.8644 283.3320
1628249907.9646 283.8477
1628249908.0648 284.3633
1628249908.1650 284.8789
1628249908.2652 285.6523
1628249908.3654 286.1680
1628249908.4656 286.6836
1628249908.5658 287.1992
1628249908.6660 287.7148
1628249908.7662 288.2305
1628249908.8665 289.0039
1628249908.9666 289.5195
1628249909.0668 290.2930
1628249909.1670 290.8086
1628249909.2673 291.5820
1628249909.3674 291.8398
1628249909.4678 292.6016
1628249909.5679 293.6328
1628249909.6679 294.1484
1628249909.7681 294.9219
1628249909.8683 295.6953
1628249909.9685 296.4688
1628249910.0722 296.9844
1628249910.1689 297.5000
1628249910.2691 298.0156
1628249910.3693 299.0469
1628249910.4724 299.5625
1628249910.5697 300.3359
1628249910.6699 301.3672
1628249910.7701 301.6250
1628249910.8703 302.1875
1628249910.9706 302.9609
1628249911.0707 303.2188
1628249911.1709 303.9922
1628249911.2714 304.5078
1628249911.3713 305.0234
1628249911.4715 305.0352
1628249911.5716 306.3242
1628249911.6718 306.8398
1628249911.7720 307.8711
1628249911.8722 308.3867
1628249911.9724 309.1602
1628249912.0726 309.6758
1628249912.1728 310.4492
1628249912.2730 311.4805
1628249912.3732 311.7383
1628249912.4734 312.5117
1628249912.5736 313.0273
1628249912.6738 313.5430
1628249912.7740 314.0586
1628249912.8742 315.0898
1628249912.9744 315.6055
1628249913.0746 316.3789
1628249913.1748 316.8945
1628249913.2750 317.6680
1628249913.3752 318.6992
1628249913.4754 318.9570
1628249913.5756 319.4531
1628249913.6757 319.9688
1628249913.7759 320.4844
1628249913.8761 321.0000
1628249913.9764 321.5156
1628249914.0766 322.0312
1628249914.1767 322.8047
1628249914.2769 323.3203
1628249914.3771 323.8359
1628249914.4773 324.3516
1628249914.5788 324.8672
1628249914.6778 325.3828
1628249914.7779 326.1562
1628249914.8790 326.6719
1628249914.9784 327.1875
1628249915.0785 327.7031
1628249915.1787 328.2188
1628249915.2789 329.2500
1628249915.3791 329.7656
1628249915.4799 330.2812
1628249915.5795 330.7969
1628249915.6796 331.3125
1628249915.7813 331.8281
1628249915.8800 332.6016
1628249915.9804 333.1172
1628249916.0805 333.6328
1628249916.1807 334.6641
1628249916.2808 334.9219
1628249916.3810 335.6953
1628249916.4812 336.2109
1628249916.5814 336.9453
1628249916.6816 337.4609
1628249916.7818 337.9766
1628249916.8820 338.7500
1628249916.9822 339.5234
1628249917.0824 340.0391
1628249917.1826 341.3281
1628249917.2828 341.8438
1628249917.3830 342.4219
1628249917.4832 342.6797
1628249917.5835 343.7188
1628249917.6837 344.4922
1628249917.7838 345.2656
1628249917.8839 345.7812
1628249917.9843 346.8125
1628249918.0845 347.3281
1628249918.1845 347.8438
1628249918.2847 348.8750
1628249918.3849 349.3906
1628249918.4854 349.9453
1628249918.5853 350.7188
1628249918.6860 351.2344
1628249918.7857 352.2656
1628249918.8859 352.7812
1628249918.9861 353.8125
1628249919.0863 354.0703
1628249919.1866 355.1016
1628249919.2869 355.6172
1628249919.3869 356.6484
1628249919.4871 356.9062
1628249919.5875 357.6797
1628249919.6874 358.4531
1628249919.7877 358.9688
1628249919.8879 359.7578
1628249919.9881 360.7891
1628249920.0904 361.0469
1628249920.1886 361.7031
1628249920.2887 362.7344
1628249920.3888 363.2500
1628249920.4896 363.9766
1628249920.5892 364.7500
1628249920.6894 365.5234
1628249920.7896 366.2969
1628249920.8898 366.8125
1628249920.9900 367.8438
1628249921.0902 368.3594
1628249921.1904 369.1328
1628249921.2906 369.6484
1628249921.3908 370.1641
1628249921.4910 370.6797
1628249921.5912 371.4531
1628249921.6913 372.2266
1628249921.7967 373.0000
1628249921.8918 374.0312
1628249921.9922 374.2891
1628249922.0921 374.8867
1628249922.1923 375.9180
1628249922.2925 376.1758
1628249922.3928 376.6914
1628249922.4929 377.4648
1628249922.5931 378.4961
1628249922.6934 379.0117
1628249922.7935 379.5938
1628249922.8937 380.6250
1628249922.9939 381.1406
1628249923.0942 381.6562
1628249923.1943 382.6875
1628249923.2945 383.2031
1628249923.3947 383.5703
1628249923.4949 384.6016
1628249923.5951 385.1172
1628249923.6953 385.2891
1628249923.7954 386.3203
1628249923.8959 386.8359
1628249923.9978 387.0977
1628249924.0960 387.6133
1628249924.1962 388.6445
1628249924.2964 389.1602
1628249924.3966 389.6875
1628249924.4968 390.2031
1628249924.5971 390.7188
1628249924.6973 391.2344
1628249924.7974 391.7500
1628249924.8976 392.7812
1628249925.0000 393.0391
1628249925.0980 393.6562
1628249925.1989 394.1719
1628249925.2984 395.2031
1628249925.3987 395.7188
1628249925.4988 395.8828
1628249925.5990 396.6562
1628249925.6992 397.6875
1628249925.8010 398.2031
1628249925.8996 399.1602
1628249925.9999 400.1914
1628249926.0999 400.4062
1628249926.2004 401.4375
1628249926.3003 401.9531
1628249926.4005 402.4688
1628249926.5007 404.0156
1628249926.6009 404.0156
1628249926.7011 404.6289
1628249926.8013 405.6602
1628249926.9015 405.7227
1628249927.0017 406.7539
1628249927.1019 406.7539
1628249927.2021 407.3320
1628249927.3023 407.8477
1628249927.4035 408.6211
1628249927.5027 409.6523
1628249927.6029 409.6523
1628249927.7031 410.6836
1628249927.8033 411.4727
1628249927.9035 412.2461
1628249928.0036 412.2461
1628249928.1038 413.5703
1628249928.2041 414.0977
1628249928.3042 415.1289
1628249928.4044 415.1289
1628249928.5046 416.2461
1628249928.6061 416.6641
1628249928.7050 417.6953
1628249928.8052 417.6953
1628249928.9054 418.7227
1628249929.0056 419.1133
1628249929.1058 419.8867
1628249929.2063 420.9180
1628249929.3062 421.0508
1628249929.4064 422.0820
1628249929.5066 422.6523
1628249929.6068 423.4258
1628249929.7070 423.4258
1628249929.8072 424.6875
1628249929.9074 425.2031
1628249930.0076 426.2344
1628249930.1077 426.2344
1628249930.2079 427.4023
1628249930.3081 427.7383
1628249930.4083 428.7695
1628249930.5085 429.2227
1628249930.6087 429.7383
1628249930.7091 430.9844
1628249930.8091 432.0156
1628249930.9093 432.0156
1628249931.0095 433.3125
1628249931.1097 433.8438
1628249931.2099 434.6172
1628249931.3101 435.6484
1628249931.4103 435.6484
1628249931.5105 436.6992
1628249931.6107 437.5469
1628249931.7109 438.5781
1628249931.8111 438.5781
1628249931.9112 439.8555
1628249932.0115 439.9375
1628249932.1117 441.7422
1628249932.2118 441.7422
1628249932.3120 441.7422
1628249932.4122 442.6406
1628249932.5125 442.6953
1628249932.6127 443.7266
1628249932.7129 443.7383
1628249932.8130 444.7695
1628249932.9133 445.2852
1628249933.0148 445.2852
1628249933.1136 446.3164
1628249933.2138 447.3477
1628249933.3140 447.3477
1628249933.4143 447.3555
1628249933.5144 448.1289
1628249933.6146 449.1602
1628249933.7148 449.2188
1628249933.8150 449.7344
1628249933.9153 449.7344
1628249934.0154 450.2500
1628249934.1175 450.7695
1628249934.2158 451.8008
1628249934.3159 451.8008
1628249934.4161 452.6641
1628249934.5164 452.6641
1628249934.6165 453.3906
1628249934.7168 453.4062
1628249934.8201 454.4375
1628249934.9172 454.7070
1628249935.0174 455.2227
1628249935.1175 455.7383
1628249935.2206 455.7383
1628249935.3179 456.2539
1628249935.4189 456.7695
1628249935.5183 457.2852
1628249935.6185 458.3164
1628249935.7187 458.3164
1628249935.8201 459.1719
1628249935.9191 459.1875
1628249936.0193 460.2188
1628249936.1195 460.2305
1628249936.2196 461.2617
1628249936.3198 461.5273
1628249936.4200 462.0430
1628249936.5202 463.0742
1628249936.6204 463.1914
1628249936.7206 463.7070
1628249936.8208 463.7070
1628249936.9210 464.2227
1628249937.0212 464.9961
1628249937.1214 464.9961
1628249937.2216 465.7695
1628249937.3218 466.5430
1628249937.4220 466.6016
1628249937.5222 467.6328
1628249937.6224 467.6328
1628249937.7226 468.3477
1628249937.8228 468.3633
1628249937.9230 469.3945
1628249938.0231 470.4258
1628249938.1234 470.4258
1628249938.2235 470.4258
1628249938.3238 471.6133
1628249938.4239 471.6133
1628249938.5241 471.6133
1628249938.6244 472.8125
1628249938.7246 472.8125
1628249938.8247 472.8125
1628249938.9249 472.8125
1628249939.0252 474.0234
1628249939.1257 474.0234
1628249939.2255 474.2812
1628249939.3258 474.3125
1628249939.4260 475.3438
1628249939.5261 475.9141
1628249939.6263 476.4297
1628249939.7265 476.4297
1628249939.8267 476.9453
1628249939.9269 477.0898
1628249940.0271 478.1211
1628249940.1273 478.5391
1628249940.2275 479.0547
1628249940.3277 479.0547
1628249940.4279 479.5703
1628249940.5280 479.5703
1628249940.6282 480.4492
1628249940.7284 480.4648
1628249940.8286 480.9805
1628249940.9288 480.9805
1628249941.0290 481.4961
1628249941.1292 481.5078
1628249941.2294 482.2812
1628249941.3296 482.5391
1628249941.4301 483.0547
1628249941.5300 483.3125
1628249941.6309 483.8281
1628249941.7304 484.8594
1628249941.8306 485.3750
1628249941.9308 485.6914
1628249942.0310 486.2070
1628249942.1312 486.2070
1628249942.2314 486.4688
1628249942.3315 487.5000
1628249942.4318 487.5000
1628249942.5319 488.1484
1628249942.6321 488.6641
1628249942.7327 488.6641
1628249942.8325 489.2070
1628249942.9335 489.4648
1628249943.0329 489.9805
1628249943.1331 490.2383
1628249943.2333 491.0117
1628249943.3336 491.0117
1628249943.4337 491.2695
1628249943.5343 491.7852
1628249943.6341 492.0430
1628249943.7344 492.5586
1628249943.8345 493.0742
1628249943.9347 493.3320
1628249944.0349 493.5898
1628249944.1351 494.1055
1628249944.2352 494.3633
1628249944.3355 494.6211
1628249944.4357 495.1367
1628249944.5364 495.6523
1628249944.6360 495.9102
1628249944.7380 496.1680
1628249944.8364 496.6836
1628249944.9367 497.1992
1628249945.0368 497.5312
1628249945.1370 497.7891
1628249945.2372 498.3047
1628249945.3394 498.5625
1628249945.4376 499.3359
1628249945.5378 499.3359
1628249945.6380 499.3359
1628249945.7382 500.1094
1628249945.8384 500.6250
1628249945.9386 500.8828
1628249946.0388 501.6562
1628249946.1390 502.6875
1628249946.2392 503.2031
1628249946.3394 503.8047
1628249946.4396 504.3203
1628249946.5401 504.8359
1628249946.6400 505.3516
1628249946.7403 505.3516
1628249946.8403 505.8711
1628249946.9406 506.3867
1628249947.0407 506.9023
1628249947.1409 507.4180
1628249947.2411 507.9375
1628249947.3413 508.4531
1628249947.4415 508.9727
1628249947.5417 509.4883
1628249947.6420 509.4883
1628249947.7421 509.4883
1628249947.8423 510.2656
1628249947.9425 510.5234
1628249948.0427 510.5273
1628249948.1430 511.5586
1628249948.2431 511.5586
1628249948.3435 512.2266
1628249948.4435 512.2266
1628249948.5436 513.2695
1628249948.6439 513.2695
1628249948.7442 514.0859
1628249948.8442 514.0859
1628249948.9444 514.8945
1628249949.0446 514.8945
1628249949.1448 514.8945
1628249949.2450 515.9648
1628249949.3455 515.9648
1628249949.4454 515.9648
1628249949.5456 516.3711
1628249949.6458 516.8867
1628249949.7460 516.8867
1628249949.8462 517.6562
1628249949.9464 518.1719
1628249950.0466 518.2930
1628249950.1480 518.5508
1628249950.2470 519.0664
1628249950.3472 519.3242
1628249950.4474 520.0977
1628249950.5476 520.3555
1628249950.6478 520.6133
1628249950.7481 521.1289
1628249950.8483 522.1602
1628249950.9483 522.4180
1628249951.0487 522.5117
1628249951.1489 523.0273
1628249951.2489 523.2852
1628249951.3491 523.8008
1628249951.4494 523.8008
1628249951.5495 524.3164
1628249951.6497 524.8320
1628249951.7499 525.3477
1628249951.8501 525.8711
1628249951.9503 526.3867
1628249952.0505 526.3867
1628249952.1507 526.6406
1628249952.2509 527.6719
1628249952.3511 527.9297
1628249952.4513 527.9688
1628249952.5515 528.7422
1628249952.6517 529.0000
1628249952.7518 529.7617
1628249952.8521 530.0195
1628249952.9522 530.0195
1628249953.0532 530.7891
1628249953.1526 531.0469
1628249953.2528 531.0469
1628249953.3530 532.0703
1628249953.4533 532.3281
1628249953.5534 533.1172
1628249953.6537 533.3750
1628249953.7539 533.3750
1628249953.8542 533.3750
1628249953.9545 533.3750
1628249954.0544 533.6328
1628249954.1546 533.8906
1628249954.2551 534.4062
1628249954.3550 534.4062
1628249954.4552 535.1797
1628249954.5554 535.8945
1628249954.6556 536.1523
1628249954.7558 536.1523
1628249954.8559 536.1523
1628249954.9561 536.6641
1628249955.0565 536.9219
1628249955.1565 537.9531
1628249955.2568 538.2109
1628249955.3569 538.2266
1628249955.4571 539.0000
1628249955.5573 539.2578
1628249955.6575 539.2578
1628249955.7577 539.2578
1628249955.8579 540.2852
1628249955.9581 540.2852
1628249956.0583 540.2852
1628249956.1585 540.2852
1628249956.2587 540.8008
1628249956.3589 541.0586
1628249956.4591 541.8320
1628249956.5593 541.8320
1628249956.6595 542.0898
1628249956.7596 542.6055
1628249956.8598 542.9141
1628249956.9600 543.4531
1628249957.0603 543.9688
1628249957.1604 544.7422
1628249957.2607 545.0000
1628249957.3608 545.7773
1628249957.4610 546.0352
1628249957.5612 546.0352
1628249957.6614 546.0352
1628249957.7616 546.0352
1628249957.8618 546.0352
1628249957.9620 546.0391
1628249958.0622 546.2969
1628249958.1624 547.3281
1628249958.2626 547.5859
1628249958.3628 548.1484
1628249958.4630 548.6641
1628249958.5632 548.6641
1628249958.6634 549.4414
1628249958.7635 549.6992
1628249958.8638 549.6992
1628249958.9640 550.1367
1628249959.0641 550.3945
1628249959.1643 550.3945
1628249959.2654 550.4414
1628249959.3647 551.4727
1628249959.4650 551.4727
1628249959.5651 551.4727
1628249959.6653 551.9844
1628249959.7655 552.0078
1628249959.8660 552.5469
1628249959.9666 552.5469
1628249960.0661 552.8047
1628249960.1663 553.8359
1628249960.2665 553.8359
1628249960.3667 554.0938
1628249960.4681 554.3516
1628249960.5671 554.6094
1628249960.6673 555.1250
1628249960.7674 555.1250
1628249960.8677 555.3828
1628249960.9679 556.4141
1628249961.0681 556.6719
1628249961.1682 557.5391
1628249961.2685 557.7969
1628249961.3689 558.1758
1628249961.4688 558.4336
1628249961.5690 558.4336
1628249961.6692 558.4336
1628249961.7695 559.4609
1628249961.8696 559.4609
1628249961.9699 560.2305
1628249962.0701 560.4883
1628249962.1702 560.4883
1628249962.2704 560.7461
1628249962.3706 561.5430
1628249962.4708 561.8008
1628249962.5710 561.8008
1628249962.6712 562.0547
1628249962.7714 562.3125
1628249962.8716 562.8281
1628249962.9718 563.0859
1628249963.0739 563.9336
1628249963.1722 564.1914
1628249963.2723 564.9648
1628249963.3726 565.2227
1628249963.4727 566.0000
1628249963.5729 566.2578
1628249963.6732 566.4180
1628249963.7733 566.4180
1628249963.8735 566.4180
1628249963.9737 566.9336
1628249964.0739 567.1914
1628249964.1742 567.4531
1628249964.2743 568.2266
1628249964.3745 568.2266
1628249964.4761 568.2266
1628249964.5749 568.2266
1628249964.6751 568.2461
1628249964.7753 569.0273
1628249964.8755 569.0273
1628249964.9757 569.5430
1628249965.0759 569.5430
1628249965.1760 569.7852
1628249965.2763 570.0430
1628249965.3764 572.1055
1628249965.4767 572.1055
1628249965.5769 572.1055
1628249965.6770 572.1055
1628249965.7772 572.1055
1628249965.8774 572.1055
1628249965.9783 572.1055
1628249966.0778 572.1055
1628249966.1780 572.1641
1628249966.2782 572.4219
1628249966.3784 573.4531
1628249966.4786 573.7109
1628249966.5788 573.7109
1628249966.6790 573.8516
1628249966.7792 573.8516
1628249966.8794 574.3672
1628249966.9796 574.6250
1628249967.0798 574.7266
1628249967.1802 575.7578
1628249967.2801 576.0156
1628249967.3806 576.0195
1628249967.4805 576.2773
1628249967.5807 577.0508
1628249967.6811 577.0508
1628249967.7813 577.0508
1628249967.8814 577.8242
1628249967.9815 578.0820
1628249968.0818 578.0820
1628249968.1820 578.3398
1628249968.2821 579.1367
1628249968.3823 579.3945
1628249968.4825 579.3945
1628249968.5827 579.6523
1628249968.6829 579.9102
1628249968.7831 580.6836
1628249968.8833 580.6836
1628249968.9834 580.8047
1628249969.0836 581.5781
1628249969.1838 582.1406
1628249969.2840 582.3984
1628249969.3843 584.1914
1628249969.4844 584.1914
1628249969.5846 584.1914
1628249969.6848 584.1914
1628249969.7851 584.1914
1628249969.8852 584.1914
1628249969.9855 584.1914
1628249970.0856 584.1914
1628249970.1858 584.4492
1628249970.2861 584.8867
1628249970.3862 585.1445
1628249970.4864 585.9180
1628249970.5866 586.4336
1628249970.6868 586.6914
1628249970.7870 586.7070
1628249970.8872 587.4805
1628249970.9874 587.9961
1628249971.0876 589.0273
1628249971.1877 589.2852
1628249971.2880 589.3750
1628249971.3884 589.3750
1628249971.4883 589.8906
1628249971.5889 589.9375
1628249971.6887 590.1953
1628249971.7889 591.2266
1628249971.8891 591.4844
1628249971.9902 591.4844
1628249972.0895 592.4336
1628249972.1897 592.4336
1628249972.2899 592.4336
1628249972.3901 592.4336
1628249972.4914 593.3047
1628249972.5905 593.3047
1628249972.6907 593.3047
1628249972.7911 593.3047
1628249972.8911 593.5625
1628249972.9913 593.8203
1628249973.0915 594.0781
1628249973.1917 594.3320
1628249973.2919 595.0508
1628249973.3923 595.3086
1628249973.4922 596.0742
1628249973.5924 596.3320
1628249973.6926 596.3320
1628249973.7929 597.0938
1628249973.8932 597.3516
1628249973.9932 598.1172
1628249974.0934 598.3750
1628249974.1936 599.1484
1628249974.2938 599.4062
1628249974.3940 599.4062
1628249974.4942 600.1797
1628249974.5944 600.4375
1628249974.6946 600.4375
1628249974.7948 600.4375
1628249974.8950 601.2109
1628249974.9952 601.4688
1628249975.0961 601.4688
1628249975.1956 602.2383
1628249975.2958 602.4961
1628249975.3959 603.2734
1628249975.4964 603.2734
1628249975.5963 603.2734
1628249975.6965 603.2734
1628249975.7967 603.2734
1628249975.8969 603.5312
1628249975.9971 604.3047
1628249976.0974 604.5625
1628249976.1979 604.5625
1628249976.2977 604.5625
1628249976.3979 604.5625
1628249976.4981 604.5625
1628249976.5989 604.5625
1628249976.6985 604.5625
1628249976.8001 604.5625
1628249976.8989 604.8633
1628249976.9991 604.8633
1628249977.0993 604.8633
1628249977.1995 605.1211
1628249977.2997 606.1523
1628249977.3998 606.1523
1628249977.5000 606.1523
1628249977.6002 606.1523
1628249977.7004 606.1523
1628249977.8007 606.1562
1628249977.9008 606.1562
1628249978.0012 606.2617
1628249978.1012 606.7773
1628249978.2014 607.2930
1628249978.3016 607.2930
1628249978.4019 608.1445
1628249978.5020 608.1445
1628249978.6022 608.1445
1628249978.7024 608.1445
1628249978.8042 608.1445
1628249978.9033 608.1445
1628249979.0031 609.1133
1628249979.1032 609.3711
1628249979.2056 609.3711
1628249979.3036 609.3711
1628249979.4038 609.4414
1628249979.5039 609.4414
1628249979.6047 609.9570
1628249979.7043 610.2148
1628249979.8045 610.2148
1628249979.9047 610.2148
1628249980.0049 610.2148
1628249980.1058 610.4727
1628249980.2053 611.5039
1628249980.3055 611.7617
1628249980.4068 611.7617
1628249980.5060 611.7617
1628249980.6061 612.1680
1628249980.7063 612.6836
1628249980.8071 612.6836
1628249980.9067 613.6836
1628249981.0069 613.6836
1628249981.1071 613.6836
1628249981.2073 613.6836
1628249981.3075 613.6875
1628249981.4077 613.9453
1628249981.5079 614.2031
1628249981.6080 614.2031
1628249981.7083 614.4609
1628249981.8085 614.7891
1628249981.9087 615.3281
1628249982.0088 615.3281
1628249982.1090 615.3281
1628249982.2092 615.3281
1628249982.3094 615.8438
1628249982.4096 615.8438
1628249982.5098 616.6172
1628249982.6100 617.1328
1628249982.7102 617.1328
1628249982.8104 617.1992
1628249982.9106 617.1992
1628249983.0108 617.1992
1628249983.1111 617.1992
1628249983.2112 617.7148
1628249983.3114 617.7148
1628249983.4116 618.2383
1628249983.5118 618.8008
1628249983.6120 619.3164
1628249983.7122 619.3164
1628249983.8123 619.3164
1628249983.9125 619.3164
1628249984.0128 619.6797
1628249984.1144 620.0820
1628249984.2131 620.5977
1628249984.3133 621.1133
1628249984.4136 621.6289
1628249984.5169 622.1445
1628249984.6140 622.6602
1628249984.7141 622.6602
1628249984.8143 622.6602
1628249984.9174 622.6602
1628249985.0147 623.1797
1628249985.1149 623.1797
1628249985.2151 623.4375
1628249985.3153 623.4375
1628249985.4156 623.4375
1628249985.5157 623.9531
1628249985.6159 624.4688
1628249985.7161 624.7266
1628249985.8166 624.7266
1628249985.9165 625.5898
1628249986.0166 625.8477
1628249986.1169 626.3633
1628249986.2170 626.3633
1628249986.3186 626.3633
1628249986.4174 626.3633
1628249986.5178 626.3633
1628249986.6179 626.4297
1628249986.7180 626.4297
1628249986.8213 627.1562
1628249986.9212 627.4141
1628249987.0201 627.4141
1628249987.1201 627.4141
1628249987.2190 628.3516
1628249987.3192 628.3594
1628249987.4196 629.3906
1628249987.5197 629.3906
1628249987.6198 629.3906
1628249987.7202 629.3906
1628249987.8203 629.3906
1628249987.9203 629.7500
1628249988.0206 630.0078
1628249988.1207 630.0078
1628249988.2209 630.8516
1628249988.3213 630.8516
1628249988.4213 631.6133
1628249988.5215 631.8711
1628249988.6220 632.3867
1628249988.7238 632.3867
1628249988.8221 632.6445
1628249988.9223 632.6445
1628249989.0227 632.6445
1628249989.1232 632.9023
1628249989.2229 634.7070
1628249989.3231 634.7070
1628249989.4233 634.7070
1628249989.5236 635.4023
1628249989.6237 635.4023
1628249989.7239 635.4023
1628249989.8241 635.4023
1628249989.9243 635.6602
1628249990.0244 635.9180
1628249990.1247 635.9180
1628249990.2248 635.9180
1628249990.3251 636.6914
1628249990.4252 637.7227
1628249990.5255 638.2383
1628249990.6256 638.2383
1628249990.7258 638.2383
1628249990.8260 639.6094
1628249990.9262 639.6094
1628249991.0264 639.6680
1628249991.1266 639.6680
1628249991.2268 639.6680
1628249991.3270 640.0508
1628249991.4272 640.5664
1628249991.5274 640.5898
1628249991.6276 641.6211
1628249991.7278 641.6211
1628249991.8280 641.6211
1628249991.9283 641.6719
1628249992.0283 642.1875
1628249992.1285 642.1875
1628249992.2288 642.1875
1628249992.3291 642.7031
1628249992.4291 642.9609
1628249992.5293 643.4766
1628249992.6296 643.9922
1628249992.7297 644.5078
1628249992.8299 645.0234
1628249992.9301 645.5391
1628249993.0303 645.7969
1628249993.1305 645.7969
1628249993.2307 646.3125
1628249993.3309 646.8281
1628249993.4311 646.8281
1628249993.5313 646.8281
1628249993.6315 648.3750
1628249993.7317 648.3750
1628249993.8319 648.3750
1628249993.9320 649.2969
1628249994.0323 649.2969
1628249994.1325 649.6055
1628249994.2328 649.6055
1628249994.3328 650.1211
1628249994.4330 650.6367
1628249994.5333 651.6680
1628249994.6336 651.6680
1628249994.7336 651.6719
1628249994.8338 651.9297
1628249994.9342 652.1875
1628249995.0347 652.9609
1628249995.1351 653.2188
1628249995.2346 653.2422
1628249995.3352 655.0469
1628249995.4352 655.0469
1628249995.5353 655.8398
1628249995.6354 655.8398
1628249995.7356 657.0430
1628249995.8358 657.0430
1628249995.9360 657.8984
1628249996.0362 657.8984
1628249996.1366 658.9023
1628249996.2366 658.9023
1628249996.3367 659.7461
1628249996.4370 659.7461
1628249996.5371 659.7461
1628249996.6373 659.7539
1628249996.7376 660.2695
1628249996.8377 660.2695
1628249996.9379 660.7852
1628249997.0381 661.3008
1628249997.1383 661.3008
1628249997.2385 661.8164
1628249997.3387 661.9609
1628249997.4389 662.9922
1628249997.5391 662.9922
1628249997.6395 663.8906
1628249997.7395 663.8906
1628249997.8397 663.9648
1628249997.9399 663.9648
1628249998.0401 664.4805
1628249998.1403 664.7500
1628249998.2404 665.7812
1628249998.3406 665.7812
1628249998.4409 666.7539
1628249998.5411 666.7539
1628249998.6412 666.7539
1628249998.7414 667.3242
1628249998.8416 667.3242
1628249998.9418 667.8398
1628249999.0420 668.3555
1628249999.1422 669.1289
1628249999.2424 669.1289
1628249999.3426 669.6445
1628249999.4428 670.1602
1628249999.5430 670.1602
1628249999.6432 670.1602
1628249999.7434 671.5156
1628249999.8436 671.5156
1628249999.9438 671.5156
1628250000.0440 671.5156
1628250000.1442 671.5156
1628250000.2449 671.9180
1628250000.3464 671.9180
1628250000.4447 672.4336
1628250000.5449 673.2070
1628250000.6455 673.4648
1628250000.7453 674.2383
1628250000.8455 674.2383
1628250000.9457 674.2383
1628250001.0460 675.4727
1628250001.1463 675.4727
1628250001.2463 675.4727
1628250001.3465 676.5234
1628250001.4467 676.5234
1628250001.5469 677.1875
1628250001.6471 677.1875
1628250001.7474 677.1875
1628250001.8475 678.1914
1628250001.9477 678.1914
1628250002.0479 678.1914
1628250002.1489 678.1914
1628250002.2483 678.1914
1628250002.3521 678.1953
1628250002.4486 678.1953
1628250002.5490 678.7109
1628250002.6491 678.7109
1628250002.7495 679.1172
1628250002.8494 679.1172
1628250002.9496 680.0508
1628250003.0498 680.0508
1628250003.1500 680.0508
1628250003.2502 680.4062
1628250003.3521 680.9219
1628250003.4506 680.9219
1628250003.5508 680.9219
1628250003.6510 682.2109
1628250003.7521 682.2109
1628250003.8514 682.2109
1628250003.9536 682.2109
1628250004.0526 682.2109
1628250004.1520 682.6953
1628250004.2523 682.7070
1628250004.3524 683.7383
1628250004.4526 683.7383
1628250004.5527 683.7383
1628250004.6537 683.7383
1628250004.7545 683.7891
1628250004.8533 683.7891
1628250004.9542 684.7852
1628250005.0549 684.7969
1628250005.1561 684.7969
1628250005.2541 685.3125
1628250005.3543 685.8281
1628250005.4545 685.8281
1628250005.5547 685.8789
1628250005.6550 685.8789
1628250005.7562 686.1367
1628250005.8571 686.2734
1628250005.9555 687.3047
1628250006.0559 687.3047
1628250006.1559 687.3047
1628250006.2567 688.3281
1628250006.3563 688.3281
1628250006.4568 688.3281
1628250006.5566 688.3789
1628250006.6569 688.8945
1628250006.7570 688.8945
1628250006.8573 688.8945
1628250006.9575 689.4102
1628250007.0576 689.4102
1628250007.1578 689.9258
1628250007.2580 690.4414
1628250007.4548 690.4414
1628250007.4584 690.4414
1628250007.5586 690.4570
1628250007.6588 690.4570
1628250007.7590 691.3906
1628250007.8592 691.3906
1628250007.9594 691.3906
1628250008.0596 691.8242
1628250008.1598 692.5977
1628250008.2600 692.8555
1628250008.3602 692.8555
1628250008.4604 692.8555
1628250008.5605 692.8555
1628250008.6608 692.8555
1628250008.7609 692.8555
1628250008.8612 693.3164
1628250008.9613 693.8320
1628250009.0615 693.8320
1628250009.1618 694.3477
1628250009.2619 694.8633
1628250009.3621 694.8633
1628250009.4623 694.8633
1628250009.5625 694.8867
1628250009.6627 695.1445
1628250009.7630 695.1445
1628250009.8632 695.9062
1628250009.9633 695.9414
1628250010.0635 696.9727
1628250010.1637 696.9727
1628250010.2639 696.9727
1628250010.3641 696.9727
1628250010.4643 696.9727
1628250010.5644 696.9883
1628250010.6647 698.0195
1628250010.7648 698.0195
1628250010.8651 698.0195
1628250010.9653 698.0703
1628250011.0655 698.0703
1628250011.1660 698.0703
1628250011.2658 698.5859
1628250011.3660 699.1016
1628250011.4662 699.6172
1628250011.5665 699.6172
1628250011.6666 699.6172
1628250011.7672 699.6172
1628250011.8671 699.6172
1628250011.9683 699.6172
1628250012.0674 699.6172
1628250012.1676 699.6172
1628250012.2678 700.1328
1628250012.3680 700.3906
1628250012.4682 700.3906
1628250012.5684 700.3906
1628250012.6686 700.3906
1628250012.7688 700.6484
1628250012.8689 700.6484
1628250012.9691 700.6484
1628250013.0694 701.1641
1628250013.1695 702.4531
1628250013.2697 702.4531
1628250013.3699 702.4531
1628250013.4701 702.4531
1628250013.5703 702.5938
1628250013.6705 702.5938
1628250013.7708 703.5781
1628250013.8709 703.5781
1628250013.9711 703.5781
1628250014.0713 703.5781
1628250014.1715 703.5781
1628250014.2717 703.5781
1628250014.3719 704.5312
1628250014.4721 704.5312
1628250014.5723 705.4844
1628250014.6725 705.4844
1628250014.7727 706.3047
1628250014.8729 706.3047
1628250014.9742 706.3047
1628250015.0733 706.3047
1628250015.1734 706.3594
1628250015.2737 706.3594
1628250015.3740 706.3594
1628250015.4741 706.3594
1628250015.5742 706.3594
1628250015.6744 706.3594
1628250015.7748 706.3594
1628250015.8748 706.5859
1628250015.9750 706.5859
1628250016.0752 707.5000
1628250016.1754 707.5000
1628250016.2756 707.5000
1628250016.3759 708.4023
1628250016.4760 708.4023
1628250016.5763 708.9297
1628250016.6764 709.4453
1628250016.7766 709.4453
1628250016.8768 710.4062
1628250016.9772 710.4062
1628250017.0772 711.2734
1628250017.1783 711.2734
1628250017.2775 711.2734
1628250017.3791 711.3242
1628250017.4779 711.3242
1628250017.5785 711.3242
1628250017.6783 711.3242
1628250017.7785 711.3242
1628250017.8787 711.3242
1628250017.9790 711.3242
1628250018.0791 711.3242
1628250018.1793 711.3242
1628250018.2795 711.3242
1628250018.3798 711.3242
1628250018.4799 711.3242
1628250018.5801 712.0977
1628250018.6803 712.0977
1628250018.7805 712.0977
1628250018.8807 712.0977
1628250018.9809 712.8711
1628250019.0811 712.8711
1628250019.1813 712.8711
1628250019.2814 712.8711
1628250019.3820 712.8711
1628250019.4819 713.1289
1628250019.5822 713.6445
1628250019.6824 714.1602
1628250019.7824 714.1602
1628250019.8826 714.1602
1628250019.9828 714.6758
1628250020.0830 714.6758
1628250020.1833 714.6758
1628250020.2834 714.6758
1628250020.3836 714.6758
1628250020.4838 714.9336
1628250020.5870 714.9336
1628250020.6842 714.9336
1628250020.7844 715.7070
1628250020.8846 716.2891
1628250020.9848 716.8047
1628250021.0850 716.8047
1628250021.1852 716.8047
1628250021.2854 717.1562
1628250021.3855 717.6719
1628250021.4857 717.6719
1628250021.5859 717.6758
1628250021.6861 718.1914
1628250021.7865 718.7070
1628250021.8865 719.2266
1628250021.9867 719.7422
1628250022.0870 719.7422
1628250022.1871 720.6484
1628250022.2876 720.6484
1628250022.3875 720.6484
1628250022.4877 720.6484
1628250022.5879 720.6484
1628250022.6883 720.6484
1628250022.7883 720.6484
1628250022.8885 720.6484
1628250022.9887 720.8750
1628250023.0889 721.1328
1628250023.1909 721.1328
1628250023.2893 721.1328
1628250023.3939 722.0938
1628250023.4896 722.0938
1628250023.5899 722.0938
1628250023.6900 722.0938
1628250023.7902 722.0938
1628250023.8904 722.6016
1628250023.9906 723.1172
1628250024.0908 723.1172
1628250024.1918 723.3477
1628250024.2912 723.8867
1628250024.3914 724.4023
1628250024.4916 724.4023
1628250024.5918 725.2852
1628250024.6925 725.2852
1628250024.7922 725.2852
1628250024.8924 725.2852
1628250024.9926 725.2852
1628250025.0928 725.7695
1628250025.1930 726.8008
1628250025.2932 726.8008
1628250025.3934 726.8008
1628250025.4935 726.8008
1628250025.5938 727.0000
1628250025.6940 727.0000
1628250025.7941 727.0000
1628250025.8946 727.8438
1628250025.9945 727.8438
1628250026.0947 727.8477
1628250026.1949 728.3633
1628250026.2952 728.8789
1628250026.3953 728.8789
1628250026.4955 728.8789
1628250026.5958 728.8789
1628250026.6959 728.8789
1628250026.7961 728.8789
1628250026.8963 728.8789
1628250026.9982 729.7227
1628250027.0967 729.7227
1628250027.1969 729.7227
1628250027.2971 729.7227
1628250027.3973 729.7227
1628250027.4975 729.7500
1628250027.5977 731.0391
1628250027.6978 731.0391
1628250027.7980 731.0391
1628250027.8985 731.0391
1628250027.9984 731.0391
1628250028.0986 731.4375
1628250028.1989 732.2109
1628250028.2990 732.2109
1628250028.3992 732.2109
1628250028.4994 732.7266
1628250028.5999 733.2422
1628250028.6998 733.2422
1628250028.8000 733.2422
1628250028.9002 733.5000
1628250029.0004 733.5000
1628250029.1006 733.5000
1628250029.2010 734.0156
1628250029.3010 734.0156
1628250029.4014 734.0156
1628250029.5013 734.5117
1628250029.6015 734.5117
1628250029.7017 735.0273
1628250029.8020 735.0273
1628250029.9022 735.0273
1628250030.0024 735.0273
1628250030.1025 735.0820
1628250030.2027 735.0820
1628250030.3030 735.1055
1628250030.4031 736.1367
1628250030.5033 736.6523
1628250030.6035 736.6523
1628250030.7038 736.7461
1628250030.8039 736.7461
1628250030.9041 736.7461
1628250031.0043 736.7461
1628250031.1081 737.5195
1628250031.2047 737.7773
1628250031.3054 737.7773
1628250031.4051 737.7773
1628250031.5053 737.8281
1628250031.6055 738.8594
1628250031.7056 738.8594
1628250031.8059 739.1172
1628250031.9060 739.1172
1628250032.0062 739.9609
1628250032.1082 739.9609
1628250032.2066 739.9609
1628250032.3068 740.7695
1628250032.4070 741.0273
1628250032.5072 741.0273
1628250032.6074 741.0273
1628250032.7076 741.0273
1628250032.8078 741.0273
1628250032.9080 741.0273
1628250033.0082 741.0273
1628250033.1084 741.0312
1628250033.2086 741.0391
1628250033.3088 741.0391
1628250033.4090 741.8125
1628250033.5092 742.0703
1628250033.6094 742.0703
1628250033.7096 742.0703
1628250033.8098 742.4492
1628250033.9105 742.9648
1628250034.0102 742.9648
1628250034.1103 742.9648
1628250034.2105 742.9648
1628250034.3108 743.1055
1628250034.4110 743.3633
1628250034.5111 743.8789
1628250034.6114 743.8789
1628250034.7119 743.8789
1628250034.8117 744.1992
1628250034.9119 744.4570
1628250035.0121 745.4883
1628250035.1123 745.4883
1628250035.2125 745.4883
1628250035.3127 745.4883
1628250035.4130 745.4883
1628250035.5131 746.3516
1628250035.6133 746.3516
1628250035.7135 746.3516
1628250035.8137 746.6094
1628250035.9138 746.6094
1628250036.0141 747.4609
1628250036.1143 747.4609
1628250036.2148 747.4609
1628250036.3148 747.4609
1628250036.4148 747.4609
1628250036.5150 747.9766
1628250036.6153 747.9766
1628250036.7154 747.9766
1628250036.8156 748.4922
1628250036.9158 748.4922
1628250037.0160 748.5312
1628250037.1163 748.5312
1628250037.2164 748.5312
1628250037.3166 749.3047
1628250037.4168 749.3047
1628250037.5170 749.3047
1628250037.6172 749.3047
1628250037.7174 749.5625
1628250037.8176 749.5938
1628250037.9178 749.8516
1628250038.0180 749.8516
1628250038.1181 749.8750
1628250038.2183 749.8750
1628250038.3185 750.9062
1628250038.4187 750.9062
1628250038.5190 750.9062
1628250038.6191 750.9062
1628250038.7193 751.5234
1628250038.8195 751.7812
1628250038.9197 752.2305
1628250039.0199 752.2305
1628250039.1201 752.2305
1628250039.2212 752.2305
1628250039.3205 752.2305
1628250039.4207 752.2305
1628250039.5209 752.2305
1628250039.6211 752.2305
1628250039.7213 752.7461
1628250039.8215 752.7461
1628250039.9217 752.7461
1628250040.0218 752.7461
1628250040.1220 753.0039
1628250040.2223 753.0039
1628250040.3225 754.1953
1628250040.4244 754.1953
1628250040.5228 754.1953
1628250040.6230 754.1953
1628250040.7232 754.1953
1628250040.8245 754.1953
1628250040.9236 754.7852
1628250041.0238 754.7852
1628250041.1240 754.7852
1628250041.2245 754.7852
1628250041.3244 754.7852
1628250041.4248 755.6055
1628250041.5248 755.8633
1628250041.6250 755.8633
1628250041.7252 755.8633
1628250041.8254 755.9258
1628250041.9256 755.9258
1628250042.0258 755.9258
1628250042.1260 756.6992
1628250042.2262 756.9570
1628250042.3263 756.9570
1628250042.4266 756.9570
1628250042.5268 758.0195
1628250042.6269 758.0195
1628250042.7272 758.0195
1628250042.8274 758.0195
1628250042.9275 758.0195
1628250043.0277 758.7891
1628250043.1279 759.0469
1628250043.2282 759.0469
1628250043.3283 759.0469
1628250043.4286 759.0469
1628250043.5287 759.0469
1628250043.6289 759.0469
1628250043.7291 759.3047
1628250043.8293 759.8203
1628250043.9295 760.3359
1628250044.0300 760.3359
1628250044.1299 760.3359
1628250044.2301 760.7109
1628250044.3303 760.7109
1628250044.4305 760.7344
1628250044.5306 760.7344
1628250044.6308 761.0156
1628250044.7311 761.2734
1628250044.8312 761.2734
1628250044.9314 761.2734
1628250045.0317 761.2734
1628250045.1318 761.9219
1628250045.2320 762.1797
1628250045.3324 762.1797
1628250045.4324 762.4766
1628250045.5326 762.4766
1628250045.6328 762.4766
1628250045.7330 762.4766
1628250045.8354 762.9922
1628250045.9334 762.9922
1628250046.0336 762.9922
1628250046.1338 763.5078
1628250046.2343 763.7656
1628250046.3341 764.0234
1628250046.4343 764.0234
1628250046.5347 764.0234
1628250046.6357 764.2812
1628250046.7350 764.2812
1628250046.8367 764.5391
1628250046.9353 764.5391
1628250047.0355 764.5391
1628250047.1357 765.0430
1628250047.2359 765.3008
1628250047.3361 765.3008
1628250047.4372 765.4219
1628250047.5365 765.7031
1628250047.6367 766.4766
1628250047.7369 766.4766
1628250047.8383 766.4766
1628250047.9373 767.1406
1628250048.0375 767.3984
1628250048.1377 767.3984
1628250048.2379 767.3984
1628250048.3381 767.3984
1628250048.4383 767.3984
1628250048.5385 767.3984
1628250048.6386 767.3984
1628250048.7389 768.4258
1628250048.8391 768.6836
1628250048.9393 768.6836
1628250049.0395 768.9883
1628250049.1396 768.9883
1628250049.2398 769.5039
1628250049.3400 770.0195
1628250049.4402 770.0195
1628250049.5404 770.0195
1628250049.6406 770.0195
1628250049.7408 770.3359
1628250049.8410 770.3359
1628250049.9412 771.1094
1628250050.0414 771.1094
1628250050.1416 771.3672
1628250050.2418 773.3281
1628250050.3420 773.3281
1628250050.4421 773.3281
1628250050.5424 773.3281
1628250050.6426 773.3281
1628250050.7428 773.7656
1628250050.8429 774.0234
1628250050.9431 774.0234
1628250051.0433 774.0234
1628250051.1435 774.3594
1628250051.2437 774.6172
1628250051.3439 774.6172
1628250051.4441 775.3438
1628250051.5443 775.6016
1628250051.6445 775.6016
1628250051.7447 777.2969
1628250051.8449 777.2969
1628250051.9451 777.2969
1628250052.0453 777.2969
1628250052.1455 778.3398
1628250052.2457 778.3398
1628250052.3459 778.3398
1628250052.4461 778.3398
1628250052.5462 778.3398
1628250052.6464 778.3398
1628250052.7467 778.3633
1628250052.8468 778.6211
1628250052.9471 779.2070
1628250053.0473 779.4648
1628250053.1474 779.4648
1628250053.2481 779.4648
1628250053.3478 779.7227
1628250053.4480 780.2383
1628250053.5482 780.2383
1628250053.6484 780.7539
1628250053.7486 780.7539
1628250053.8488 781.2695
1628250053.9490 781.2695
1628250054.0492 781.2695
1628250054.1494 782.0430
1628250054.2497 782.0430
1628250054.3498 782.3008
1628250054.4500 782.8164
1628250054.5502 783.0742
1628250054.6503 783.0742
1628250054.7506 783.0742
1628250054.8507 783.3320
1628250054.9509 784.0820
1628250055.0516 784.3398
1628250055.1514 784.3398
1628250055.2515 785.2656
1628250055.3517 785.5234
1628250055.4519 785.5234
1628250055.5521 785.5469
1628250055.6523 785.7656
1628250055.7525 786.5391
1628250055.8530 786.5391
1628250055.9529 786.5391
1628250056.0551 786.5391
1628250056.1534 786.5391
1628250056.2536 787.2383
1628250056.3537 787.4961
1628250056.4561 787.4961
1628250056.5541 787.4961
1628250056.6543 787.6914
1628250056.7545 787.7344
1628250056.8547 787.9922
1628250056.9548 788.5078
1628250057.0551 788.5078
1628250057.1552 789.0234
1628250057.2556 789.5859
1628250057.3556 789.5859
1628250057.4559 789.5859
1628250057.5560 789.5859
1628250057.6566 790.0469
1628250057.7581 790.0469
1628250057.8566 791.0430
1628250057.9568 791.3008
1628250058.0570 791.3008
1628250058.1572 791.3008
1628250058.2586 791.3008
1628250058.4541 791.4492
1628250058.4578 792.1133
1628250058.5580 792.3711
1628250058.6582 792.4688
1628250058.7584 792.9844
1628250058.8586 792.9844
1628250058.9587 793.2656
1628250059.0589 793.2656
1628250059.1593 793.2656
1628250059.2596 793.5234
1628250059.3596 793.5234
1628250059.4597 793.7812
1628250059.5600 794.2969
1628250059.6603 794.2969
1628250059.7603 794.2969
1628250059.8622 795.0703
1628250059.9607 795.0703
1628250060.0610 795.0703
1628250060.1611 795.0703
1628250060.2613 795.3281
1628250060.3615 795.3281
1628250060.4623 795.3281
1628250060.5619 795.3281
1628250060.6625 795.6953
1628250060.7623 795.9531
1628250060.8625 796.2578
1628250060.9629 796.2578
1628250061.0629 796.2578
1628250061.1631 796.2578
1628250061.2633 796.5156
1628250061.3635 796.7500
1628250061.4636 796.7500
1628250061.5640 797.0312
1628250061.6643 797.0547
1628250061.7681 797.3125
1628250061.8644 797.3359
1628250061.9649 797.5938
1628250062.0648 798.3906
1628250062.1650 798.3906
1628250062.2655 798.6719
1628250062.3654 798.9297
1628250062.4660 798.9727
1628250062.5663 799.7461
1628250062.6674 799.7461
1628250062.7682 799.7695
1628250062.8664 800.5391
1628250062.9667 800.7969
1628250063.0668 801.5430
1628250063.1670 801.8008
1628250063.2672 801.8008
1628250063.3675 801.8008
1628250063.4675 802.3867
1628250063.5680 802.3867
1628250063.6679 802.3867
1628250063.7681 802.3867
1628250063.8683 802.3867
1628250063.9685 802.3867
1628250064.0687 802.3867
1628250064.1689 802.3867
1628250064.2696 802.3867
1628250064.3693 802.3867
1628250064.4696 802.3867
1628250064.5701 802.6445
1628250064.6699 802.6445
1628250064.7701 802.6445
1628250064.8703 802.6445
1628250064.9705 802.6445
1628250065.0707 802.6445
1628250065.1708 803.4180
1628250065.2710 803.6758
1628250065.3713 803.6758
1628250065.4714 803.6758
1628250065.5716 803.9336
1628250065.6719 803.9336
1628250065.7721 803.9336
1628250065.8722 803.9336
1628250065.9725 803.9336
1628250066.0727 803.9336
1628250066.1728 804.7070
1628250066.2730 804.7070
1628250066.3732 804.7070
1628250066.4734 804.9648
1628250066.5736 804.9648
1628250066.6738 804.9648
1628250066.7743 804.9648
1628250066.8742 804.9648
1628250066.9745 804.9648
1628250067.0746 804.9648
1628250067.1748 805.4805
1628250067.2750 805.9961
1628250067.3756 807.0273
1628250067.4753 807.0273
1628250067.5755 807.0273
1628250067.6758 807.0273
1628250067.7759 807.0273
1628250067.8762 807.0273
1628250067.9766 808.0469
1628250068.0765 808.0469
1628250068.1767 808.0469
1628250068.2769 808.0469
1628250068.3771 808.3789
1628250068.4773 808.8945
1628250068.5776 808.8945
1628250068.6777 808.8945
1628250068.7779 808.9375
1628250068.8781 808.9375
1628250068.9783 809.7148
1628250069.0785 809.7148
1628250069.1787 809.7148
1628250069.2789 809.7148
1628250069.3791 809.7148
1628250069.4793 809.7148
1628250069.5795 809.7148
1628250069.6797 810.0664
1628250069.7798 810.0664
1628250069.8800 810.0664
1628250069.9803 810.0664
1628250070.0805 810.0664
1628250070.1806 810.0664
1628250070.2808 810.5820
1628250070.3810 810.5820
1628250070.4812 810.5820
1628250070.5814 810.6719
1628250070.6816 810.6719
1628250070.7818 810.6719
1628250070.8820 810.6719
1628250070.9824 811.1875
1628250071.0824 811.1875
1628250071.1826 811.1875
1628250071.2828 811.1875
1628250071.3830 811.6992
1628250071.4832 812.2148
1628250071.5834 812.2148
1628250071.6835 812.2148
1628250071.7838 812.6875
1628250071.8839 813.2031
1628250071.9841 813.7188
1628250072.0844 813.7188
1628250072.1847 813.7188
1628250072.2847 813.7188
1628250072.3849 813.7188
1628250072.4851 813.7188
1628250072.5854 813.7188
1628250072.6855 813.7188
1628250072.7857 814.2344
1628250072.8859 815.2656
1628250072.9870 815.2656
1628250073.0864 815.2656
1628250073.1865 815.7812
1628250073.2867 815.7812
1628250073.3874 815.7812
1628250073.4871 816.0391
1628250073.5873 816.0391
1628250073.6876 816.0391
1628250073.7877 816.0391
1628250073.8879 816.2969
1628250073.9880 817.3281
1628250074.0882 817.8438
1628250074.1885 817.8438
1628250074.2886 818.6055
1628250074.3891 818.6055
1628250074.4895 818.6055
1628250074.5899 818.6055
1628250074.6894 818.6055
1628250074.7896 818.6055
1628250074.8898 818.6055
1628250074.9900 818.6055
1628250075.0902 818.9062
1628250075.1904 819.4219
1628250075.2906 819.5898
1628250075.3908 820.3633
1628250075.4910 820.3633
1628250075.5912 820.3633
1628250075.6914 820.3633
1628250075.7916 820.3633
1628250075.8919 820.3633
1628250075.9919 820.3633
1628250076.0921 820.3633
1628250076.1923 820.3633
1628250076.2941 820.7578
1628250076.3927 820.7578
1628250076.4930 820.7578
1628250076.5931 820.7578
1628250076.6937 820.7578
1628250076.7935 821.2734
1628250076.8958 821.7891
1628250076.9939 821.7891
1628250077.0944 821.7891
1628250077.1943 821.7891
1628250077.2945 821.7891
1628250077.3947 821.7891
1628250077.4949 822.3047
1628250077.5951 822.3047
1628250077.6953 822.3047
1628250077.7955 822.3047
1628250077.8961 822.3047
1628250077.9959 822.3047
1628250078.0960 822.3047
1628250078.1962 822.3047
1628250078.2964 822.3047
1628250078.3966 822.3047
1628250078.4968 822.3047
1628250078.5970 822.3047
1628250078.6972 822.3047
1628250078.7975 822.8203
1628250078.8976 822.8203
1628250078.9978 822.8203
1628250079.0980 823.3359
1628250079.1982 823.3359
1628250079.2984 823.3359
1628250079.3986 823.8516
1628250079.4988 823.8516
1628250079.5990 823.8516
1628250079.7015 824.3672
1628250079.7995 824.3672
1628250079.8997 824.3672
1628250079.9998 824.3672
1628250080.1000 824.3672
1628250080.2002 824.3672
1628250080.3003 824.3672
1628250080.4006 824.6250
1628250080.5007 824.6250
1628250080.6018 824.6250
1628250080.7011 824.6250
1628250080.8013 824.8828
1628250080.9015 825.3984
1628250081.0017 825.3984
1628250081.1019 825.3984
1628250081.2021 825.3984
1628250081.3023 826.1719
1628250081.4025 826.1719
1628250081.5027 826.1719
1628250081.6029 826.1719
1628250081.7031 826.1719
1628250081.8033 826.1719
1628250081.9039 826.1719
1628250082.0037 826.5469
1628250082.1039 826.5469
1628250082.2041 827.3203
1628250082.3042 827.3203
1628250082.4044 827.8359
1628250082.5046 827.8359
1628250082.6048 827.8359
1628250082.7051 827.8359
1628250082.8052 828.0938
1628250082.9054 828.0938
1628250083.0056 828.3672
1628250083.1058 828.6250
1628250083.2060 828.6250
1628250083.3081 828.6250
1628250083.4064 828.6250
1628250083.5066 828.6250
1628250083.6069 828.6250
1628250083.7070 828.6719
1628250083.8072 828.6719
1628250083.9074 828.6719
1628250084.0076 829.1875
1628250084.1078 829.1875
1628250084.2080 830.1250
1628250084.3082 830.1250
1628250084.4083 830.1250
1628250084.5085 830.1250
1628250084.6088 830.1250
1628250084.7089 831.1250
1628250084.8091 831.6406
1628250084.9093 832.1562
1628250085.0095 832.1562
1628250085.1102 832.9922
1628250085.2099 832.9922
1628250085.3103 832.9922
1628250085.4103 832.9922
1628250085.5105 832.9922
1628250085.6107 832.9922
1628250085.7109 832.9922
1628250085.8111 832.9922
1628250085.9113 832.9922
1628250086.0121 833.8008
1628250086.1117 833.8008
1628250086.2119 833.8008
1628250086.3121 833.8008
1628250086.4123 833.8516
1628250086.5124 833.8516
1628250086.6129 834.5898
1628250086.7128 834.5898
1628250086.8137 834.5898
1628250086.9132 834.5898
1628250087.0140 835.4531
1628250087.1136 835.4531
1628250087.2138 835.4531
1628250087.3140 835.4531
1628250087.4142 835.4531
1628250087.5161 835.4531
1628250087.6146 835.4531
1628250087.7149 835.4531
1628250087.8150 835.4531
1628250087.9153 835.4531
1628250088.0154 835.4531
1628250088.1157 835.4531
1628250088.2158 835.4531
1628250088.3160 835.5000
1628250088.4162 835.5000
1628250088.5164 836.3008
1628250088.6165 836.3008
1628250088.7167 836.3008
1628250088.8169 836.3008
1628250088.9171 836.3516
1628250089.0173 836.3516
1628250089.1175 836.3516
1628250089.2177 836.8828
1628250089.3179 836.8828
1628250089.4185 836.8828
1628250089.5183 837.1406
1628250089.6185 837.1406
1628250089.7201 837.1406
1628250089.8189 837.1406
1628250089.9191 837.1406
1628250090.0194 837.1406
1628250090.1195 838.0234
1628250090.2197 838.0234
1628250090.3199 838.0234
1628250090.4201 838.0234
1628250090.5203 838.9531
1628250090.6205 838.9531
1628250090.7207 839.7773
1628250090.8208 839.7773
1628250090.9210 839.7773
1628250091.0212 840.7539
1628250091.1214 840.7539
1628250091.2216 840.7539
1628250091.3218 840.7539
1628250091.4221 840.8281
1628250091.5223 840.8281
1628250091.6225 840.8281
1628250091.7226 840.8789
1628250091.8228 840.8789
1628250091.9230 840.8789
1628250092.0232 841.3945
1628250092.1234 841.9102
1628250092.2236 841.9102
1628250092.3238 841.9102
1628250092.4240 842.4258
1628250092.5281 842.9414
1628250092.6244 843.4570
1628250092.7246 843.4570
1628250092.8247 843.4570
1628250092.9250 843.9727
1628250093.0251 843.9727
1628250093.1253 844.4883
1628250093.2255 844.4883
1628250093.3257 844.9805
1628250093.4260 844.9805
1628250093.5261 845.9570
1628250093.6263 845.9570
1628250093.7265 845.9570
1628250093.8267 845.9570
1628250093.9269 846.0078
1628250094.0271 846.0078
1628250094.1273 846.7812
1628250094.2275 847.2969
1628250094.3277 847.8125
1628250094.4279 847.8125
1628250094.5281 847.8125
1628250094.6283 847.8125
1628250094.7285 848.3281
1628250094.8287 848.8438
1628250094.9289 848.8438
1628250095.0291 848.8438
1628250095.1293 849.3594
1628250095.2295 849.8750
1628250095.3296 849.8750
1628250095.4298 849.8750
1628250095.5301 850.1328
1628250095.6303 850.1328
1628250095.7304 850.1328
1628250095.8306 850.1328
1628250095.9308 850.9062
1628250096.0310 851.4219
1628250096.1312 851.9375
1628250096.2314 851.9375
1628250096.3316 851.9375
1628250096.4318 851.9375
1628250096.5323 851.9375
1628250096.6322 852.4531
1628250096.7324 852.9688
1628250096.8326 852.9688
1628250096.9329 852.9688
1628250097.0344 852.9688
1628250097.1331 853.7422
1628250097.2345 853.7422
1628250097.3337 853.7422
1628250097.4340 854.2578
1628250097.5343 854.2578
1628250097.6341 854.2578
1628250097.7344 854.7734
1628250097.8345 855.2891
1628250097.9347 855.2891
1628250098.0361 855.2891
1628250098.1356 855.2891
1628250098.2353 855.2891
1628250098.3355 855.2891
1628250098.4362 855.8047
1628250098.5359 856.5781
1628250098.6361 856.5781
1628250098.7363 856.5781
1628250098.8365 856.8359
1628250098.9368 856.8359
1628250099.0369 856.8359
1628250099.1371 856.8359
1628250099.2372 857.3516
1628250099.3375 857.3516
1628250099.4376 857.3516
1628250099.5378 857.6094
1628250099.6381 858.1250
1628250099.7386 858.6406
1628250099.8384 858.6406
1628250099.9386 858.6406
1628250100.0388 858.6406
1628250100.1390 858.6406
1628250100.2392 858.6406
1628250100.3394 858.6406
1628250100.4396 858.6406
1628250100.5398 859.6719
1628250100.6402 859.6992
1628250100.7403 859.6992
1628250100.8404 860.2148
1628250100.9406 860.4727
1628250101.0421 860.9883
1628250101.1414 860.9883
1628250101.2412 861.5039
1628250101.3414 861.7617
1628250101.4415 862.0195
1628250101.5417 862.7930
1628250101.6419 862.7930
1628250101.7428 862.7930
1628250101.8440 863.3086
1628250101.9426 863.5664
1628250102.0427 864.0820
1628250102.1429 864.0820
1628250102.2431 864.8555
1628250102.3433 865.3711
1628250102.4435 865.3711
1628250102.5437 865.8320
1628250102.6439 865.8320
1628250102.7441 865.8320
1628250102.8444 865.8320
1628250102.9445 865.8320
1628250103.0447 866.5430
1628250103.1449 867.0586
1628250103.2451 867.0586
1628250103.3453 867.0586
1628250103.4454 867.0586
1628250103.5457 867.1289
1628250103.6459 867.1289
1628250103.7460 868.0312
1628250103.8463 868.0312
1628250103.9464 868.0312
1628250104.0466 868.9609
1628250104.1468 868.9609
1628250104.2470 868.9609
1628250104.3472 869.0078
1628250104.4474 869.0078
1628250104.5476 869.0078
1628250104.6478 869.0078
1628250104.7482 869.0078
1628250104.8482 869.0078
1628250104.9484 869.6992
1628250105.0486 870.2148
1628250105.1488 870.2148
1628250105.2491 870.2148
1628250105.3492 870.2148
1628250105.4494 870.2148
1628250105.5496 870.5430
1628250105.6498 871.0586
1628250105.7500 871.0586
1628250105.8505 872.0039
1628250105.9503 872.0039
1628250106.0505 872.0039
1628250106.1507 872.0039
1628250106.2510 872.0039
1628250106.3511 872.9414
1628250106.4513 872.9414
1628250106.5515 872.9414
1628250106.6518 872.9922
1628250106.7521 872.9922
1628250106.8521 872.9922
1628250106.9523 872.9922
1628250107.0525 872.9922
1628250107.1527 872.9922
1628250107.2529 872.9922
1628250107.3531 873.2461
1628250107.4561 873.2461
1628250107.5535 873.2461
1628250107.6537 874.0195
1628250107.7539 874.2773
1628250107.8541 874.2773
1628250107.9543 874.2773
1628250108.0561 874.2773
1628250108.1546 874.2773
1628250108.2548 874.2773
1628250108.3550 874.2773
1628250108.4552 874.2773
1628250108.5554 874.2773
1628250108.6557 875.0273
1628250108.7558 875.0273
1628250108.9530 875.0273
1628250108.9562 875.0273
1628250109.0564 875.0273
1628250109.1566 876.0547
1628250109.2576 876.0547
1628250109.3570 876.0547
1628250109.5536 876.0664
1628250109.5574 877.0977
1628250109.6576 877.0977
1628250109.7578 877.0977
1628250109.8579 877.1484
1628250110.0546 877.6641
1628250110.0583 877.6641
1628250110.1586 877.6641
1628250110.2628 877.6641
1628250110.3589 877.6641
1628250110.4591 877.6641
1628250110.5594 877.6641
1628250110.6595 878.1367
1628250110.7598 878.1367
1628250110.8599 878.1367
1628250110.9601 878.1367
1628250111.0608 878.2969
1628250111.1605 878.5547
1628250111.2611 878.5547
1628250111.3609 879.2383
1628250111.4611 879.4961
1628250111.5613 879.4961
1628250111.6615 879.4961
1628250111.7617 880.1055
1628250111.8619 880.1055
1628250111.9621 880.1289
1628250112.0622 880.1289
1628250112.1625 880.1289
1628250112.2626 880.1289
1628250112.3628 880.4102
1628250112.4630 880.4102
1628250112.5632 880.4102
1628250112.6635 880.4102
1628250112.7636 880.4336
1628250112.8638 880.4570
1628250112.9640 880.7148
1628250113.0642 881.2539
1628250113.1644 881.2539
1628250113.2648 881.2539
1628250113.3648 881.7695
1628250113.4650 881.7695
1628250113.5652 882.0508
1628250113.6654 882.0508
1628250113.7656 882.0508
1628250113.8658 882.3086
1628250113.9660 882.3711
1628250114.0662 883.1445
1628250114.1664 883.1445
1628250114.2701 883.1445
1628250114.3668 883.1445
1628250114.4689 883.1445
1628250114.5672 883.1445
1628250114.6674 883.1445
1628250114.7675 883.1445
1628250114.8680 884.1133
1628250114.9679 884.1133
1628250115.0683 884.1133
1628250115.1683 884.1133
1628250115.2702 884.1133
1628250115.3691 884.1133
1628250115.4689 884.3711
1628250115.5698 884.3711
1628250115.6716 884.3711
1628250115.7697 884.3711
1628250115.8697 884.8867
1628250115.9699 884.8867
1628250116.0701 884.8867
1628250116.1704 884.8867
1628250116.2721 884.8867
1628250116.3707 884.8867
1628250116.4714 884.8867
1628250116.5716 885.4023
1628250116.6720 885.4023
1628250116.7714 885.9180
1628250116.8716 885.9180
1628250116.9718 885.9180
1628250117.0720 885.9180
1628250117.1758 885.9180
1628250117.2724 885.9180
1628250117.3729 885.9180
1628250117.4728 885.9180
1628250117.5736 886.4102
1628250117.6732 886.9258
1628250117.7752 886.9258
1628250117.8736 886.9258
1628250117.9743 886.9258
1628250118.0740 887.8633
1628250118.1742 887.8633
1628250118.2744 887.8633
1628250118.3746 887.8633
1628250118.4750 887.8633
1628250118.5751 887.8633
1628250118.6751 887.8633
1628250118.7754 887.8633
1628250118.8756 888.6094
1628250118.9757 888.6094
1628250119.0759 888.6094
1628250119.1761 888.6094
1628250119.2763 888.6094
1628250119.3766 888.6094
1628250119.4767 888.6094
1628250119.5774 888.6328
1628250119.6771 889.1484
1628250119.7778 889.1484
1628250119.8775 890.0625
1628250119.9777 890.0625
1628250120.0779 890.8359
1628250120.1782 891.0938
1628250120.2785 891.0938
1628250120.3785 891.3945
1628250120.4787 891.9102
1628250120.5789 891.9102
1628250120.6790 891.9102
1628250120.7792 891.9102
1628250120.8795 891.9102
1628250120.9796 891.9102
1628250121.0798 891.9102
1628250121.1801 891.9102
1628250121.2802 891.9102
1628250121.3804 891.9102
1628250121.4806 892.1719
1628250121.5808 892.6875
1628250121.6810 892.6875
1628250121.7812 892.6875
1628250121.8814 893.1133
1628250121.9816 893.1133
1628250122.0818 893.3711
1628250122.1820 893.6289
1628250122.2822 893.6289
1628250122.3824 893.8672
1628250122.4826 894.8984
1628250122.5886 894.8984
1628250122.6829 895.1797
1628250122.7832 895.1797
1628250122.8833 895.1797
1628250122.9835 895.1797
1628250123.0837 895.1797
1628250123.1839 895.2266
1628250123.2841 895.4844
1628250123.3843 895.4844
1628250123.4845 895.4844
1628250123.5859 895.4844
1628250123.6849 895.5078
1628250123.7851 895.7656
1628250123.8853 895.7656
1628250123.9877 896.6992
1628250124.0857 896.9570
1628250124.1859 896.9570
1628250124.2861 896.9805
1628250124.3863 897.7461
1628250124.4865 898.0039
1628250124.5867 898.1719
1628250124.6869 898.9453
1628250124.7871 898.9453
1628250124.8873 899.5781
1628250124.9876 899.8359
1628250125.0876 900.6055
1628250125.1881 900.8633
1628250125.2880 900.8633
1628250125.3882 900.8633
1628250125.4884 900.9102
1628250125.5886 901.1680
1628250125.6905 901.6836
1628250125.7890 901.6836
1628250125.8894 901.6836
1628250125.9916 901.6836
1628250126.0896 901.6836
1628250126.1898 901.6836
1628250126.2900 901.6836
1628250126.3905 901.6836
1628250126.4904 901.6836
1628250126.5906 902.4570
1628250126.6908 902.4570
1628250126.7910 902.4570
1628250126.8912 902.4570
1628250126.9913 902.4570
1628250127.0915 902.4570
1628250127.1917 902.4570
1628250127.2919 903.7891
1628250127.3940 903.7891
1628250127.4923 903.7891
1628250127.5925 903.7891
1628250127.6929 903.7891
1628250127.7929 903.7891
1628250127.8931 903.8242
1628250127.9934 904.0820
1628250128.0935 904.0820
1628250128.1937 904.0820
1628250128.2941 904.8516
1628250128.3941 905.1094
1628250128.4943 905.2891
1628250128.5945 905.2891
1628250128.6947 905.8047
1628250128.7949 906.0625
1628250128.8951 906.0625
1628250128.9953 906.7305
1628250129.0955 906.9883
1628250129.1957 906.9883
1628250129.2959 906.9883
1628250129.3961 908.7930
1628250129.4962 908.7930
1628250129.5965 908.7930
1628250129.6966 908.7930
1628250129.7968 908.7930
1628250129.8970 908.7930
1628250129.9972 908.7930
1628250130.0974 908.7930
1628250130.1977 908.7930
1628250130.3002 908.8398
1628250130.3982 908.8398
1628250130.4982 908.8398
1628250130.5984 908.8398
1628250130.6986 908.8398
1628250130.7989 908.8398
1628250130.8991 908.8398
1628250130.9993 908.8398
1628250131.0994 909.3555
1628250131.1995 909.3555
1628250131.2998 909.3555
1628250131.3999 909.8711
1628250131.5002 910.1289
1628250131.6003 910.1289
1628250131.7006 910.5430
1628250131.8007 910.8008
1628250131.9009 910.8008
1628250132.0011 910.8477
1628250132.1013 911.1055
1628250132.2015 911.1055
1628250132.3021 911.1055
1628250132.4019 911.1055
1628250132.5025 911.4844
1628250132.6025 911.4844
1628250132.7025 911.7656
1628250132.8028 911.7656
1628250132.9031 912.0430
1628250133.0031 912.5820
1628250133.1034 912.5820
1628250133.2034 912.8633
1628250133.3045 913.1211
1628250133.4039 913.1211
1628250133.5041 913.1211
1628250133.6042 913.2227
1628250133.7044 913.7383
1628250133.8046 913.9961
1628250133.9048 913.9961
1628250134.0050 913.9961
1628250134.1052 913.9961
1628250134.2054 913.9961
1628250134.3056 914.0625
1628250134.4058 914.3438
1628250134.5060 914.3438
1628250134.6062 914.8594
1628250134.7064 915.1172
1628250134.8066 915.4844
1628250134.9068 915.4844
1628250135.0070 915.4844
1628250135.1072 915.5078
1628250135.2074 915.5078
1628250135.3076 915.7656
1628250135.4078 915.8125
1628250135.5080 916.5859
1628250135.6082 917.1484
1628250135.7083 917.4062
1628250135.8086 917.5391
1628250135.9087 918.3125
1628250136.0089 918.3125
1628250136.1122 918.3125
1628250136.2093 919.0195
1628250136.3165 919.0195
1628250136.4097 919.0195
1628250136.5099 919.2773
1628250136.6101 919.2773
1628250136.7112 919.2773
1628250136.8105 919.3203
1628250136.9107 919.3203
1628250137.0109 919.5781
1628250137.1111 919.5781
1628250137.2113 919.5781
1628250137.3115 919.6289
1628250137.4117 920.1445
1628250137.5118 920.1445
1628250137.6120 920.1445
1628250137.7123 920.1875
1628250137.8127 920.7031
1628250137.9130 920.7031
1628250138.0131 920.9609
1628250138.1130 920.9609
1628250138.2134 921.2656
1628250138.3134 921.2656
1628250138.4137 921.2656
1628250138.5164 921.3125
1628250138.6140 922.3438
1628250138.7142 922.3438
1628250138.8144 922.3438
1628250138.9161 922.3438
1628250139.0148 922.3438
1628250139.1150 922.3438
1628250139.2152 922.3711
1628250139.3154 922.3711
1628250139.4159 923.4023
1628250139.5158 923.4023
1628250139.6160 923.4258
1628250139.7162 923.6836
1628250139.8163 924.4492
1628250139.9167 924.4492
1628250140.0167 924.4492
1628250140.1170 924.7070
1628250140.2171 924.7070
1628250140.3173 924.7070
1628250140.4175 924.7070
1628250140.5177 924.7500
1628250140.6179 925.4805
1628250140.7182 925.7383
1628250140.8183 925.7383
1628250140.9194 925.7383
1628250141.0187 925.7383
1628250141.1190 925.7383
1628250141.2191 925.7383
1628250141.3196 925.7383
1628250141.4195 925.7383
1628250141.5197 925.7383
1628250141.6201 925.7383
1628250141.7201 925.7383
1628250141.8203 925.7383
1628250141.9233 925.7383
1628250142.0207 925.9961
1628250142.1216 926.5117
1628250142.2213 927.0273
1628250142.3212 927.0273
1628250142.4218 927.0273
1628250142.5242 927.0273
1628250142.6218 927.0273
1628250142.7220 927.5195
1628250142.8222 927.5195
1628250142.9224 927.5195
1628250143.0226 927.5195
1628250143.1234 927.5195
1628250143.2230 927.5195
1628250143.3232 928.0352
1628250143.4234 928.2930
1628250143.5236 928.5547
1628250143.6238 928.8125
1628250143.7240 928.8125
1628250143.8242 928.8125
1628250143.9244 929.4961
1628250144.0246 929.7539
1628250144.1248 929.7539
1628250144.2250 930.4258
1628250144.3251 930.6836
1628250144.4253 931.4570
1628250144.5255 931.7148
1628250144.6257 931.7148
1628250144.7263 931.7148
1628250144.8261 931.7148
1628250144.9264 931.7148
1628250145.0265 931.7148
1628250145.1267 931.7148
1628250145.2269 931.7148
1628250145.3271 931.7148
1628250145.4273 931.7148
1628250145.5275 931.7148
1628250145.6278 931.7148
1628250145.7279 932.1289
1628250145.8281 932.6445
1628250145.9283 932.6445
1628250146.0285 932.6445
1628250146.1287 932.6445
1628250146.2289 932.6445
1628250146.3290 932.6445
1628250146.4292 932.9883
1628250146.5294 933.5039
1628250146.6296 933.5039
1628250146.7298 933.5039
1628250146.8300 933.5469
1628250146.9302 933.5469
1628250147.0304 933.5469
1628250147.1306 933.5469
1628250147.2308 934.0625
1628250147.3310 934.0625
1628250147.4312 934.0625
1628250147.5314 934.5781
1628250147.6316 934.5781
1628250147.7319 934.5781
1628250147.8320 934.5781
1628250147.9322 934.5781
1628250148.0324 934.5781
1628250148.1327 934.5781
1628250148.2328 934.5781
1628250148.3329 934.7930
1628250148.4332 934.7930
1628250148.5338 934.7930
1628250148.6335 934.7930
1628250148.7338 934.7930
1628250148.8339 934.7930
1628250148.9341 934.7930
1628250149.0343 934.7930
1628250149.1345 934.7930
1628250149.2347 934.7930
1628250149.3349 934.7930
1628250149.4351 934.7930
1628250149.5353 934.7930
1628250149.6355 934.7930
1628250149.7357 934.7930
1628250149.8359 934.7930
1628250149.9361 934.7930
1628250150.0367 934.7930
1628250150.1365 934.7930
1628250150.2367 935.5664
1628250150.3368 935.5664
1628250150.4371 935.5664
1628250150.5373 935.5664
1628250150.6375 935.5664
1628250150.7376 935.5664
1628250150.8380 935.5664
1628250150.9380 935.5664
1628250151.0385 935.5664
1628250151.1384 935.5664
1628250151.2386 935.5664
1628250151.3388 935.5664
1628250151.4390 935.5664
1628250151.5392 935.5664
1628250151.6394 935.5664
1628250151.7396 935.5664
1628250151.8398 935.5664
1628250151.9400 935.6641
1628250152.0402 936.1797
1628250152.1404 936.1797
1628250152.2406 936.4375
1628250152.3408 936.6953
1628250152.4410 936.6953
1628250152.5412 936.6953
1628250152.6414 937.5781
1628250152.7415 937.5781
1628250152.8435 937.5781
1628250152.9419 937.5781
1628250153.0421 937.5781
1628250153.1423 938.0938
1628250153.2425 938.0938
1628250153.3427 938.0938
1628250153.4429 938.6094
1628250153.5431 938.6094
1628250153.6433 938.6094
1628250153.7435 938.6094
1628250153.8437 938.6094
1628250153.9439 938.6094
1628250154.0446 938.6094
1628250154.1443 938.6094
1628250154.2445 938.6094
1628250154.3447 939.1250
1628250154.4449 939.6406
1628250154.5451 939.6406
1628250154.6453 939.6406
1628250154.7454 939.6406
1628250154.8456 939.8242
1628250154.9458 939.8242
1628250155.0460 939.8242
1628250155.1462 939.8242
1628250155.2464 939.8242
1628250155.3466 939.8242
1628250155.4471 939.8242
1628250155.5470 939.8242
1628250155.6472 939.8242
1628250155.7474 940.0820
1628250155.8476 940.0820
1628250155.9478 940.0820
1628250156.0480 940.0820
1628250156.1482 940.0820
1628250156.2484 940.8789
1628250156.3486 940.8789
1628250156.4488 940.8789
1628250156.5490 940.8789
1628250156.6492 941.5938
1628250156.7494 941.5938
1628250156.8496 941.5938
1628250156.9498 941.8516
1628250157.0499 941.8516
1628250157.1501 941.8516
1628250157.2504 941.8516
1628250157.3506 941.8516
1628250157.4507 941.8516
1628250157.5509 941.8516
1628250157.6521 941.8516
1628250157.7513 942.6719
1628250157.8531 942.6719
1628250157.9521 942.6719
1628250158.0519 943.6992
1628250158.1522 943.6992
1628250158.2524 943.6992
1628250158.3525 943.6992
1628250158.4529 943.6992
1628250158.5532 943.6992
1628250158.6536 944.0391
1628250158.7533 944.0391
1628250158.8538 944.0391
1628250158.9538 944.0391
1628250159.0541 944.5547
1628250159.1541 944.5547
1628250159.2546 944.5547
1628250159.3545 944.5547
1628250159.4608 944.5547
1628250159.5550 944.5547
1628250159.6550 944.5547
1628250159.7552 944.5547
1628250159.8597 944.5547
1628250159.9556 944.8125
1628250160.0568 945.0703
1628250160.1560 945.0703
1628250160.2603 945.0703
1628250160.3564 945.0703
1628250160.4567 945.1641
1628250160.5568 945.1641
1628250160.6570 945.1641
1628250160.7572 945.1680
1628250160.8628 945.9414
1628250160.9576 946.4570
1628250161.0578 946.9727
1628250161.1580 946.9727
1628250161.2581 946.9727
1628250161.3584 946.9727
1628250161.4585 946.9727
1628250161.5587 946.9727
1628250161.6614 946.9727
1628250161.7591 947.4883
1628250161.8641 947.4883
1628250161.9595 947.4883
1628250162.0597 947.4883
1628250162.1599 947.4883
1628250162.2611 947.4883
1628250162.3603 947.4883
1628250162.4605 947.4883
1628250162.5607 947.4883
1628250162.6635 948.0039
1628250162.7611 948.0039
1628250162.8613 948.0039
1628250162.9615 948.0039
1628250163.0675 948.7773
1628250163.1619 948.7773
1628250163.2621 948.7773
1628250163.3623 948.7773
1628250163.4624 949.2930
1628250163.5626 949.2930
1628250163.6633 949.2930
1628250163.7633 949.2930
1628250163.8632 949.8086
1628250163.9634 949.8086
1628250164.0636 949.8086
1628250164.1638 949.8086
1628250164.2643 949.8086
1628250164.3642 949.8086
1628250164.4644 949.8086
1628250164.5646 950.3242
1628250164.6648 950.3242
1628250164.7650 950.3242
1628250164.8652 950.8398
1628250164.9654 950.8398
1628250165.0660 950.8398
1628250165.1658 951.6133
1628250165.2660 951.6133
1628250165.3662 952.1289
1628250165.4666 952.1289
1628250165.5666 952.6445
1628250165.6667 952.6445
1628250165.7669 952.6445
1628250165.8675 952.7070
1628250165.9674 952.7188
1628250166.0675 952.9766
1628250166.1677 953.4922
1628250166.2682 953.7500
1628250166.3681 953.7500
1628250166.4683 953.7500
1628250166.5686 954.6641
1628250166.6687 954.6641
1628250166.7690 954.6641
1628250166.8691 954.6641
1628250166.9696 954.6641
1628250167.0695 955.0820
1628250167.1697 955.5977
1628250167.2699 955.5977
1628250167.3701 956.1133
1628250167.4703 956.6289
1628250167.5705 956.6289
1628250167.6707 956.6289
1628250167.7709 956.6289
1628250167.8714 957.3594
1628250167.9712 957.3594
1628250168.0714 957.3594
1628250168.1716 957.6172
1628250168.2721 957.6172
1628250168.3720 957.6172
1628250168.4723 957.6172
1628250168.5724 957.6172
1628250168.6726 957.6172
1628250168.7728 958.1328
1628250168.8730 958.1328
1628250168.9735 958.1328
1628250169.0734 958.6484
1628250169.1736 958.6484
1628250169.2738 958.6484
1628250169.3741 958.6484
1628250169.4742 959.1641
1628250169.5744 959.1641
1628250169.6746 959.1641
1628250169.7748 959.6797
1628250169.8750 959.6797
1628250169.9757 959.6797
1628250170.0753 959.6797
1628250170.1755 960.1953
1628250170.2758 960.7109
1628250170.3759 960.7109
1628250170.4761 960.7109
1628250170.5765 960.7109
1628250170.6765 960.7109
1628250170.7772 960.7109
1628250170.8769 961.4844
1628250170.9771 961.4844
1628250171.0773 961.4844
1628250171.1775 961.4844
1628250171.2777 962.0000
1628250171.3780 962.0000
1628250171.4781 962.0000
1628250171.5783 962.0000
1628250171.6785 962.5156
1628250171.7787 962.5156
1628250171.8789 962.5156
1628250171.9791 963.0312
1628250172.0792 963.0312
1628250172.1795 963.0312
1628250172.2797 963.0312
1628250172.3799 963.0312
1628250172.4800 963.0312
1628250172.5802 963.0312
1628250172.6804 963.0312
1628250172.7806 963.0312
1628250172.8808 963.0312
1628250172.9811 963.5469
1628250173.0812 964.3203
1628250173.1817 964.3203
1628250173.2816 964.3203
1628250173.3818 964.3203
1628250173.4826 964.8359
1628250173.5822 964.8359
1628250173.6824 964.8359
1628250173.7826 964.8359
1628250173.8828 964.8359
1628250173.9830 964.8359
1628250174.0841 965.0195
1628250174.1834 965.5352
1628250174.2835 966.0508
1628250174.3838 966.0508
1628250174.4839 966.0508
1628250174.5841 966.0508
1628250174.6843 966.9492
1628250174.7847 966.9492
1628250174.8847 966.9492
1628250174.9863 966.9492
1628250175.0851 966.9492
1628250175.1853 967.8906
1628250175.2855 967.8906
1628250175.3859 967.8906
1628250175.4859 967.8906
1628250175.5861 967.8906
1628250175.6863 967.8906
1628250175.7868 967.8906
1628250175.8867 967.8906
1628250175.9869 968.2969
1628250176.0872 968.2969
1628250176.1872 968.5781
1628250176.2876 969.0938
1628250176.3876 969.0938
1628250176.4879 969.0938
1628250176.5880 969.1406
1628250176.6882 969.1406
1628250176.7884 969.1406
1628250176.8892 969.1406
1628250176.9890 969.6562
1628250177.0890 969.6562
1628250177.1892 969.6562
1628250177.2895 969.6562
1628250177.3903 969.6562
1628250177.4898 969.6562
1628250177.5900 969.6562
1628250177.6902 969.9141
1628250177.7904 971.2031
1628250177.8912 971.2031
1628250177.9908 971.2031
1628250178.0910 971.2031
1628250178.1912 971.2031
1628250178.2914 971.2031
1628250178.3916 971.2031
1628250178.4918 971.2031
1628250178.5919 971.6289
1628250178.6922 972.1445
1628250178.7923 972.5352
1628250178.8926 972.5352
1628250178.9927 972.5352
1628250179.0933 972.5352
1628250179.1933 973.0508
1628250179.2933 973.5664
1628250179.3935 973.5664
1628250179.4937 973.5664
1628250179.5939 973.5664
1628250179.6942 973.5664
1628250179.7943 973.5664
1628250179.8946 973.5664
1628250179.9947 973.5664
1628250180.0949 973.5664
1628250180.1951 973.5664
1628250180.2953 973.5664
1628250180.3955 973.5703
1628250180.4956 974.0859
1628250180.5958 974.0859
1628250180.6961 974.0859
1628250180.7963 974.0859
1628250180.8964 974.0859
1628250180.9966 974.0859
1628250181.0968 974.1328
1628250181.1970 974.1328
1628250181.2972 974.1328
1628250181.3978 974.1328
1628250181.5001 974.1328
1628250181.5978 974.1328
1628250181.6980 974.1328
1628250181.7982 974.6484
1628250181.8984 974.9062
1628250181.9986 974.9062
1628250182.0988 975.4219
1628250182.2001 975.6797
1628250182.2992 975.6797
1628250182.3994 975.6797
1628250182.4996 975.6797
1628250182.5998 976.1523
1628250182.7000 976.1523
1628250182.8002 976.1523
1628250182.9003 976.1523
1628250183.0006 976.1523
1628250183.1009 976.1523
1628250183.2013 976.1523
1628250183.3011 976.4102
1628250183.4013 977.1836
1628250183.5016 977.1836
1628250183.6017 977.1836
1628250183.7019 977.1836
1628250183.8023 977.1836
1628250183.9024 977.4648
1628250184.0025 977.4648
1628250184.1027 977.4648
1628250184.2031 977.4648
1628250184.3032 977.4648
1628250184.4033 977.4648
1628250184.5035 977.4648
1628250184.6037 977.9805
1628250184.7039 978.4961
1628250184.8041 978.4961
1628250184.9042 978.4961
1628250185.0053 978.4961
1628250185.1046 978.4961
1628250185.2050 978.9297
1628250185.3051 978.9297
1628250185.4052 978.9297
1628250185.5054 979.1875
1628250185.6056 979.2109
1628250185.7058 979.7266
1628250185.8081 979.7266
1628250185.9062 979.7266
1628250186.0064 979.7266
1628250186.1066 979.7266
1628250186.2068 980.7539
1628250186.3071 980.7539
1628250186.4072 980.7539
1628250186.5074 980.7539
1628250186.6078 980.7539
1628250186.7105 980.7539
1628250186.8080 981.1367
1628250186.9083 981.6523
1628250187.0084 981.6523
1628250187.1091 981.6523
1628250187.2087 981.6523
1628250187.3089 981.6523
1628250187.4091 981.6523
1628250187.5094 981.6523
1628250187.6095 981.6992
1628250187.7121 982.2148
1628250187.8099 982.2148
1628250187.9101 982.2539
1628250188.0103 982.2539
1628250188.1105 983.0273
1628250188.2107 983.0273
1628250188.3109 983.0273
1628250188.4111 983.2852
1628250188.5113 983.2852
1628250188.6115 983.8359
1628250188.7117 983.8359
1628250188.8119 983.8359
1628250188.9121 984.3516
1628250189.0123 984.8438
1628250189.1138 985.3594
1628250189.2127 985.3594
1628250189.3129 985.3594
1628250189.4139 985.3594
1628250189.5132 985.3594
1628250189.6135 985.3594
1628250189.7138 985.3594
1628250189.8138 985.3594
1628250189.9140 985.3594
1628250190.0142 985.7383
1628250190.1149 985.7383
1628250190.2149 985.7383
1628250190.3148 985.7383
1628250190.4150 985.7383
1628250190.5152 985.7383
1628250190.6176 985.7383
1628250190.7156 986.2539
1628250190.8158 986.2539
1628250190.9160 986.2539
1628250191.0162 986.2539
1628250191.1164 986.2539
1628250191.2166 986.2539
1628250191.3167 986.2539
1628250191.4170 986.2539
1628250191.5171 986.2539
1628250191.6174 986.2539
1628250191.7175 986.2539
1628250191.8177 986.2539
1628250191.9179 986.2539
1628250192.0185 986.2539
1628250192.1183 986.2539
1628250192.2210 986.2539
1628250192.3187 986.2969
1628250192.4189 986.8125
1628250192.5191 986.8125
1628250192.6193 986.8125
1628250192.7205 986.8125
1628250192.8197 986.8125
1628250192.9199 986.8125
1628250193.0227 987.3281
1628250193.1204 987.4570
1628250193.2205 987.4570
1628250193.3207 987.4570
1628250193.4219 987.4570
1628250193.5211 987.7148
1628250193.6214 987.7148
1628250193.7214 988.2812
1628250193.8216 988.5391
1628250193.9218 988.5391
1628250194.0220 988.5391
1628250194.1222 988.6562
1628250194.2224 989.4297
1628250194.3226 989.4297
1628250194.4228 989.4297
1628250194.5230 989.4297
1628250194.6232 989.4297
1628250194.7234 989.4297
1628250194.8236 989.4297
1628250194.9238 989.4297
1628250195.0240 989.4297
1628250195.1242 989.4297
1628250195.2244 989.4297
1628250195.3246 989.4297
1628250195.4248 989.4297
1628250195.5250 989.4297
1628250195.6252 989.4297
1628250195.7254 989.4297
1628250195.8256 989.4297
1628250195.9257 989.4297
1628250196.0260 989.4688
1628250196.1261 989.4688
1628250196.2263 989.7266
1628250196.3265 990.2422
1628250196.4267 990.2422
1628250196.5269 990.2422
1628250196.6271 990.2422
1628250196.7273 990.5000
1628250196.8275 990.7578
1628250196.9277 991.5742
1628250197.0279 991.8320
1628250197.1291 991.8320
1628250197.2283 992.4805
1628250197.3285 992.7383
1628250197.4287 993.0000
1628250197.5295 993.0000
1628250197.6291 993.0000
1628250197.7295 993.5156
1628250197.8295 993.7734
1628250197.9298 993.7734
1628250198.0298 993.7734
1628250198.1300 993.7734
1628250198.2303 993.7734
1628250198.3304 993.7734
1628250198.4306 993.7734
1628250198.5308 993.7734
1628250198.6310 993.7734
1628250198.7312 994.5234
1628250198.8314 994.5234
1628250198.9316 994.5234
1628250199.0318 994.5234
1628250199.1320 995.3281
1628250199.2322 995.3281
1628250199.3332 995.3281
1628250199.4336 995.5547
1628250199.5328 995.5547
1628250199.6330 995.5547
1628250199.7339 995.5547
1628250199.8362 995.6328
1628250199.9336 995.8906
1628250200.0337 995.8906
1628250200.1340 996.6445
1628250200.2342 996.9023
1628250200.3343 996.9023
1628250200.4345 996.9023
1628250200.5347 996.9023
1628250200.6349 997.5625
1628250200.7351 997.8203
1628250200.8353 997.8203
1628250200.9355 998.1211
1628250201.0357 998.6367
1628250201.1359 998.6367
1628250201.2370 998.6367
1628250201.3363 998.6406
1628250201.4401 998.6406
1628250201.5367 998.6406
1628250201.6369 998.6406
1628250201.7371 998.8984
1628250201.8373 998.8984
1628250201.9375 999.9297
1628250202.0379 999.9297
1628250202.1379 999.9297
1628250202.2383 1000.3008
1628250202.3382 1000.3008
1628250202.4385 1000.8164
1628250202.5386 1000.8164
1628250202.6388 1000.8164
1628250202.7390 1000.8164
1628250202.8392 1000.8672
1628250202.9394 1000.8672
1628250203.0396 1001.8945
1628250203.1398 1001.8945
1628250203.2400 1001.8945
1628250203.3402 1001.8945
1628250203.4404 1001.8945
1628250203.5406 1001.8945
1628250203.6408 1001.8945
1628250203.7411 1002.3906
1628250203.8412 1002.3906
1628250203.9414 1002.3906
1628250204.0416 1002.3906
1628250204.1418 1002.3906
1628250204.2419 1002.3984
1628250204.3423 1002.6562
1628250204.4434 1003.4531
1628250204.5425 1003.7109
1628250204.6428 1003.7109
1628250204.7430 1004.5312
1628250204.8431 1004.5312
1628250204.9433 1004.5312
1628250205.0435 1004.5312
1628250205.1437 1004.5312
1628250205.2439 1005.3086
1628250205.3441 1005.5664
1628250205.4443 1005.5664
1628250205.5445 1005.5664
1628250205.6447 1006.3477
1628250205.7449 1006.6055
1628250205.8451 1006.7812
1628250205.9453 1007.5547
1628250206.0455 1007.5547
1628250206.1457 1007.5547
1628250206.2459 1007.5547
1628250206.3461 1007.5547
1628250206.4463 1007.5547
1628250206.5464 1007.9141
1628250206.6467 1008.4297
1628250206.7468 1008.4297
1628250206.8471 1008.4297
1628250206.9473 1009.1289
1628250207.0474 1009.3867
1628250207.1476 1009.3867
1628250207.2478 1009.3867
1628250207.3480 1010.1367
1628250207.4484 1010.3945
1628250207.5484 1010.9102
1628250207.6486 1010.9102
1628250207.7488 1011.4258
1628250207.8490 1011.4258
1628250207.9492 1011.4258
1628250208.0494 1011.4258
1628250208.1497 1011.4258
1628250208.2499 1011.4258
1628250208.3500 1011.4258
1628250208.4502 1011.4258
1628250208.5504 1011.9414
1628250208.6506 1012.4570
1628250208.7508 1012.9727
1628250208.8510 1012.9727
1628250208.9512 1012.9727
1628250209.0514 1012.9727
1628250209.1515 1012.9727
1628250209.2517 1012.9727
1628250209.3520 1012.9727
1628250209.4521 1013.7461
1628250209.5523 1013.7461
1628250209.6530 1013.7461
1628250209.7527 1014.2617
1628250209.8529 1014.2617
1628250209.9531 1014.2617
1628250210.0540 1014.5195
1628250210.1535 1014.5195
1628250210.2537 1014.5195
1628250210.3539 1015.0352
1628250210.4541 1015.0352
1628250210.5543 1015.0352
1628250210.6545 1015.0352
1628250210.7547 1015.8086
1628250210.8549 1015.8086
1628250210.9550 1015.8086
1628250211.0561 1015.8086
1628250211.1556 1015.8086
1628250211.3521 1015.8086
1628250211.3558 1015.8086
1628250211.4561 1016.3242
1628250211.5562 1016.3242
1628250211.6564 1016.8398
1628250211.7566 1017.3555
1628250211.8568 1017.3555
1628250211.9573 1017.3555
1628250212.0572 1017.3555
1628250212.1574 1017.3555
1628250212.2576 1017.3555
1628250212.3601 1017.3555
1628250212.4602 1017.3555
1628250212.5582 1017.3555
1628250212.6584 1017.3555
1628250212.7586 1017.8711
1628250212.8588 1017.8711
1628250212.9589 1017.8711
1628250213.0601 1017.8711
1628250213.1593 1017.8711
1628250213.2596 1017.8711
1628250213.3597 1017.8711
1628250213.4599 1018.3867
1628250213.5601 1019.1602
1628250213.6641 1019.1602
1628250213.7641 1019.1602
1628250213.8619 1019.1602
1628250213.9609 1019.1602
1628250214.0611 1019.1602
1628250214.1613 1019.1602
1628250214.2616 1019.6758
1628250214.3622 1019.6758
1628250214.4619 1019.6758
1628250214.5621 1019.6758
1628250214.6627 1019.6758
1628250214.7625 1019.6758
1628250214.8637 1020.1914
1628250214.9641 1020.1914
1628250215.0631 1020.1914
1628250215.1650 1020.1914
1628250215.2636 1020.7070
1628250215.3636 1020.7070
1628250215.4656 1020.7070
1628250215.5641 1020.7070
1628250215.6642 1020.7070
1628250215.7644 1020.7070
1628250215.8646 1020.7070
1628250215.9648 1020.7070
1628250216.0650 1020.7070
1628250216.1652 1021.2227
1628250216.2654 1021.2227
1628250216.3656 1021.2227
1628250216.4658 1021.2227
1628250216.5660 1021.2227
1628250216.6662 1021.9961
1628250216.7664 1021.9961
1628250216.8666 1021.9961
1628250216.9668 1021.9961
1628250217.0670 1021.9961
1628250217.1672 1021.9961
1628250217.2674 1022.5117
1628250217.3676 1022.5117
1628250217.4677 1022.5117
1628250217.5679 1022.5117
1628250217.6681 1023.0273
1628250217.7683 1023.0273
1628250217.8685 1023.0273
1628250217.9687 1023.5430
1628250218.0699 1023.5430
1628250218.1691 1023.5430
1628250218.2694 1023.5430
1628250218.3696 1023.5430
1628250218.4697 1023.5430
1628250218.5699 1023.5430
1628250218.6701 1023.5430
1628250218.7704 1023.5430
1628250218.8721 1023.5430
1628250218.9707 1023.5430
1628250219.0709 1023.5430
1628250219.1711 1023.5430
1628250219.2713 1023.5430
1628250219.3715 1023.5430
1628250219.4716 1023.5430
1628250219.5719 1023.5430
1628250219.6721 1023.5430
1628250219.7723 1023.5430
1628250219.8724 1023.5430
1628250219.9726 1023.5430
1628250220.0728 1023.8008
1628250220.1730 1023.8008
1628250220.2732 1023.8008
1628250220.3738 1024.0586
1628250220.4738 1024.0586
1628250220.5739 1024.0586
1628250220.6740 1024.3164
1628250220.7742 1025.0898
1628250220.8744 1025.0898
1628250220.9746 1025.0898
1628250221.0748 1025.6055
1628250221.1755 1025.6055
1628250221.2752 1025.6055
1628250221.3754 1025.6055
1628250221.4756 1025.8633
1628250221.5758 1025.8633
1628250221.6760 1025.8633
1628250221.7762 1025.9180
1628250221.8763 1025.9180
1628250221.9766 1026.4336
1628250222.0767 1026.9492
1628250222.1769 1026.9492
1628250222.2771 1026.9492
1628250222.3773 1026.9492
1628250222.4775 1026.9492
1628250222.5777 1026.9492
1628250222.6779 1026.9492
1628250222.7781 1026.9492
1628250222.8783 1026.9492
1628250222.9785 1026.9492
1628250223.0787 1026.9492
1628250223.1789 1027.1172
1628250223.2791 1027.1172
1628250223.3793 1027.1172
1628250223.4795 1027.1172
1628250223.5797 1027.6328
1628250223.6799 1027.6328
1628250223.7800 1027.6328
1628250223.8803 1027.6328
1628250223.9805 1027.6328
1628250224.0807 1027.6328
1628250224.1808 1027.6328
1628250224.2811 1027.6328
1628250224.3812 1027.8906
1628250224.4814 1027.8906
1628250224.5816 1027.8906
1628250224.6818 1027.8906
1628250224.7820 1027.8906
1628250224.8822 1027.9609
1628250224.9824 1027.9844
1628250225.0826 1027.9844
1628250225.1828 1027.9844
1628250225.2830 1029.0156
1628250225.3832 1029.2734
1628250225.4834 1029.2734
1628250225.5836 1029.2734
1628250225.6838 1029.2969
1628250225.7840 1029.2969
1628250225.8842 1029.3203
1628250225.9843 1029.3203
1628250226.0846 1029.3203
1628250226.1847 1029.3438
1628250226.2849 1029.8594
1628250226.3851 1029.8594
1628250226.4854 1029.8594
1628250226.5855 1029.8594
1628250226.6860 1029.8594
1628250226.7859 1029.8594
1628250226.8861 1029.8594
1628250226.9863 1029.8594
1628250227.0868 1030.1406
1628250227.1867 1030.9023
1628250227.2869 1030.9023
1628250227.3871 1030.9023
1628250227.4876 1031.1602
1628250227.5877 1031.4180
1628250227.6878 1031.6758
1628250227.7879 1031.6758
1628250227.8883 1032.1914
1628250227.9883 1032.1914
1628250228.0885 1032.1914
1628250228.1886 1032.1914
1628250228.2889 1032.1914
1628250228.3890 1032.1914
1628250228.4905 1032.1914
1628250228.5894 1032.1914
1628250228.6896 1032.1914
1628250228.7899 1032.1914
1628250228.8900 1032.1914
1628250228.9902 1032.5508
1628250229.0904 1032.5508
1628250229.1906 1032.5508
1628250229.2908 1032.5508
1628250229.3910 1033.0664
1628250229.4912 1033.0664
1628250229.5914 1033.0664
1628250229.6916 1033.0664
1628250229.7918 1033.0664
1628250229.8920 1033.4375
1628250229.9922 1033.9531
1628250230.0925 1034.5820
1628250230.1925 1034.5820
1628250230.2928 1034.5820
1628250230.3929 1034.8398
1628250230.4951 1034.8398
1628250230.5937 1034.8398
1628250230.6937 1034.8828
1628250230.7937 1035.1406
1628250230.8939 1035.6562
1628250230.9941 1036.1719
1628250231.0943 1036.1719
1628250231.1945 1036.1719
1628250231.2947 1036.1719
