1743737330.9373 123.7188
1743737331.0411 123.7188
1743737331.1447 123.7188
1743737331.2482 123.7188
1743737331.3518 123.8164
1743737331.4555 123.8164
1743737331.5591 123.8164
1743737331.6626 126.1367
1743737331.7663 126.1367
1743737331.8698 126.6523
1743737331.9734 130.0039
1743737332.0772 130.0039
1743737332.1808 130.7773
1743737332.2847 134.3867
1743737332.3885 136.4492
1743737332.4924 139.2852
1743737332.5966 140.3164
1743737332.7002 140.3164
1743737332.8044 140.8320
1743737332.9083 144.4414
1743737333.0137 144.4414
1743737333.1165 145.2148
1743737333.2204 147.7930
1743737333.3244 147.7930
1743737333.4284 150.1133
1743737333.5326 150.1133
1743737333.6365 150.3711
1743737333.7405 153.7227
1743737333.8446 153.7227
1743737333.9486 153.7227
1743737334.0526 155.7852
1743737334.1569 155.7852
1743737334.2609 155.7852
1743737334.3648 159.1367
1743737334.4689 159.1367
1743737334.5728 160.1680
1743737334.6794 163.5195
1743737334.7809 163.5195
1743737334.8847 164.0352
1743737334.9887 167.3867
1743737335.0926 167.3867
1743737335.1966 167.9023
1743737335.3005 171.5117
1743737335.4051 171.5117
1743737335.5088 172.0273
1743737335.6137 175.3789
1743737335.7161 175.3789
1743737335.8200 176.1523
1743737335.9238 179.5039
1743737336.0277 179.5039
1743737336.1316 180.2773
1743737336.2355 183.6289
1743737336.3393 183.6289
1743737336.4432 184.4023
1743737336.5471 187.7539
1743737336.6510 187.7539
1743737336.7548 188.2695
1743737336.8587 191.6211
1743737336.9626 191.6211
1743737337.0664 192.1367
1743737337.1705 195.4883
1743737337.2743 195.4883
1743737337.3784 196.0039
1743737337.4828 199.3555
1743737337.5861 199.3555
1743737337.6900 199.8711
1743737337.7938 203.2227
1743737337.8977 203.2227
1743737338.0016 203.2227
1743737338.1055 206.5742
1743737338.2092 206.5742
1743737338.3131 207.0898
1743737338.4168 210.4414
1743737338.5212 210.4414
1743737338.6244 211.9883
1743737338.7281 213.0195
1743737338.8320 217.6602
1743737338.9358 217.6602
1743737339.0397 217.6602
1743737339.1436 219.9805
1743737339.2474 219.9805
1743737339.3513 219.9805
1743737339.4552 222.8164
1743737339.5591 222.8164
1743737339.6631 223.3320
1743737339.7672 226.6836
1743737339.8709 226.6836
1743737339.9754 227.4570
1743737340.0784 230.8086
1743737340.1822 230.8086
1743737340.2861 231.5820
1743737340.3899 234.9336
1743737340.4937 234.9336
1743737340.5973 235.7070
1743737340.7022 239.0586
1743737340.8063 239.0586
1743737340.9085 239.8320
1743737341.0123 243.1836
1743737341.1160 243.1836
1743737341.2197 243.6992
1743737341.3235 247.0508
1743737341.4272 247.0508
1743737341.5310 247.0508
1743737341.6347 250.4023
1743737341.7384 250.4023
1743737341.8423 250.6602
1743737341.9461 254.0117
1743737342.0498 254.0117
1743737342.1536 254.0117
1743737342.2574 256.3320
1743737342.3611 256.3320
1743737342.4650 258.1367
1743737342.5688 259.6836
1743737342.6725 264.3242
1743737342.7764 264.3242
1743737342.8803 264.3242
1743737342.9836 264.3242
1743737343.0872 264.3242
1743737343.1909 265.3555
1743737343.2947 268.7070
1743737343.3983 268.7070
1743737343.5021 269.7383
1743737343.6057 271.0273
1743737343.7094 271.0273
1743737343.8131 271.0273
1743737343.9168 275.9258
1743737344.0204 275.9258
1743737344.1242 275.9258
1743737344.2281 277.9883
1743737344.3316 277.9883
1743737344.4353 278.7617
1743737344.5391 282.1133
1743737344.6428 282.1133
1743737344.7466 282.1133
1743737344.8502 283.9180
1743737344.9540 283.9180
1743737345.0576 285.9805
1743737345.1618 285.9805
1743737345.2650 289.0742
1743737345.3686 289.0742
1743737345.4757 289.0742
1743737345.5760 291.9102
1743737345.6797 291.9102
1743737345.7835 292.9414
1743737345.8873 295.5195
1743737345.9911 295.5195
1743737346.0948 298.3555
1743737346.1986 298.3555
1743737346.3024 298.3555
1743737346.4062 300.6758
1743737346.5100 300.6758
1743737346.6138 300.6758
1743737346.7177 303.7695
1743737346.8214 303.7695
1743737346.9253 303.7695
1743737347.0292 307.6367
1743737347.1330 307.6367
1743737347.2368 309.6992
1743737347.3407 309.6992
1743737347.4446 311.2461
1743737347.5484 311.2461
1743737347.6523 312.7930
1743737347.7562 312.7930
1743737347.8601 313.0508
1743737347.9641 314.8555
1743737348.0679 318.7227
1743737348.1716 318.7227
1743737348.2754 318.7227
1743737348.3797 318.7227
1743737348.4831 319.7539
1743737348.5867 322.0742
1743737348.6905 322.0742
1743737348.7944 322.0742
1743737348.8979 322.0742
1743737349.0015 324.1367
1743737349.1052 324.1367
1743737349.2090 326.9727
1743737349.3128 326.9727
1743737349.4164 328.0039
1743737349.5202 331.0977
1743737349.6240 331.0977
1743737349.7276 331.6133
1743737349.8314 334.9648
1743737349.9351 334.9648
1743737350.0388 335.4805
1743737350.1426 338.8320
1743737350.2465 338.8320
1743737350.3502 339.6055
1743737350.4539 342.9570
1743737350.5578 342.9570
1743737350.6631 347.3398
1743737350.7656 347.8555
1743737350.8693 347.8555
1743737350.9733 352.7539
1743737351.0771 353.0117
1743737351.1809 353.2695
1743737351.2847 358.6836
1743737351.3886 358.6836
1743737351.4923 362.0352
1743737351.5961 365.1289
1743737351.7000 365.3867
1743737351.8059 365.3867
1743737351.9073 371.8320
1743737352.0113 380.8555
1743737352.1150 380.8555
1743737352.2191 386.7852
1743737352.3223 386.7852
1743737352.4261 387.0430
1743737352.5298 391.9414
1743737352.6342 391.9414
1743737352.7373 392.1992
1743737352.8410 397.0977
1743737352.9448 401.7383
1743737353.0485 401.9961
1743737353.1523 401.9961
1743737353.2561 402.5117
1743737353.3599 407.4102
1743737353.4637 407.4102
1743737353.5675 410.5039
1743737353.6733 412.3086
1743737353.7752 416.9492
1743737353.8791 421.8477
1743737353.9831 421.8477
1743737354.0872 422.8789
1743737354.1910 427.5195
1743737354.2950 429.3242
1743737354.3990 436.8008
1743737354.5029 436.8008
1743737354.6068 441.9570
1743737354.7108 443.7617
1743737354.8146 453.3008
1743737354.9186 458.1992
1743737355.0225 458.1992
1743737355.1263 458.1992
1743737355.2302 462.8398
1743737355.3339 472.3789
1743737355.4378 477.0195
1743737355.5416 481.9180
1743737355.6455 481.9180
1743737355.7492 491.1992
1743737355.8530 491.4570
1743737355.9567 491.4570
1743737356.0605 491.4570
1743737356.1642 500.2227
1743737356.2678 503.0586
1743737356.3716 505.8945
1743737356.4752 507.6992
1743737356.5790 510.7930
1743737356.6827 517.2383
1743737356.7863 522.1367
1743737356.8901 526.7773
1743737356.9938 526.7773
1743737357.0976 536.3164
1743737357.2014 540.9570
1743737357.3051 545.8555
1743737357.4088 550.7539
1743737357.5126 555.3945
1743737357.6163 555.3945
1743737357.7202 555.3945
1743737357.8240 560.2930
1743737357.9278 569.8320
1743737358.0317 569.8320
1743737358.1356 574.4727
1743737358.2395 574.4727
1743737358.3433 579.1133
1743737358.4473 584.0117
1743737358.5510 584.0117
1743737358.6548 588.6523
1743737358.7586 597.9336
1743737358.8624 597.9336
1743737358.9661 602.5742
1743737359.0700 607.4727
1743737359.1739 611.8555
1743737359.2774 616.4961
1743737359.3811 616.4961
1743737359.4848 616.4961
1743737359.5885 620.8789
1743737359.6923 625.5195
1743737359.7959 628.3555
1743737359.8996 629.6445
1743737360.0032 633.2539
1743737360.1070 634.8008
1743737360.2106 643.5664
1743737360.3142 643.5664
1743737360.4180 647.9492
1743737360.5217 647.9492
1743737360.6254 647.9492
1743737360.7291 652.0742
1743737360.8328 652.0742
1743737360.9366 652.0742
1743737361.0402 656.4570
1743737361.1441 656.4570
1743737361.2478 656.4570
1743737361.3515 656.4570
1743737361.4552 660.5820
1743737361.5592 665.2227
1743737361.6628 665.2227
1743737361.7665 665.2227
1743737361.8702 665.2227
1743737361.9740 665.2227
1743737362.0777 665.2227
1743737362.1815 665.2227
1743737362.2852 665.2227
1743737362.3890 665.2227
1743737362.4927 665.2227
1743737362.5965 665.2227
1743737362.7002 665.2227
1743737362.8040 665.2227
1743737362.9077 665.2227
1743737363.0131 665.2227
1743737363.1151 665.2227
1743737363.2187 665.2227
1743737363.3225 665.2227
1743737363.4261 665.2227
1743737363.5299 665.2227
1743737363.6335 665.2227
1743737363.7373 665.2227
1743737363.8409 665.2227
1743737363.9446 665.2227
1743737364.0482 665.2227
1743737364.1521 665.2227
1743737364.2558 665.2227
1743737364.3593 665.2227
1743737364.4631 665.2227
1743737364.5667 665.2227
1743737364.6705 665.2227
1743737364.7742 665.2227
1743737364.8782 665.2227
1743737364.9822 665.2227
1743737365.0852 665.2227
1743737365.1890 665.2227
1743737365.2927 665.2227
1743737365.3965 665.2227
1743737365.5004 665.2227
1743737365.6041 665.2227
1743737365.7077 665.2227
1743737365.8115 665.2227
1743737365.9152 665.2227
1743737366.0191 665.2227
1743737366.1228 665.2227
1743737366.2266 665.2227
1743737366.3304 665.2227
1743737366.4342 665.2227
1743737366.5380 665.2227
1743737366.6417 665.2227
1743737366.7455 665.2227
1743737366.8492 665.2227
1743737366.9530 665.2227
1743737367.0567 665.2227
1743737367.1606 665.2227
1743737367.2642 665.2227
1743737367.3680 665.3828
1743737367.4717 665.3828
1743737367.5755 667.4453
1743737367.6793 672.0859
1743737367.7832 672.0859
1743737367.8869 672.0859
1743737367.9907 673.3750
1743737368.0944 673.3750
1743737368.1981 673.3750
1743737368.3018 673.3750
1743737368.4056 675.4375
1743737368.5093 675.4375
1743737368.6131 676.4688
1743737368.7171 676.4688
1743737368.8216 678.5312
1743737368.9245 678.5312
1743737369.0283 680.0781
1743737369.1320 680.8516
1743737369.2356 681.8828
1743737369.3393 681.8828
1743737369.4431 684.7188
1743737369.5471 684.7188
1743737369.6506 684.9766
1743737369.7544 688.3281
1743737369.8581 692.9688
1743737369.9620 692.9688
1743737370.0657 692.9688
1743737370.1695 693.2266
1743737370.2733 693.2266
1743737370.3770 694.2578
1743737370.4809 697.6094
1743737370.5846 697.6094
1743737370.6885 697.8672
1743737370.7922 701.2188
1743737370.8960 701.2188
1743737371.0007 701.7344
1743737371.1035 705.0859
1743737371.2074 705.0859
1743737371.3111 705.3438
1743737371.4152 708.6953
1743737371.5187 708.6953
1743737371.6224 708.6953
1743737371.7261 711.0156
1743737371.8299 711.0156
1743737371.9336 711.5312
1743737372.0375 713.0781
1743737372.1413 716.9453
1743737372.2450 716.9453
1743737372.3489 716.9453
1743737372.4528 716.9453
1743737372.5565 717.4609
1743737372.6604 720.8125
1743737372.7641 720.8125
1743737372.8679 721.3281
1743737372.9718 723.6484
1743737373.0755 723.6484
1743737373.1792 725.7109
1743737373.2831 725.7109
1743737373.3870 728.5469
1743737373.4912 728.5469
1743737373.5944 728.5469
1743737373.6982 728.5469
1743737373.8020 729.8359
1743737373.9058 731.6406
1743737374.0095 731.6406
1743737374.1134 733.4453
1743737374.2171 736.7969
1743737374.3209 736.7969
1743737374.4246 737.0547
1743737374.5285 740.4062
1743737374.6321 740.4062
1743737374.7358 740.6641
1743737374.8395 744.0156
1743737374.9432 744.0156
1743737375.0469 744.0156
1743737375.1506 747.6250
1743737375.2543 747.6250
1743737375.3591 747.6250
1743737375.4616 750.2031
1743737375.5654 750.2031
1743737375.6693 752.2656
1743737375.7730 752.2656
1743737375.8776 752.7812
1743737375.9804 752.7812
1743737376.0858 754.3281
1743737376.1879 757.4219
1743737376.2917 757.4219
1743737376.3954 757.4219
1743737376.4991 759.2266
1743737376.6029 760.2578
1743737376.7066 762.0625
1743737376.8104 762.0625
1743737376.9140 763.6094
1743737377.0180 766.9609
1743737377.1216 766.9609
1743737377.2251 767.2188
1743737377.3288 770.8281
1743737377.4325 770.8281
1743737377.5363 771.0859
1743737377.6400 774.4375
1743737377.7437 774.4375
1743737377.8475 774.6953
1743737377.9512 777.2734
1743737378.0550 777.2734
1743737378.1590 777.2734
1743737378.2628 777.2734
1743737378.3666 780.1094
1743737378.4703 780.1094
1743737378.5742 780.1094
1743737378.6779 783.4609
1743737378.7818 783.4609
1743737378.8856 783.4609
1743737378.9895 786.2969
1743737379.0933 786.2969
1743737379.1973 786.2969
1743737379.3017 788.1016
1743737379.4049 788.1016
1743737379.5088 789.9062
1743737379.6125 789.9062
1743737379.7163 791.7109
1743737379.8200 791.7109
1743737379.9238 792.2266
1743737380.0275 794.5469
1743737380.1311 794.5469
1743737380.2349 795.8359
1743737380.3385 795.8359
1743737380.4422 797.8984
1743737380.5460 797.8984
1743737380.6496 799.7031
1743737380.7533 799.7031
1743737380.8570 801.5078
1743737380.9606 801.5078
1743737381.0643 803.0547
1743737381.1681 803.0547
1743737381.2718 804.3438
1743737381.3756 804.3438
1743737381.4793 805.6328
1743737381.5832 805.6328
1743737381.6871 806.9219
1743737381.7910 806.9219
1743737381.8947 808.2109
1743737381.9986 808.2109
1743737382.1025 809.5000
1743737382.2062 809.5000
1743737382.3100 810.7891
1743737382.4137 810.7891
1743737382.5175 812.0781
1743737382.6212 812.0781
1743737382.7250 813.3672
1743737382.8286 813.3672
1743737382.9323 814.6562
1743737383.0361 814.6562
1743737383.1397 815.9453
1743737383.2435 815.9453
1743737383.3474 817.2344
1743737383.4512 817.2344
1743737383.5551 818.2656
1743737383.6590 818.2656
1743737383.7630 819.5547
1743737383.8669 819.5547
1743737383.9706 821.3594
1743737384.0744 821.3594
1743737384.1780 822.6484
1743737384.2817 822.6484
1743737384.3854 824.7109
1743737384.4891 824.7109
1743737384.5927 826.2578
1743737384.6964 826.2578
1743737384.8000 828.0625
1743737384.9036 828.0625
1743737385.0072 830.1250
1743737385.1109 830.1250
1743737385.2145 831.9297
1743737385.3181 831.9297
1743737385.4217 833.7344
1743737385.5254 833.7344
1743737385.6290 835.2812
1743737385.7327 835.2812
1743737385.8364 838.1172
1743737385.9401 838.1172
1743737386.0439 838.1172
1743737386.1476 840.1797
1743737386.2515 840.1797
1743737386.3554 843.0156
1743737386.4594 843.0156
1743737386.5634 843.0156
1743737386.6674 845.0781
1743737386.7715 845.0781
1743737386.8756 846.8828
1743737386.9796 846.8828
1743737387.0837 848.1719
1743737387.1879 848.1719
1743737387.2919 849.4609
1743737387.3959 849.4609
1743737387.4999 851.5234
1743737387.6037 851.5234
1743737387.7077 853.5859
1743737387.8116 853.5859
1743737387.9155 853.5859
1743737388.0192 856.1641
1743737388.1231 856.1641
1743737388.2269 857.9688
1743737388.3306 857.9688
1743737388.4344 859.2578
1743737388.5380 859.2578
1743737388.6418 860.2891
1743737388.7454 860.2891
1743737388.8490 861.8359
1743737388.9528 861.8359
1743737389.0564 863.8984
1743737389.1601 863.8984
1743737389.2639 863.8984
1743737389.3676 865.7031
1743737389.4714 865.7031
1743737389.5752 867.7656
1743737389.6790 867.7656
1743737389.7827 868.7969
1743737389.8865 871.8906
1743737389.9902 871.8906
1743737390.0940 871.8906
1743737390.1979 873.4375
1743737390.3016 873.4375
1743737390.4054 876.0156
1743737390.5091 876.0156
1743737390.6129 876.0156
1743737390.7167 879.3672
1743737390.8205 879.3672
1743737390.9244 879.3672
1743737391.0281 881.6875
1743737391.1320 881.6875
1743737391.2357 883.7500
1743737391.3396 883.7500
1743737391.4434 885.8125
1743737391.5473 885.8125
1743737391.6511 887.8750
1743737391.7549 887.8750
1743737391.8586 889.9375
1743737391.9626 889.9375
1743737392.0663 892.0000
1743737392.1701 892.0000
1743737392.2738 892.0000
1743737392.3775 895.0938
1743737392.4813 895.0938
1743737392.5851 895.0938
1743737392.6890 898.1875
1743737392.7926 898.1875
1743737392.8964 898.1875
1743737393.0001 900.5078
1743737393.1040 900.5078
1743737393.2077 903.0859
1743737393.3114 903.0859
1743737393.4151 903.0859
1743737393.5189 906.1797
1743737393.6227 906.1797
1743737393.7264 906.1797
1743737393.8301 909.5312
1743737393.9340 909.5312
1743737394.0377 909.7891
1743737394.1413 912.1094
1743737394.2450 912.1094
1743737394.3488 914.1719
1743737394.4526 914.1719
1743737394.5562 917.2656
1743737394.6599 917.2656
1743737394.7635 917.2656
1743737394.8672 919.5859
1743737394.9709 919.5859
1743737395.0746 922.4219
1743737395.1784 922.4219
1743737395.2821 922.9375
1743737395.3859 925.5156
1743737395.4897 925.5156
1743737395.5936 927.5781
1743737395.6973 927.5781
1743737395.8011 927.5781
1743737395.9048 929.3828
1743737396.0085 929.3828
1743737396.1123 931.1875
1743737396.2162 931.1875
1743737396.3198 933.2500
1743737396.4235 933.2500
1743737396.5271 934.7969
1743737396.6309 934.7969
1743737396.7346 936.3438
1743737396.8384 936.3438
1743737396.9421 938.1484
1743737397.0459 938.1484
1743737397.1495 939.9531
1743737397.2533 939.9531
1743737397.3570 941.7578
1743737397.4607 941.7578
1743737397.5644 944.5938
1743737397.6681 944.5938
1743737397.7719 944.5938
1743737397.8756 947.4297
1743737397.9794 947.4297
1743737398.0832 947.4297
1743737398.1869 950.7812
1743737398.2908 950.7812
1743737398.3946 950.7812
1743737398.4984 954.1328
1743737398.6023 954.1328
1743737398.7065 954.1328
1743737398.8102 957.4844
1743737398.9140 957.4844
1743737399.0180 958.5156
1743737399.1220 961.8672
1743737399.2260 961.8672
1743737399.3300 961.8672
1743737399.4340 965.2188
1743737399.5379 965.2188
1743737399.6419 965.2188
1743737399.7458 968.0547
1743737399.8495 968.0547
1743737399.9534 968.0547
1743737400.0572 971.1484
1743737400.1610 971.1484
1743737400.2648 973.9844
1743737400.3686 975.2734
1743737400.4724 975.2734
1743737400.5762 976.5625
1743737400.6798 977.8516
1743737400.7835 977.8516
1743737400.8874 979.1406
1743737400.9912 982.4922
1743737401.0948 982.4922
1743737401.1985 982.4922
1743737401.3023 984.8125
1743737401.4059 984.8125
1743737401.5097 984.8125
1743737401.6133 987.6484
1743737401.7170 987.6484
1743737401.8206 987.6484
1743737401.9244 990.2266
1743737402.0280 990.2266
1743737402.1317 990.2266
1743737402.2356 993.3203
1743737402.3393 993.3203
1743737402.4431 993.3203
1743737402.5468 995.8984
1743737402.6507 995.8984
1743737402.7544 996.4141
1743737402.8583 998.7344
1743737402.9620 998.7344
1743737403.0656 1001.8281
1743737403.1694 1001.8281
1743737403.2730 1001.8281
1743737403.3768 1003.3750
1743737403.4804 1003.3750
1743737403.5840 1005.4375
1743737403.6878 1005.4375
1743737403.7914 1007.5000
1743737403.8950 1007.5000
1743737403.9988 1009.0469
1743737404.1025 1009.0469
1743737404.2063 1011.6250
1743737404.3100 1011.6250
1743737404.4137 1011.6250
1743737404.5176 1014.4609
1743737404.6213 1014.4609
1743737404.7251 1014.4609
1743737404.8289 1017.0391
1743737404.9326 1021.6797
1743737405.0364 1021.6797
1743737405.1401 1021.6797
1743737405.2439 1021.9375
1743737405.3477 1021.9375
1743737405.4515 1022.7109
1743737405.5552 1026.3203
1743737405.6588 1026.3203
1743737405.7625 1026.3203
1743737405.8663 1029.6719
1743737405.9700 1029.6719
1743737406.0736 1029.9297
1743737406.1774 1033.5391
1743737406.2810 1033.5391
1743737406.3848 1033.7969
1743737406.4884 1037.4062
1743737406.5920 1037.4062
1743737406.6958 1037.6641
1743737406.7995 1041.0156
1743737406.9031 1041.0156
1743737407.0069 1041.2734
1743737407.1105 1044.8828
1743737407.2143 1044.8828
1743737407.3179 1044.8828
1743737407.4217 1047.2031
1743737407.5254 1047.2031
1743737407.6291 1047.4609
1743737407.7327 1049.5234
1743737407.8364 1053.3906
1743737407.9401 1053.3906
1743737408.0438 1053.3906
1743737408.1475 1053.3906
1743737408.2512 1053.3906
1743737408.3548 1055.1953
1743737408.4585 1055.1953
1743737408.5622 1055.1953
1743737408.6658 1057.7734
1743737408.7695 1057.7734
1743737408.8730 1060.3516
1743737408.9767 1060.3516
1743737409.0803 1060.3516
1743737409.1840 1062.4141
1743737409.2876 1062.4141
1743737409.3914 1063.9609
1743737409.4952 1063.9609
1743737409.5988 1066.7969
1743737409.7030 1066.7969
1743737409.8061 1066.7969
1743737409.9098 1069.3750
1743737410.0191 1069.3750
1743737410.1173 1069.3750
1743737410.2209 1072.7266
1743737410.3247 1072.7266
1743737410.4284 1072.7266
1743737410.5323 1074.2734
1743737410.6359 1074.2734
1743737410.7397 1076.5938
1743737410.8435 1076.5938
1743737410.9471 1077.8828
1743737411.0508 1080.2031
1743737411.1545 1080.2031
1743737411.2584 1082.7812
1743737411.3621 1082.7812
1743737411.4658 1083.2969
1743737411.5696 1086.3906
1743737411.6732 1086.3906
1743737411.7769 1086.6484
1743737411.8809 1088.9688
1743737411.9845 1088.9688
1743737412.0882 1092.0625
1743737412.1919 1092.0625
1743737412.2957 1092.5781
1743737412.3994 1095.1562
1743737412.5032 1095.1562
1743737412.6070 1096.4453
1743737412.7107 1096.4453
1743737412.8143 1098.7656
1743737412.9180 1098.7656
1743737413.0218 1100.3125
1743737413.1255 1100.3125
1743737413.2291 1102.8906
1743737413.3330 1102.8906
1743737413.4367 1102.8906
1743737413.5404 1104.6953
1743737413.6442 1104.6953
1743737413.7478 1107.7891
1743737413.8515 1107.7891
1743737413.9553 1107.7891
1743737414.0591 1110.3672
1743737414.1628 1110.3672
1743737414.2665 1110.3672
1743737414.3703 1112.6875
1743737414.4741 1112.6875
1743737414.5778 1115.5234
1743737414.6815 1115.5234
1743737414.7853 1115.5234
1743737414.8890 1117.3281
1743737414.9929 1117.3281
1743737415.0965 1119.3906
1743737415.2002 1119.3906
1743737415.3039 1120.9375
1743737415.4076 1120.9375
1743737415.5115 1122.7422
1743737415.6153 1122.7422
1743737415.7191 1125.5781
1743737415.8228 1125.5781
1743737415.9268 1126.0938
1743737416.0304 1128.6719
1743737416.1341 1128.6719
1743737416.2377 1129.7031
1743737416.3414 1129.7031
1743737416.4452 1131.5078
1743737416.5488 1131.5078
1743737416.6525 1134.0859
1743737416.7563 1134.0859
1743737416.8600 1134.0859
1743737416.9637 1136.4062
1743737417.0674 1136.4062
1743737417.1712 1138.2109
1743737417.2749 1138.2109
1743737417.3786 1140.2734
1743737417.4823 1140.2734
1743737417.5860 1142.0781
1743737417.6896 1142.0781
1743737417.7934 1144.1406
1743737417.8971 1144.1406
1743737418.0008 1145.6875
1743737418.1045 1145.6875
1743737418.2081 1147.2344
1743737418.3119 1147.2344
1743737418.4155 1149.0391
1743737418.5191 1149.0391
1743737418.6229 1150.5859
1743737418.7265 1150.5859
1743737418.8303 1152.1328
1743737418.9340 1152.1328
1743737419.0376 1153.6797
1743737419.1414 1153.6797
1743737419.2451 1155.2266
1743737419.3488 1155.2266
1743737419.4524 1156.7734
1743737419.5562 1156.7734
1743737419.6598 1158.3203
1743737419.7635 1158.3203
1743737419.8673 1159.8672
1743737419.9710 1159.8672
1743737420.0748 1161.9297
1743737420.1784 1161.9297
1743737420.2821 1163.9922
1743737420.3859 1163.9922
1743737420.4896 1163.9922
1743737420.5931 1166.8281
1743737420.6969 1166.8281
1743737420.8005 1166.8281
1743737420.9043 1170.1797
1743737421.0080 1170.1797
1743737421.1117 1170.1797
1743737421.2154 1173.2734
1743737421.3192 1173.2734
1743737421.4229 1173.2734
1743737421.5266 1176.3672
1743737421.6304 1176.3672
1743737421.7341 1176.3672
1743737421.8379 1178.6875
1743737421.9416 1178.6875
1743737422.0454 1180.7500
1743737422.1490 1180.7500
1743737422.2528 1183.3281
1743737422.3565 1183.3281
1743737422.4603 1183.5859
1743737422.5640 1186.1641
1743737422.6676 1186.1641
1743737422.7714 1187.9688
1743737422.8751 1187.9688
1743737422.9789 1188.4844
1743737423.0826 1188.4844
1743737423.1865 1190.2891
1743737423.2903 1192.6094
1743737423.3941 1192.6094
1743737423.4979 1193.8984
1743737423.6018 1193.8984
1743737423.7057 1195.4453
1743737423.8094 1195.4453
1743737423.9133 1196.9922
1743737424.0170 1196.9922
1743737424.1209 1198.7969
1743737424.2248 1198.7969
1743737424.3287 1200.8594
1743737424.4325 1200.8594
1743737424.5363 1201.8906
1743737424.6402 1201.8906
1743737424.7440 1203.6953
1743737424.8478 1203.6953
1743737424.9516 1206.2734
1743737425.0554 1206.2734
1743737425.1593 1206.7891
1743737425.2630 1209.1094
1743737425.3669 1209.1094
1743737425.4706 1211.9453
1743737425.5745 1211.9453
1743737425.6784 1211.9453
1743737425.7823 1214.5234
1743737425.8861 1214.5234
1743737425.9900 1215.0391
1743737426.0939 1218.6484
1743737426.1979 1218.6484
1743737426.3018 1218.6484
1743737426.4057 1220.9688
1743737426.5096 1220.9688
1743737426.6135 1222.0000
1743737426.7175 1224.5781
1743737426.8214 1224.5781
1743737426.9254 1227.6719
1743737427.0294 1227.6719
1743737427.1334 1227.6719
1743737427.2374 1230.5078
1743737427.3415 1230.5078
1743737427.4456 1230.7656
1743737427.5498 1233.6016
1743737427.6539 1233.6016
1743737427.7581 1233.6016
1743737427.8623 1236.9531
1743737427.9664 1236.9531
1743737428.0705 1236.9531
1743737428.1746 1239.7891
1743737428.2788 1239.7891
1743737428.3828 1240.3047
1743737428.4868 1242.8828
1743737428.5909 1242.8828
1743737428.6949 1244.6875
1743737428.7989 1244.6875
1743737428.9028 1246.4922
1743737429.0067 1246.4922
1743737429.1104 1248.2969
1743737429.2142 1248.2969
1743737429.3179 1250.1016
1743737429.4215 1250.1016
1743737429.5251 1250.1016
1743737429.6289 1250.1016
1743737429.7326 1252.4219
1743737429.8364 1252.4219
1743737429.9401 1253.4531
1743737430.0439 1253.4531
1743737430.1476 1255.2578
1743737430.2515 1255.2578
1743737430.3555 1256.8047
1743737430.4595 1256.8047
1743737430.5635 1258.6094
1743737430.6674 1258.6094
1743737430.7714 1260.1562
1743737430.8754 1260.1562
1743737430.9794 1261.7031
1743737431.0834 1261.7031
1743737431.1874 1263.5078
1743737431.2914 1263.5078
1743737431.3954 1265.3125
1743737431.4994 1265.3125
1743737431.6033 1266.8594
1743737431.7073 1266.8594
1743737431.8111 1268.4062
1743737431.9149 1268.4062
1743737432.0186 1270.2109
1743737432.1222 1270.2109
1743737432.2260 1271.5000
1743737432.3296 1271.5000
1743737432.4334 1273.0469
1743737432.5371 1273.0469
1743737432.6407 1274.8516
1743737432.7445 1274.8516
1743737432.8482 1276.3984
1743737432.9520 1276.3984
1743737433.0558 1277.9453
1743737433.1595 1277.9453
1743737433.2634 1279.7500
1743737433.3671 1279.7500
1743737433.4709 1281.2969
1743737433.5747 1281.2969
1743737433.6785 1283.1016
1743737433.7823 1283.1016
1743737433.8860 1284.6484
1743737433.9897 1284.6484
1743737434.0935 1286.1953
1743737434.1972 1286.1953
1743737434.3009 1287.7422
1743737434.4046 1287.7422
1743737434.5084 1289.2891
1743737434.6120 1289.2891
1743737434.7157 1290.8359
1743737434.8195 1290.8359
1743737434.9232 1292.3828
1743737435.0269 1292.3828
1743737435.1305 1293.9297
1743737435.2342 1293.9297
1743737435.3379 1295.4766
1743737435.4416 1295.4766
1743737435.5454 1297.0234
1743737435.6490 1297.0234
1743737435.7527 1298.8281
1743737435.8565 1298.8281
1743737435.9602 1300.1172
1743737436.0639 1300.1172
1743737436.1677 1301.6641
1743737436.2715 1301.6641
1743737436.3752 1302.9531
1743737436.4790 1302.9531
1743737436.5827 1304.2422
1743737436.6865 1304.2422
1743737436.7905 1305.5312
1743737436.8940 1305.5312
1743737436.9978 1306.5625
1743737437.1015 1306.5625
1743737437.2052 1307.8516
1743737437.3090 1307.8516
1743737437.4128 1309.3984
1743737437.5165 1309.3984
1743737437.6203 1310.9453
1743737437.7241 1310.9453
1743737437.8279 1312.2344
1743737437.9316 1312.2344
1743737438.0354 1313.5234
1743737438.1391 1313.5234
1743737438.2430 1314.5547
1743737438.3465 1314.5547
1743737438.4502 1314.5547
1743737438.5540 1314.5547
1743737438.6580 1316.1016
1743737438.7616 1316.1016
1743737438.8651 1317.9062
1743737438.9689 1317.9062
1743737439.0726 1319.1953
1743737439.1762 1319.1953
1743737439.2800 1320.7422
1743737439.3837 1320.7422
1743737439.4875 1322.0312
1743737439.5913 1322.0312
1743737439.6951 1323.5781
1743737439.7988 1323.5781
1743737439.9026 1325.1250
1743737440.0065 1325.1250
1743737440.1104 1326.6719
1743737440.2140 1326.6719
1743737440.3178 1328.2188
1743737440.4216 1328.2188
1743737440.5253 1330.0234
1743737440.6290 1330.0234
1743737440.7327 1331.3125
1743737440.8376 1331.3125
1743737440.9403 1332.6016
1743737441.0440 1332.6016
1743737441.1479 1334.1484
1743737441.2517 1334.1484
1743737441.3554 1336.7266
1743737441.4592 1336.7266
1743737441.5629 1336.7266
1743737441.6668 1339.0469
1743737441.7705 1339.3047
1743737441.8744 1341.3672
1743737441.9784 1341.3672
1743737442.0821 1342.6562
1743737442.1858 1345.2344
1743737442.2896 1345.2344
1743737442.3935 1348.3281
1743737442.4973 1348.3281
1743737442.6010 1348.3281
1743737442.7048 1350.6484
1743737442.8085 1350.6484
1743737442.9122 1353.7422
1743737443.0159 1353.7422
1743737443.1196 1353.7422
1743737443.2254 1355.5469
1743737443.3272 1355.5469
1743737443.4309 1357.8672
1743737443.5346 1357.8672
1743737443.6384 1359.9297
1743737443.7422 1359.9297
1743737443.8459 1359.9297
1743737443.9498 1360.4453
1743737444.0536 1363.7969
1743737444.1573 1363.7969
1743737444.2611 1363.7969
1743737444.3649 1366.6328
1743737444.4687 1366.6328
1743737444.5726 1366.6328
1743737444.6764 1369.7266
1743737444.7803 1369.7266
1743737444.8841 1370.2422
1743737444.9880 1373.8516
1743737445.0920 1373.8516
1743737445.1960 1373.8516
1743737445.3001 1375.9141
1743737445.4043 1375.9141
1743737445.5085 1375.9141
1743737445.6127 1379.0078
1743737445.7170 1379.0078
1743737445.8212 1379.7812
1743737445.9254 1383.3906
1743737446.0295 1383.3906
1743737446.1338 1383.6484
1743737446.2380 1387.2578
1743737446.3421 1387.2578
1743737446.4468 1387.5156
1743737446.5504 1391.1250
1743737446.6545 1391.1250
1743737446.7584 1391.6406
1743737446.8625 1394.9922
1743737446.9667 1394.9922
1743737447.0704 1395.5078
1743737447.1756 1399.1172
1743737447.2783 1399.1172
1743737447.3822 1399.1172
1743737447.4859 1402.7266
1743737447.5897 1402.7266
1743737447.6934 1403.5000
1743737447.7970 1405.0469
1743737447.9007 1405.0469
1743737448.0043 1405.0469
1743737448.1079 1407.8828
1743737448.2116 1407.8828
1743737448.3152 1409.1719
1743737448.4189 1412.7812
1743737448.5225 1412.7812
1743737448.6263 1413.5547
1743737448.7298 1413.5547
1743737448.8334 1413.5547
1743737448.9369 1413.5547
1743737449.0405 1414.3281
1743737449.1443 1417.6797
1743737449.2479 1417.6797
1743737449.3516 1417.9375
1743737449.4553 1420.5156
1743737449.5590 1420.5156
1743737449.6628 1422.5781
1743737449.7664 1422.5781
1743737449.8701 1424.3828
1743737449.9740 1424.3828
1743737450.0778 1424.3828
1743737450.1815 1424.3828
1743737450.2851 1426.1875
1743737450.3889 1426.1875
1743737450.4926 1429.2812
1743737450.5964 1429.2812
1743737450.7000 1429.5391
1743737450.8038 1432.1172
1743737450.9074 1432.1172
1743737451.0110 1434.1797
1743737451.1148 1434.1797
1743737451.2184 1434.1797
1743737451.3221 1434.4375
1743737451.4258 1437.7891
1743737451.5295 1437.7891
1743737451.6331 1438.0469
1743737451.7368 1440.6250
1743737451.8405 1440.6250
1743737451.9440 1442.6875
1743737452.0478 1442.6875
1743737452.1514 1444.4922
1743737452.2551 1444.4922
1743737452.3589 1444.4922
1743737452.4626 1444.4922
1743737452.5664 1447.8438
1743737452.6701 1447.8438
1743737452.7739 1447.8438
1743737452.8776 1448.3594
1743737452.9814 1448.3594
1743737453.0851 1449.1328
1743737453.1889 1452.2266
1743737453.2926 1452.2266
1743737453.3965 1452.2266
1743737453.5003 1453.5156
1743737453.6041 1453.5156
1743737453.7080 1455.0625
1743737453.8119 1455.0625
1743737453.9158 1456.3516
1743737454.0197 1456.3516
1743737454.1235 1457.6406
1743737454.2273 1457.6406
1743737454.3311 1458.6719
1743737454.4349 1460.9922
1743737454.5388 1460.9922
1743737454.6426 1463.3125
1743737454.7464 1463.3125
1743737454.8503 1464.0859
1743737454.9540 1466.4062
1743737455.0578 1466.4062
1743737455.1617 1469.2422
1743737455.2654 1469.2422
1743737455.3692 1469.2422
1743737455.4729 1472.0781
1743737455.5766 1472.0781
1743737455.6804 1472.0781
1743737455.7841 1474.9141
1743737455.8879 1474.9141
1743737455.9916 1475.9453
1743737456.0955 1478.2656
1743737456.1993 1478.2656
1743737456.3030 1479.8125
1743737456.4067 1479.8125
1743737456.5104 1481.3594
1743737456.6141 1481.3594
1743737456.7179 1484.1953
1743737456.8215 1484.1953
1743737456.9253 1484.1953
1743737457.0290 1486.2578
1743737457.1328 1486.2578
1743737457.2365 1488.0625
1743737457.3403 1488.0625
1743737457.4439 1490.1250
1743737457.5476 1490.1250
1743737457.6514 1490.1250
1743737457.7551 1493.2188
1743737457.8589 1493.2188
1743737457.9625 1493.2188
1743737458.0663 1495.2812
1743737458.1700 1495.2812
1743737458.2738 1497.3438
1743737458.3774 1497.3438
1743737458.4812 1499.6641
1743737458.5849 1499.6641
1743737458.6885 1502.5000
1743737458.7923 1502.5000
1743737458.8959 1502.5000
1743737458.9995 1505.3359
1743737459.1033 1505.3359
1743737459.2070 1505.3359
1743737459.3106 1508.4297
1743737459.4144 1508.4297
1743737459.5180 1508.4297
1743737459.6218 1511.5234
1743737459.7255 1511.5234
1743737459.8291 1511.5234
1743737459.9328 1513.8438
1743737460.0364 1513.8438
1743737460.1401 1515.6484
1743737460.2439 1515.6484
1743737460.3476 1517.9688
1743737460.4514 1517.9688
1743737460.5551 1520.5469
1743737460.6589 1520.5469
1743737460.7626 1520.5469
1743737460.8664 1522.6094
1743737460.9700 1522.6094
1743737461.0738 1524.6719
1743737461.1775 1524.6719
1743737461.2811 1526.7344
1743737461.3849 1526.7344
1743737461.4886 1528.2812
1743737461.5923 1528.2812
1743737461.6960 1530.0859
1743737461.7998 1530.0859
1743737461.9034 1531.8906
1743737462.0073 1531.8906
1743737462.1110 1533.9531
1743737462.2148 1533.9531
1743737462.3184 1535.7578
1743737462.4221 1535.7578
1743737462.5258 1537.8203
1743737462.6295 1537.8203
1743737462.7333 1540.6562
1743737462.8369 1540.6562
1743737462.9406 1541.6875
1743737463.0443 1544.0078
1743737463.1479 1544.0078
1743737463.2517 1546.0703
1743737463.3553 1546.0703
1743737463.4590 1548.3906
1743737463.5628 1548.3906
1743737463.6664 1549.4219
1743737463.7701 1551.7422
1743737463.8738 1551.7422
1743737463.9774 1553.8047
1743737464.0810 1553.8047
1743737464.1848 1556.1250
1743737464.2884 1556.1250
1743737464.3921 1558.1875
1743737464.4959 1558.1875
1743737464.5995 1559.9922
1743737464.7033 1559.9922
1743737464.8070 1562.0547
1743737464.9106 1562.0547
1743737465.0144 1563.8594
1743737465.1181 1563.8594
1743737465.2218 1566.1797
1743737465.3255 1566.1797
1743737465.4292 1566.9531
1743737465.5329 1569.5312
1743737465.6366 1569.5312
1743737465.7404 1571.5938
1743737465.8442 1571.5938
1743737465.9479 1573.3984
1743737466.0516 1573.3984
1743737466.1554 1575.2031
1743737466.2593 1575.2031
1743737466.3630 1576.4922
1743737466.4668 1576.4922
1743737466.5704 1578.5547
1743737466.6742 1578.5547
1743737466.7779 1581.3906
1743737466.8815 1581.3906
1743737466.9851 1581.3906
1743737467.0889 1583.7109
1743737467.1925 1583.7109
1743737467.2963 1585.2578
1743737467.4000 1585.2578
1743737467.5038 1587.0625
1743737467.6075 1587.0625
1743737467.7113 1588.8672
1743737467.8150 1588.8672
1743737467.9187 1590.9297
1743737468.0224 1590.9297
1743737468.1260 1592.7344
1743737468.2298 1592.7344
1743737468.3335 1594.5391
1743737468.4373 1594.5391
1743737468.5409 1596.8594
1743737468.6447 1596.8594
1743737468.7483 1598.4062
1743737468.8520 1598.4062
1743737468.9557 1601.2422
1743737469.0594 1601.2422
1743737469.1632 1601.2422
1743737469.2669 1604.3359
1743737469.3707 1604.3359
1743737469.4744 1604.3359
1743737469.5783 1606.1406
1743737469.6820 1606.1406
1743737469.7858 1607.9453
1743737469.8895 1607.9453
1743737469.9933 1609.7500
1743737470.0970 1609.7500
1743737470.2009 1611.5547
1743737470.3047 1611.5547
1743737470.4084 1613.1016
1743737470.5122 1613.1016
1743737470.6158 1614.9062
1743737470.7195 1614.9062
1743737470.8233 1616.1953
1743737470.9270 1616.1953
1743737471.0308 1617.7422
1743737471.1344 1617.7422
1743737471.2382 1619.0312
1743737471.3419 1619.0312
1743737471.4455 1620.5781
1743737471.5493 1620.5781
1743737471.6529 1622.3828
1743737471.7567 1622.3828
1743737471.8604 1624.1875
1743737471.9640 1624.1875
1743737472.0678 1625.7344
1743737472.1715 1625.7344
1743737472.2753 1627.0234
1743737472.3790 1627.0234
1743737472.4828 1629.0859
1743737472.5864 1629.0859
1743737472.6902 1630.8906
1743737472.7939 1630.8906
1743737472.8975 1633.7266
1743737473.0013 1633.7266
1743737473.1050 1633.7266
1743737473.2088 1636.5625
1743737473.3127 1636.5625
1743737473.4164 1636.5625
1743737473.5200 1638.8828
1743737473.6238 1638.8828
1743737473.7274 1640.9453
1743737473.8310 1640.9453
1743737473.9348 1643.0078
1743737474.0384 1643.0078
1743737474.1420 1645.0703
1743737474.2458 1645.0703
1743737474.3494 1647.6484
1743737474.4532 1647.6484
1743737474.5569 1647.6484
1743737474.6606 1649.4531
1743737474.7643 1649.4531
1743737474.8679 1651.7734
1743737474.9717 1651.7734
1743737475.0753 1654.6094
1743737475.1790 1654.6094
1743737475.2827 1654.6094
1743737475.3864 1657.1875
1743737475.4900 1657.1875
1743737475.5938 1657.1875
1743737475.6975 1659.2500
1743737475.8013 1659.2500
1743737475.9052 1661.0547
1743737476.0089 1661.0547
1743737476.1127 1663.1172
1743737476.2164 1663.1172
1743737476.3202 1664.9219
1743737476.4239 1664.9219
1743737476.5277 1666.9844
1743737476.6313 1666.9844
1743737476.7350 1669.8203
1743737476.8387 1669.8203
1743737476.9424 1669.8203
1743737477.0461 1672.1406
1743737477.1498 1672.1406
1743737477.2534 1673.6875
1743737477.3572 1673.6875
1743737477.4608 1676.2656
1743737477.5645 1676.2656
1743737477.6682 1676.2656
1743737477.7719 1678.5859
1743737477.8757 1678.5859
1743737477.9793 1681.4219
1743737478.0830 1681.4219
1743737478.1867 1681.4219
1743737478.2904 1684.2578
1743737478.3942 1684.2578
1743737478.4979 1684.2578
1743737478.6016 1687.0938
1743737478.7053 1687.0938
1743737478.8091 1687.0938
1743737478.9128 1689.9297
1743737479.0165 1689.9297
1743737479.1203 1689.9297
1743737479.2240 1692.7656
1743737479.3277 1692.7656
1743737479.4314 1692.7656
1743737479.5352 1694.8281
1743737479.6389 1694.8281
1743737479.7427 1697.1484
1743737479.8463 1697.1484
1743737479.9501 1697.1484
1743737480.0537 1699.4688
1743737480.1574 1699.4688
1743737480.2612 1701.2734
1743737480.3648 1701.2734
1743737480.4685 1703.3359
1743737480.5722 1703.3359
1743737480.6759 1704.8828
1743737480.7797 1707.9766
1743737480.8834 1707.9766
1743737480.9870 1707.9766
1743737481.0908 1709.7812
1743737481.1945 1709.7812
1743737481.2983 1712.6172
1743737481.4020 1712.6172
1743737481.5057 1713.3906
1743737481.6094 1716.4844
1743737481.7130 1716.4844
1743737481.8168 1716.4844
1743737481.9204 1719.5781
1743737482.0242 1719.5781
1743737482.1278 1720.3516
1743737482.2315 1722.1562
1743737482.3353 1722.1562
1743737482.4391 1724.4766
1743737482.5428 1727.8281
1743737482.6464 1727.8281
1743737482.7503 1728.3438
1743737482.8539 1731.6953
1743737482.9577 1731.6953
1743737483.0614 1731.9531
1743737483.1652 1735.5625
1743737483.2688 1735.5625
1743737483.3725 1736.0781
1743737483.4762 1739.6875
1743737483.5799 1739.6875
1743737483.6835 1740.2031
1743737483.7872 1743.8125
1743737483.8908 1743.8125
1743737483.9945 1746.9062
1743737484.0982 1747.9375
1743737484.2018 1747.9375
1743737484.3055 1749.2266
1743737484.4093 1752.8359
1743737484.5129 1756.7031
1743737484.6167 1756.7031
1743737484.7204 1756.7031
1743737484.8240 1760.5703
1743737484.9278 1760.5703
1743737485.0315 1763.6641
1743737485.1353 1763.9219
1743737485.2389 1764.9531
1743737485.3428 1768.5625
1743737485.4466 1772.4297
1743737485.5503 1772.4297
1743737485.6542 1775.0078
1743737485.7580 1778.8750
1743737485.8620 1782.2266
1743737485.9659 1782.2266
1743737486.0699 1789.7031
1743737486.1739 1790.2188
1743737486.2779 1795.1172
1743737486.3821 1795.3750
1743737486.4862 1799.2422
1743737486.5903 1801.0469
1743737486.6945 1805.9453
1743737486.7987 1805.9453
1743737486.9028 1809.0391
1743737487.0069 1810.8438
1743737487.1110 1812.1328
1743737487.2152 1813.6797
1743737487.3193 1818.3203
1743737487.4234 1818.3203
1743737487.5275 1821.4141
1743737487.6318 1823.2188
1743737487.7359 1823.7344
1743737487.8401 1826.3125
1743737487.9442 1829.6641
1743737488.0482 1831.4688
1743737488.1522 1836.3672
1743737488.2562 1836.3672
1743737488.3600 1836.3672
1743737488.4639 1841.0078
1743737488.5678 1841.0078
1743737488.6718 1841.0078
1743737488.7755 1845.6484
1743737488.8794 1845.6484
1743737488.9832 1845.6484
1743737489.0870 1848.7422
1743737489.1908 1850.5469
1743737489.2947 1850.5469
1743737489.3984 1851.5781
1743737489.5022 1854.9297
1743737489.6059 1856.7344
1743737489.7097 1857.2500
1743737489.8134 1858.2812
1743737489.9170 1859.0547
1743737490.0208 1861.6328
1743737490.1244 1863.4375
1743737490.2282 1868.0781
1743737490.3318 1868.0781
1743737490.4354 1868.0781
1743737490.5390 1872.9766
1743737490.6425 1872.9766
1743737490.7462 1872.9766
1743737490.8498 1872.9766
1743737490.9534 1874.0078
1743737491.0571 1874.0078
1743737491.1607 1875.5547
1743737491.2643 1875.5547
1743737491.3678 1875.5547
1743737491.4714 1876.3281
1743737491.5752 1876.3281
1743737491.6788 1878.1328
1743737491.7825 1878.1328
1743737491.8862 1879.1641
1743737491.9899 1879.1641
1743737492.0937 1879.1641
1743737492.1974 1883.2891
1743737492.3010 1883.2891
1743737492.4048 1885.0938
1743737492.5086 1885.0938
1743737492.6123 1885.8672
1743737492.7161 1885.8672
1743737492.8198 1885.8672
1743737492.9235 1888.7031
1743737493.0272 1888.7031
1743737493.1309 1888.7031
1743737493.2345 1891.0234
1743737493.3383 1891.2812
1743737493.4419 1891.2812
1743737493.5457 1891.2812
1743737493.6494 1894.1172
1743737493.7532 1894.1172
1743737493.8568 1894.3750
1743737493.9606 1894.3750
1743737494.0643 1897.4688
1743737494.1681 1897.9844
1743737494.2718 1897.9844
1743737494.3756 1897.9844
1743737494.4793 1897.9844
1743737494.5831 1898.7578
1743737494.6868 1902.3672
1743737494.7906 1902.3672
1743737494.8942 1902.3672
1743737494.9979 1904.9453
1743737495.1017 1904.9453
1743737495.2054 1906.7500
1743737495.3092 1906.7500
1743737495.4129 1907.5234
1743737495.5166 1907.5234
1743737495.6203 1907.5234
1743737495.7240 1909.5859
1743737495.8278 1909.5859
1743737495.9317 1911.9062
