1628410193.7264 72.3047
1628410193.8266 74.1172
1628410193.9268 76.8320
1628410194.0270 76.8320
1628410194.1272 77.6055
1628410194.2285 77.9102
1628410194.3280 77.9492
1628410194.4280 79.7539
1628410194.5280 79.7539
1628410194.6282 80.3750
1628410194.7284 80.3750
1628410194.8286 80.3750
1628410194.9288 80.6992
1628410195.0290 81.2148
1628410195.1292 81.7305
1628410195.2294 82.5039
1628410195.3296 82.7891
1628410195.4299 82.7891
1628410195.5300 83.5078
1628410195.6302 84.0234
1628410195.7304 84.5391
1628410195.8306 85.0547
1628410195.9308 85.8281
1628410196.0310 86.3438
1628410196.1318 86.8594
1628410196.2314 86.8594
1628410196.3316 86.8594
1628410196.4318 87.5430
1628410196.5320 88.0586
1628410196.6322 88.5742
1628410196.7324 89.0898
1628410196.8326 89.8633
1628410196.9328 90.3789
1628410197.0330 90.8945
1628410197.1334 91.4102
1628410197.2334 91.4102
1628410197.3336 91.4102
1628410197.4338 91.8164
1628410197.5340 92.3320
1628410197.6341 92.8477
1628410197.7344 93.3633
1628410197.8345 94.1367
1628410197.9349 94.6523
1628410198.0349 95.1680
1628410198.1365 95.1680
1628410198.2354 95.1680
1628410198.3355 95.5898
1628410198.4357 96.1055
1628410198.5362 96.6211
1628410198.6362 97.1367
1628410198.7364 97.9102
1628410198.8365 98.4258
1628410198.9367 98.4258
1628410199.0369 98.4258
1628410199.1371 98.9883
1628410199.2373 99.5039
1628410199.3375 101.0508
1628410199.4377 101.0508
1628410199.5379 101.0508
1628410199.6381 101.0508
1628410199.7383 101.0508
1628410199.8385 101.6719
1628410199.9387 102.1875
1628410200.0389 102.4219
1628410200.1391 102.4219
1628410200.2393 103.7109
1628410200.3395 103.7109
1628410200.4397 103.7109
1628410200.5399 103.9648
1628410200.6401 104.4805
1628410200.7403 104.9961
1628410200.8405 105.2422
1628410200.9409 105.2422
1628410201.0409 106.5312
1628410201.1446 106.5312
1628410201.2413 106.5312
1628410201.3415 106.6992
1628410201.4417 106.7383
1628410201.5419 107.2539
1628410201.6421 107.2539
1628410201.7423 107.2539
1628410201.8425 107.8477
1628410201.9427 108.3633
1628410202.0429 108.4180
1628410202.1431 108.4180
1628410202.2433 108.9297
1628410202.3434 108.9297
1628410202.4437 109.4609
1628410202.5438 109.4609
1628410202.6441 109.7188
1628410202.7442 110.2344
1628410202.8448 110.2344
1628410202.9447 110.7188
1628410203.0448 110.7188
1628410203.1451 112.2656
1628410203.2453 112.2656
1628410203.3454 112.2656
1628410203.4456 112.2656
1628410203.5458 112.2656
1628410203.6461 112.2656
1628410203.7462 112.5977
1628410203.8464 112.5977
1628410203.9466 113.6289
1628410204.0468 113.6289
1628410204.1471 113.6289
1628410204.2485 113.9102
1628410204.3475 113.9102
1628410204.4476 113.9102
1628410204.5482 114.1055
1628410204.6480 114.6211
1628410204.7491 114.6211
1628410204.8484 114.6211
1628410204.9486 114.6211
1628410205.0488 115.3398
1628410205.1490 115.3398
1628410205.2492 115.6914
1628410205.3494 115.6914
1628410205.4496 115.6914
1628410205.5498 116.2070
1628410205.6500 116.4336
1628410205.7525 116.4336
1628410205.8504 116.4336
1628410205.9506 116.9492
1628410206.0508 117.2227
1628410206.1510 117.2227
1628410206.2512 117.7070
1628410206.3514 117.7070
1628410206.4517 118.9961
1628410206.5518 118.9961
1628410206.6521 118.9961
1628410206.7525 118.9961
1628410206.8524 118.9961
1628410206.9525 119.2266
1628410207.0527 119.4141
1628410207.1529 119.4141
1628410207.2531 119.4141
1628410207.3533 119.9297
1628410207.4537 120.4297
1628410207.5537 120.4297
1628410207.6539 120.4297
1628410207.7541 120.6875
1628410207.8553 121.2031
1628410207.9547 121.2031
1628410208.0549 121.2031
1628410208.1549 121.2031
1628410208.2551 121.6602
1628410208.3553 122.4336
1628410208.4557 122.4336
1628410208.5557 122.4336
1628410208.6561 123.3477
1628410208.7561 123.3477
1628410208.8564 123.3477
1628410208.9567 123.6367
1628410209.0579 123.6367
1628410209.1569 123.6367
1628410209.2604 124.5469
1628410209.3573 124.5469
1628410209.4575 125.4375
1628410209.5581 125.4375
1628410209.6586 125.4375
1628410209.7581 125.4375
1628410209.8584 125.4375
1628410209.9585 125.5586
1628410210.0604 126.0742
1628410210.1589 126.8477
1628410210.2591 126.8477
1628410210.3593 126.8477
1628410210.4595 127.1953
1628410210.5597 127.1953
1628410210.6611 128.4844
1628410210.7601 128.4844
1628410210.8708 128.4844
1628410210.9607 128.4844
1628410211.0607 128.4844
1628410211.1609 128.4844
1628410211.2611 128.4844
1628410211.3613 128.4844
1628410211.4615 128.5898
1628410211.5617 128.5898
1628410211.6625 128.5898
1628410211.7621 129.1055
1628410211.8623 129.3203
1628410211.9624 129.3203
1628410212.0630 130.3516
1628410212.1628 130.3516
1628410212.2631 130.3516
1628410212.3632 130.3516
1628410212.4638 130.3711
1628410212.5636 130.3711
1628410212.6642 130.3711
1628410212.7640 130.3711
1628410212.8642 130.3711
1628410212.9645 130.6836
1628410213.0647 130.6836
1628410213.1648 131.1719
1628410213.2650 131.1719
1628410213.3655 131.1719
1628410213.4655 131.1719
1628410213.5656 132.3984
1628410213.6658 132.3984
1628410213.7660 132.3984
1628410213.8662 132.4922
1628410213.9664 132.5352
1628410214.0666 132.5352
1628410214.1668 132.5352
1628410214.2670 132.5352
1628410214.3672 132.5352
1628410214.4679 132.5352
1628410214.5676 133.0859
1628410214.6678 133.2539
1628410214.7680 133.2539
1628410214.8682 133.2539
1628410214.9684 133.2539
1628410215.0687 133.2539
1628410215.1688 133.2539
1628410215.2692 134.4805
1628410215.3692 134.4805
1628410215.4696 134.4805
1628410215.5696 134.4805
1628410215.6699 134.4805
1628410215.7700 134.4805
1628410215.8702 134.7148
1628410215.9704 134.7539
1628410216.0706 134.7539
1628410216.1708 134.7539
1628410216.2709 135.0117
1628410216.3712 135.0117
1628410216.4714 135.0117
1628410216.5716 135.0117
1628410216.6718 135.4141
1628410216.7719 135.4141
1628410216.8722 135.4141
1628410216.9724 135.9297
1628410217.0726 136.2617
1628410217.1727 136.2617
1628410217.2729 136.2617
1628410217.3732 136.2617
1628410217.4733 136.2656
1628410217.5735 136.2656
1628410217.6743 136.2656
1628410217.7739 136.5234
1628410217.8742 136.6055
1628410217.9743 136.6055
1628410218.0745 137.6367
1628410218.1747 137.6367
1628410218.2749 137.6562
1628410218.3763 137.6562
1628410218.4753 137.6562
1628410218.5758 137.6562
1628410218.6757 137.7148
1628410218.7788 137.7148
1628410218.8761 137.7148
1628410218.9805 137.7969
1628410219.0765 137.7969
1628410219.1768 137.7969
1628410219.2769 138.0547
1628410219.3774 138.0664
1628410219.4773 138.5820
1628410219.5775 138.5820
1628410219.6777 139.1250
1628410219.7780 139.1250
1628410219.8781 139.1250
1628410219.9821 139.1250
1628410220.0785 139.1250
1628410220.1787 139.1250
1628410220.2791 139.1250
1628410220.3792 139.1250
1628410220.4793 139.1250
1628410220.5795 140.3750
1628410220.6797 140.3750
1628410220.7799 140.3750
1628410220.8800 140.3750
1628410220.9809 140.3750
1628410221.0805 140.3750
1628410221.1816 140.3750
1628410221.2809 140.3750
1628410221.3811 140.3750
1628410221.4813 140.3750
1628410221.5817 140.3750
1628410221.6816 140.3750
1628410221.7819 140.5312
1628410221.8820 140.5312
1628410221.9842 141.5625
1628410222.0824 141.5625
1628410222.1826 141.5625
1628410222.2829 141.5625
1628410222.3830 141.5625
1628410222.5797 141.5625
1628410222.5834 141.5625
1628410222.6836 141.5781
1628410222.7838 141.5781
1628410222.8840 141.5781
1628410222.9842 141.5781
1628410223.0844 141.5859
1628410223.1846 141.5859
1628410223.2848 142.6172
1628410223.3850 142.6172
1628410223.4852 142.6172
1628410223.5854 142.6172
1628410223.6856 142.6172
1628410223.7858 142.6172
1628410223.8860 142.6172
1628410223.9862 142.6172
1628410224.0866 142.6172
1628410224.1866 142.6172
1628410224.2868 142.6172
1628410224.3870 142.6172
1628410224.4872 142.6172
1628410224.5874 142.7305
1628410224.6876 142.7305
1628410224.7878 142.7305
1628410224.8881 142.8711
1628410224.9882 142.8711
1628410225.0885 143.6445
1628410225.1886 143.6445
1628410225.2888 143.6445
1628410225.3890 143.6445
1628410225.4892 143.6445
1628410225.5894 143.6445
1628410225.6896 143.6445
1628410225.7898 143.6445
1628410225.8900 143.6445
1628410225.9902 143.6445
1628410226.0903 143.8477
1628410226.1905 144.2969
1628410226.2907 144.2969
1628410226.3909 144.2969
1628410226.4911 144.3008
1628410226.5913 144.3008
1628410226.6915 144.3008
1628410226.7918 144.3008
1628410226.8943 144.3008
1628410226.9922 144.3008
1628410227.0923 144.3008
1628410227.1925 144.3008
1628410227.2930 144.3008
1628410227.3929 145.2500
1628410227.4931 145.2500
1628410227.5933 145.2500
1628410227.6936 145.2500
1628410227.7937 145.3242
1628410227.8941 145.3242
1628410227.9951 145.3242
1628410228.0943 145.3242
1628410228.1945 145.3242
1628410228.2947 145.3242
1628410228.3955 145.3242
1628410228.4951 145.3242
1628410228.5953 145.3242
1628410228.6955 145.3242
1628410228.7957 145.3242
1628410228.8960 145.8086
1628410228.9961 145.8086
1628410229.0965 145.8086
1628410229.1965 145.8086
1628410229.2968 145.8086
1628410229.3969 145.8086
1628410229.4971 145.8086
1628410229.5973 145.8086
1628410229.6975 145.8086
1628410229.7977 145.8086
1628410229.8980 146.3242
1628410229.9981 147.0977
1628410230.0983 147.4375
1628410230.1985 147.4375
1628410230.2987 147.4375
1628410230.3989 147.4375
1628410230.4991 147.4375
1628410230.5993 147.4375
1628410230.6995 147.4375
1628410230.7997 147.4414
1628410230.8999 147.4414
1628410231.0001 147.4414
1628410231.1003 147.6992
1628410231.2004 147.6992
1628410231.3006 147.6992
1628410231.4067 147.6992
1628410231.5011 147.6992
1628410231.6012 147.6992
1628410231.7028 147.6992
1628410231.8017 147.6992
1628410231.9018 147.6992
1628410232.0020 148.6523
1628410232.1022 148.6523
1628410232.2025 148.6523
1628410232.3026 148.6523
1628410232.4028 148.6523
1628410232.5030 148.6523
1628410232.6032 148.8125
1628410232.7034 148.8125
1628410232.8045 148.8125
1628410232.9038 148.8125
1628410233.0040 148.8125
1628410233.1042 148.8125
1628410233.2044 148.8125
1628410233.3047 148.8125
1628410233.4048 148.8125
1628410233.5050 148.8125
1628410233.6053 148.8125
1628410233.7054 148.8125
1628410233.8056 148.8125
1628410233.9058 148.8125
1628410234.0060 148.8125
1628410234.1074 148.8125
1628410234.2064 148.8125
1628410234.3066 148.8125
1628410234.4068 148.8125
1628410234.5070 149.8008
1628410234.6109 149.8008
1628410234.7074 149.8008
1628410234.8076 149.8008
1628410234.9078 149.8008
1628410235.0080 149.8008
1628410235.1082 149.8008
1628410235.2092 149.8008
1628410235.3086 149.8008
1628410235.4087 149.8008
1628410235.5089 149.8008
1628410235.6096 149.8008
1628410235.7093 149.8008
1628410235.8096 149.8008
1628410235.9097 149.8008
1628410236.0100 149.8008
1628410236.1101 150.8438
1628410236.2105 150.8438
1628410236.3105 150.8438
1628410236.4107 150.8438
1628410236.5111 150.8438
1628410236.6111 150.8438
1628410236.7113 150.8438
1628410236.8115 150.8438
1628410236.9117 150.8438
1628410237.0166 150.8438
1628410237.1123 150.8438
1628410237.2143 150.8438
1628410237.3125 150.8438
1628410237.4127 150.8438
1628410237.5129 150.8438
1628410237.6143 150.8438
1628410237.7133 150.8438
1628410237.8135 150.8438
1628410237.9137 150.8438
1628410238.0140 150.8438
1628410238.1141 150.8438
1628410238.2144 151.8555
1628410238.3145 151.8555
1628410238.4147 152.2227
1628410238.5149 152.2227
1628410238.6151 152.2227
1628410238.7153 152.2227
1628410238.8155 152.2227
1628410238.9157 152.2227
1628410239.0163 152.2227
1628410239.1161 152.2227
1628410239.2163 152.2227
1628410239.3165 152.2227
1628410239.4173 152.2227
1628410239.5169 152.2227
1628410239.6175 152.2227
1628410239.7173 152.2227
1628410239.8174 152.2227
1628410239.9177 152.2227
1628410240.0178 152.2227
1628410240.1181 152.2227
1628410240.2185 152.4023
1628410240.3184 152.4023
1628410240.4190 152.4023
1628410240.5188 152.4023
1628410240.6190 152.4023
1628410240.7192 152.4023
1628410240.8195 152.4023
1628410240.9196 152.4023
1628410241.0199 152.4023
1628410241.1200 152.4023
1628410241.2215 152.9961
1628410241.3204 152.9961
1628410241.4206 153.3438
1628410241.5208 153.3438
1628410241.6213 153.3438
1628410241.7212 153.3438
1628410241.8214 153.3438
1628410241.9216 153.3438
1628410242.0218 153.3438
1628410242.1220 153.3438
1628410242.2222 153.3438
1628410242.3224 153.3438
1628410242.4226 153.3438
1628410242.5228 153.3438
1628410242.6230 153.3438
1628410242.7232 153.3438
1628410242.8234 153.3438
1628410242.9236 154.5703
1628410243.0238 154.5703
1628410243.1240 154.5703
1628410243.2242 154.5703
1628410243.3244 154.5703
1628410243.4256 154.5703
1628410243.5248 154.5703
1628410243.6250 154.5703
1628410243.7252 154.5703
1628410243.8254 154.5703
1628410243.9256 154.5703
1628410244.0258 154.5703
1628410244.1260 154.5703
1628410244.2262 154.5703
1628410244.3264 154.5703
1628410244.4266 154.5703
1628410244.5267 154.5703
1628410244.6270 154.5703
1628410244.7271 154.6641
1628410244.8274 154.6641
1628410244.9276 154.6641
1628410245.0277 154.6641
1628410245.1279 154.6641
1628410245.2283 155.5000
1628410245.3283 155.5000
1628410245.4285 155.5703
1628410245.5287 155.5703
1628410245.6291 156.0938
1628410245.7291 156.0938
1628410245.8293 156.0938
1628410245.9295 156.0938
1628410246.0297 156.0938
1628410246.1299 156.0938
1628410246.2301 156.0938
1628410246.3303 156.0938
1628410246.4305 156.0938
1628410246.5308 156.0938
1628410246.6309 156.0938
1628410246.7311 156.0938
1628410246.8313 156.0938
1628410246.9315 156.0938
1628410247.0317 156.0938
1628410247.1319 156.0938
1628410247.2323 156.0938
1628410247.3323 156.2930
1628410247.4325 156.7461
1628410247.5327 156.7461
1628410247.6329 156.7461
1628410247.7331 156.7461
1628410247.8334 156.7461
1628410247.9335 156.7461
1628410248.0337 156.7461
1628410248.1339 156.7500
1628410248.2341 156.7500
1628410248.3367 156.7500
1628410248.4345 157.0078
1628410248.5347 157.0078
1628410248.6349 157.0078
1628410248.7351 157.4375
1628410248.8353 157.4375
1628410248.9355 157.4375
1628410249.0357 157.6992
1628410249.1359 157.6992
1628410249.2360 157.6992
1628410249.3405 157.6992
1628410249.4366 157.6992
1628410249.5367 157.6992
1628410249.6369 157.6992
1628410249.7373 158.6523
1628410249.8372 158.6523
1628410249.9375 158.6523
1628410250.0376 158.6523
1628410250.1383 158.8281
1628410250.2380 158.8281
1628410250.3387 158.8281
1628410250.4384 158.8281
1628410250.5389 158.8281
1628410250.6388 158.8281
1628410250.7390 159.0586
1628410250.8392 159.0586
1628410250.9394 159.1992
1628410251.0396 159.1992
1628410251.1401 159.1992
1628410251.2400 159.1992
1628410251.3402 159.1992
1628410251.4404 159.1992
1628410251.5409 159.1992
1628410251.6408 159.1992
1628410251.7410 159.1992
1628410251.8412 159.1992
1628410251.9429 159.1992
1628410252.0416 159.1992
1628410252.1419 160.1133
1628410252.2420 160.1133
1628410252.3423 160.1133
1628410252.4424 160.1133
1628410252.5426 160.1133
1628410252.6428 160.1133
1628410252.7432 160.1133
1628410252.8432 160.1133
1628410252.9445 160.1133
1628410253.0436 160.1133
1628410253.1438 160.3438
1628410253.2440 160.3438
1628410253.3442 160.7031
1628410253.4444 160.7031
1628410253.5452 160.7031
1628410253.6448 160.7031
1628410253.7456 160.7031
1628410253.8452 160.7031
1628410253.9454 160.7031
1628410254.0456 160.7031
1628410254.1458 160.7031
1628410254.2459 160.7031
1628410254.3463 160.7031
1628410254.4463 160.7031
1628410254.5465 160.7031
1628410254.6467 160.7031
1628410254.7472 160.7031
1628410254.8471 160.7031
1628410254.9474 160.7031
1628410255.0475 161.7266
1628410255.1477 161.7266
1628410255.2479 161.7266
1628410255.3501 161.7266
1628410255.4484 161.8750
1628410255.5485 161.8750
1628410255.6487 161.8750
1628410255.7489 161.8750
1628410255.8491 161.8750
1628410255.9497 161.8750
1628410256.0495 161.8750
1628410256.1497 161.8750
1628410256.2499 161.8750
1628410256.3501 161.8750
1628410256.4503 161.8750
1628410256.5505 161.8750
1628410256.6507 161.8750
1628410256.7510 161.8750
1628410256.8511 161.8750
1628410256.9514 161.8750
1628410257.0516 161.8750
1628410257.1517 162.7422
1628410257.2519 162.7422
1628410257.3522 162.7422
1628410257.4523 162.7422
1628410257.5525 162.7422
1628410257.6532 162.7422
1628410257.7540 162.7422
1628410257.8531 162.7422
1628410257.9533 162.7422
1628410258.0535 162.7422
1628410258.1537 162.7422
1628410258.2539 162.7422
1628410258.3541 162.7422
1628410258.4543 162.7422
1628410258.5545 162.7422
1628410258.6547 162.7422
1628410258.7549 162.7422
1628410258.8551 162.7422
1628410258.9552 162.7422
1628410259.0554 162.7422
1628410259.1562 163.7227
1628410259.2559 163.7227
1628410259.3561 163.7266
1628410259.4562 163.7266
1628410259.5564 163.7266
1628410259.6567 163.7266
1628410259.7569 163.7266
1628410259.8570 163.7266
1628410259.9572 163.7266
1628410260.0574 163.7266
1628410260.1577 163.7266
1628410260.2578 163.7266
1628410260.3580 163.7266
1628410260.4582 163.7266
1628410260.5584 163.7266
1628410260.6586 163.7266
1628410260.7589 163.7266
1628410260.8590 163.7266
1628410260.9592 163.7266
1628410261.0594 163.7266
1628410261.1597 163.7266
1628410261.2598 163.7266
1628410261.3600 163.7266
1628410261.4602 163.7266
1628410261.5604 163.7266
1628410261.6606 163.7266
1628410261.7608 163.7266
1628410261.8610 163.7266
1628410261.9612 164.6758
1628410262.0614 164.6758
1628410262.1616 164.6758
1628410262.2618 164.6758
1628410262.3620 164.6758
1628410262.4622 164.6758
1628410262.5624 164.6758
1628410262.6626 164.6758
1628410262.7628 164.7500
1628410262.8630 164.7500
1628410262.9632 164.7500
1628410263.0634 164.7500
1628410263.1636 164.7500
1628410263.2638 164.7500
1628410263.3645 164.7500
1628410263.4642 164.7500
1628410263.5644 164.7500
1628410263.6646 164.7539
1628410263.7648 164.7539
1628410263.8649 164.7539
1628410263.9651 165.0117
1628410264.0654 165.0117
1628410264.1656 165.0117
1628410264.2659 165.0117
1628410264.3659 165.0117
1628410264.4661 165.0781
1628410264.5663 165.0781
1628410264.6665 166.1094
1628410264.7667 166.1094
1628410264.8669 166.1094
1628410264.9671 166.1094
1628410265.0673 166.1094
1628410265.1675 166.1094
1628410265.2726 166.1094
1628410265.3679 166.1094
1628410265.4683 166.1094
1628410265.5683 166.1094
1628410265.6686 166.1094
1628410265.7688 166.1094
1628410265.8691 166.1094
1628410265.9691 166.1094
1628410266.0693 166.1094
1628410266.1695 166.1094
1628410266.2697 166.1094
1628410266.3699 166.1094
1628410266.4701 166.1094
1628410266.5703 166.1094
1628410266.6705 166.1094
1628410266.7707 166.1094
1628410266.8709 166.1094
1628410266.9711 166.1094
1628410267.0713 166.1094
1628410267.1718 166.1094
1628410267.2728 166.1094
1628410267.3719 166.1094
1628410267.4721 166.1094
1628410267.5723 166.1094
1628410267.6726 166.1094
1628410267.7726 166.1094
1628410267.8728 166.1094
1628410267.9731 166.1094
1628410268.0733 166.1094
1628410268.1735 166.1094
1628410268.2736 166.1094
1628410268.3738 166.1094
1628410268.4742 167.2539
1628410268.5742 167.2539
1628410268.6747 167.2539
1628410268.7746 167.2539
1628410268.8749 167.2539
1628410268.9750 167.2539
1628410269.0755 167.2539
1628410269.1756 167.2539
1628410269.2757 167.2539
1628410269.3758 167.2539
1628410269.4763 167.2539
1628410269.5762 167.2539
1628410269.6801 167.2539
1628410269.7766 167.2539
1628410269.8769 167.2539
1628410269.9770 167.2539
1628410270.0772 167.2539
1628410270.1774 167.2539
1628410270.2776 167.2539
1628410270.3781 167.2539
1628410270.4780 167.2539
1628410270.5783 167.2539
1628410270.6786 167.2539
1628410270.7788 167.2539
1628410270.8788 167.2539
1628410270.9790 167.2539
1628410271.0792 167.2539
1628410271.1794 167.2539
1628410271.2796 167.2539
1628410271.3800 167.2539
1628410271.4803 167.2539
1628410271.5802 167.2539
1628410271.6804 167.2539
1628410271.7806 168.1172
1628410271.8808 168.1172
1628410271.9810 168.1172
1628410272.0812 168.1172
1628410272.1814 168.1172
1628410272.2816 168.1172
1628410272.3818 168.1172
1628410272.4820 168.1172
1628410272.5821 168.1172
1628410272.6824 168.1172
1628410272.7825 168.1172
1628410272.8828 168.1172
1628410272.9829 168.1172
1628410273.0832 168.1172
1628410273.1833 168.1172
1628410273.2836 168.1172
1628410273.3838 168.1172
1628410273.4841 168.1172
1628410273.5841 168.1172
1628410273.6843 168.1172
1628410273.7845 168.1172
1628410273.8848 168.1172
1628410273.9849 168.1172
1628410274.0851 168.1172
1628410274.1854 168.1172
1628410274.3824 168.1172
1628410274.3857 168.1172
1628410274.4859 168.1172
1628410274.5861 168.1172
1628410274.6863 168.1172
1628410274.7865 168.1172
1628410274.8867 168.2305
1628410274.9869 168.2305
1628410275.0871 169.2617
1628410275.1873 169.2617
1628410275.2875 169.2617
1628410275.3877 169.2617
1628410275.4879 169.4141
1628410275.5882 169.4141
1628410275.6883 169.4141
1628410275.7885 169.4141
1628410275.8887 169.4141
1628410275.9889 169.4141
1628410276.0891 169.4141
1628410276.1893 169.4141
1628410276.2895 169.4141
1628410276.3897 169.4141
1628410276.4899 169.4141
1628410276.5901 169.4141
1628410276.6903 169.4141
1628410276.7905 169.4141
1628410276.8907 169.4141
1628410276.9909 169.4141
1628410277.0911 169.4141
1628410277.1913 169.4141
1628410277.2915 169.4141
1628410277.3916 169.4141
1628410277.4919 169.4141
1628410277.5921 169.4141
1628410277.6923 169.4141
1628410277.7936 169.4141
1628410277.8926 169.4141
1628410277.9929 169.4141
1628410278.0930 169.4141
1628410278.1933 169.4141
1628410278.2935 169.4141
1628410278.3939 169.4141
1628410278.4939 169.4141
1628410278.5940 169.4141
1628410278.6942 169.4961
1628410278.7967 169.4961
1628410278.8946 169.4961
1628410278.9948 170.4102
1628410279.0950 170.4102
1628410279.1983 170.4102
1628410279.2954 170.4102
1628410279.3959 170.4102
1628410279.4958 170.4102
1628410279.5967 170.5547
1628410279.6962 170.5547
1628410279.7965 170.5547
1628410279.8966 170.5547
1628410279.9968 170.5547
1628410280.0970 170.5547
1628410280.1972 170.5547
1628410280.2974 170.5547
1628410280.3979 170.5547
1628410280.4978 170.5547
1628410280.5980 170.5547
1628410280.6982 170.5547
1628410280.7984 170.5547
1628410280.8986 170.5547
1628410280.9988 170.5547
1628410281.0990 170.5547
1628410281.1993 170.5547
1628410281.2994 170.5547
1628410281.4002 170.5547
1628410281.4998 170.5547
1628410281.5999 170.5547
1628410281.7002 170.5547
1628410281.8004 170.5547
1628410281.9006 170.5547
1628410282.0008 170.5547
1628410282.1010 170.5547
1628410282.2012 170.6367
1628410282.3013 170.6367
1628410282.4019 170.6367
1628410282.5017 170.6367
1628410282.6023 170.6367
1628410282.7021 170.6367
1628410282.8026 170.6367
1628410282.9029 170.8281
1628410283.0029 170.8281
1628410283.1029 170.8281
1628410283.2031 170.8281
1628410283.3035 170.8281
1628410283.4038 170.8281
1628410283.5037 170.8281
1628410283.6039 170.8281
1628410283.7085 171.8594
1628410283.8044 171.8594
1628410283.9045 171.8594
1628410284.0050 171.8594
1628410284.1049 171.8594
1628410284.2051 171.8594
1628410284.3053 171.9961
1628410284.4056 171.9961
1628410284.5057 171.9961
1628410284.6059 171.9961
1628410284.7061 171.9961
1628410284.8063 171.9961
1628410284.9065 171.9961
1628410285.0067 171.9961
1628410285.1069 171.9961
1628410285.2071 171.9961
1628410285.3073 171.9961
1628410285.4076 171.9961
1628410285.5086 171.9961
1628410285.6079 171.9961
1628410285.7081 171.9961
1628410285.8083 171.9961
1628410285.9085 171.9961
1628410286.0090 172.0859
1628410286.1089 172.6016
1628410286.2091 172.6016
1628410286.3093 172.6016
1628410286.4094 172.6016
1628410286.5096 172.6016
1628410286.6165 172.6016
1628410286.7101 172.9141
1628410286.8103 172.9141
1628410286.9105 172.9141
1628410287.0106 172.9141
1628410287.1108 172.9141
1628410287.2111 173.2305
1628410287.3113 173.2305
1628410287.4115 173.2305
1628410287.5116 173.2305
1628410287.6127 173.2305
1628410287.7120 173.2305
1628410287.8124 173.2305
1628410287.9124 173.2305
1628410288.0126 173.2344
1628410288.1128 173.2344
1628410288.2130 173.2344
1628410288.3132 173.2930
1628410288.4134 173.2930
1628410288.5136 173.3477
1628410288.6140 174.1211
1628410288.7149 174.1211
1628410288.8170 174.1211
1628410288.9144 174.1211
1628410289.0148 174.1211
1628410289.1148 174.1211
1628410289.2150 174.3789
1628410289.3152 174.3789
1628410289.4154 174.3789
1628410289.5156 174.3789
1628410289.6162 174.3789
1628410289.7168 174.3789
1628410289.8167 174.3789
1628410289.9164 174.3789
1628410290.0167 174.3789
1628410290.1168 174.3789
1628410290.2179 174.3789
1628410290.3172 174.3789
1628410290.4174 174.3789
1628410290.5176 174.6914
1628410290.6178 174.6914
1628410290.7180 174.6914
1628410290.8190 174.6914
1628410290.9183 174.6914
1628410291.0188 174.6914
1628410291.1187 174.6914
1628410291.2189 174.6914
1628410291.3191 174.6914
1628410291.4200 174.6914
1628410291.5195 174.6914
1628410291.6198 174.6914
1628410291.7199 174.6914
1628410291.8201 174.6914
1628410291.9203 174.6914
1628410292.0205 174.6914
1628410292.1207 174.6914
1628410292.2209 174.6914
1628410292.3212 174.6914
1628410292.4215 174.6914
1628410292.5215 174.6914
1628410292.6245 174.6914
1628410292.7219 175.9805
1628410292.8244 175.9805
1628410292.9223 176.0625
1628410293.0225 176.0625
1628410293.1237 176.0625
1628410293.2229 176.0625
1628410293.3231 176.0625
1628410293.4233 176.0625
1628410293.5235 176.0625
1628410293.6237 176.0625
1628410293.7239 176.0625
1628410293.8241 176.0625
1628410293.9243 176.0625
1628410294.0285 176.0625
1628410294.1247 176.2383
1628410294.2249 176.2383
1628410294.3251 176.2383
1628410294.4253 176.2383
1628410294.5255 176.2383
1628410294.6257 176.2383
1628410294.7259 176.2383
1628410294.8261 176.2383
1628410294.9263 176.2383
1628410295.0265 176.2383
1628410295.1270 176.2383
1628410295.2268 176.2383
1628410295.3271 176.2383
1628410295.4273 176.2383
1628410295.5274 176.2383
1628410295.6276 176.2383
1628410295.7279 176.2383
1628410295.8281 176.2383
1628410295.9282 176.2383
1628410296.0284 176.2383
1628410296.1287 176.2383
1628410296.2288 176.2383
1628410296.3290 176.2383
1628410296.4293 176.2383
1628410296.5294 176.2383
1628410296.6297 176.2383
1628410296.7298 176.2383
1628410296.8300 176.2383
1628410296.9302 176.2383
1628410297.0304 176.2383
1628410297.1306 176.2383
1628410297.2308 176.2383
1628410297.3310 176.2383
1628410297.4314 176.2383
1628410297.5314 176.2383
1628410297.6316 176.2383
1628410297.7318 176.2383
1628410297.8320 176.2383
1628410297.9322 176.2383
1628410298.0324 176.2383
1628410298.1326 176.2383
1628410298.2328 176.2383
1628410298.3330 176.2383
1628410298.4339 176.2383
1628410298.5334 176.2383
1628410298.6336 176.2383
1628410298.7338 176.2383
1628410298.8340 176.2383
1628410298.9344 176.2383
1628410299.0344 176.2383
1628410299.1346 176.2383
1628410299.2348 176.2383
1628410299.3350 176.2383
1628410299.4352 176.2383
1628410299.5354 176.2383
1628410299.6355 176.2383
1628410299.7361 176.2383
1628410299.8360 176.2383
1628410299.9362 176.2383
1628410300.0364 176.2383
1628410300.1366 176.2383
1628410300.2368 176.2383
1628410300.3370 176.2383
1628410300.4373 176.2383
1628410300.5401 176.2383
1628410300.6376 176.2383
1628410300.7378 176.2383
1628410300.8379 176.2383
1628410300.9382 176.2383
1628410301.0384 176.2383
1628410301.1386 176.2383
1628410301.2387 176.2383
1628410301.3389 176.2383
1628410301.4391 176.2383
1628410301.5397 176.2383
1628410301.6395 176.2383
1628410301.7400 176.2383
1628410301.8399 176.2383
1628410301.9401 176.2383
1628410302.0403 176.2383
1628410302.1405 176.2383
1628410302.2407 176.2383
1628410302.3413 176.2383
1628410302.4411 177.1016
1628410302.5413 177.1016
1628410302.6415 177.1016
1628410302.7417 177.1016
1628410302.8419 177.1016
1628410302.9421 177.1016
1628410303.0423 177.2305
1628410303.1425 177.2305
1628410303.2427 177.2305
1628410303.3429 177.2305
1628410303.4431 177.2305
1628410303.5445 177.2305
1628410303.6435 177.2305
1628410303.7437 177.2305
1628410303.8439 177.2305
1628410303.9443 177.2305
1628410304.0443 177.2305
1628410304.1486 177.2305
1628410304.2447 177.2305
1628410304.3449 177.2305
1628410304.4450 177.2305
1628410304.5454 177.2305
1628410304.6455 177.2305
1628410304.7456 177.2305
1628410304.8472 177.2305
1628410304.9461 177.2305
1628410305.0462 177.2305
1628410305.1465 177.2305
1628410305.2466 177.2305
1628410305.3468 177.2305
1628410305.4485 177.2305
1628410305.5473 177.2305
1628410305.6474 177.2305
1628410305.7491 177.2305
1628410305.8478 177.2305
1628410305.9480 177.2305
1628410306.0485 177.2305
1628410306.1484 177.2305
1628410306.2486 177.2305
1628410306.3495 177.2305
1628410306.4490 177.2305
1628410306.5492 177.2305
1628410306.6494 177.2305
1628410306.7501 177.2305
1628410306.8498 177.2305
1628410306.9500 177.3203
1628410307.0502 177.3203
1628410307.1525 177.3203
1628410307.2506 177.3203
1628410307.3508 177.3203
1628410307.4510 177.3203
1628410307.5512 177.3203
1628410307.6514 178.3633
1628410307.7516 178.3633
1628410307.8518 178.3633
1628410307.9520 178.3633
1628410308.0525 178.3633
1628410308.1524 178.3633
1628410308.2526 178.3633
1628410308.3528 178.3633
1628410308.4530 178.3633
1628410308.5532 178.3633
1628410308.6534 178.3633
1628410308.7536 178.3633
1628410308.8538 178.3633
1628410308.9540 178.3633
1628410309.0541 178.3633
1628410309.1544 178.3633
1628410309.2545 178.3633
1628410309.3547 178.3633
1628410309.4549 178.3633
1628410309.5551 178.3633
1628410309.6553 178.3633
1628410309.7556 178.3633
1628410309.8557 178.3633
1628410309.9560 178.3633
1628410310.0561 178.3633
1628410310.1563 179.3555
1628410310.2566 179.3555
1628410310.3567 179.3555
1628410310.4569 179.3555
1628410310.5571 179.3555
1628410310.6573 179.3555
1628410310.7575 179.3555
1628410310.8578 179.3555
1628410310.9579 179.3555
1628410311.0581 179.3555
1628410311.1584 179.3555
1628410311.2585 179.3555
1628410311.3587 179.3555
1628410311.4589 179.3555
1628410311.5591 179.3555
1628410311.6597 179.3555
1628410311.7595 179.3555
1628410311.8597 179.3555
1628410311.9599 179.3555
1628410312.0601 179.3555
1628410312.1604 179.3555
1628410312.2605 179.3555
1628410312.3607 179.3555
1628410312.4609 179.3555
1628410312.5611 179.3555
1628410312.6613 179.3555
1628410312.7615 179.3555
1628410312.8617 179.3555
1628410312.9619 179.3555
1628410313.0621 179.3555
1628410313.1625 179.3555
1628410313.2625 179.3555
1628410313.3627 179.3555
1628410313.4628 179.3555
1628410313.5631 179.3555
1628410313.6633 179.3555
1628410313.7635 179.3555
1628410313.8637 179.3555
1628410313.9639 179.3555
1628410314.0641 179.3555
1628410314.1643 179.3555
1628410314.2644 179.3555
1628410314.3646 179.3555
1628410314.4648 179.3555
1628410314.5650 179.3555
1628410314.6652 179.3555
1628410314.7655 179.3555
1628410314.8656 179.3555
1628410314.9658 179.3555
1628410315.0660 179.3555
1628410315.1669 179.3555
1628410315.2664 179.3555
1628410315.3666 179.3555
1628410315.4668 179.3555
1628410315.5670 179.3555
1628410315.6672 179.3555
1628410315.7674 179.3555
1628410315.8676 179.3555
1628410315.9678 179.3555
1628410316.0680 179.3555
1628410316.1682 179.6914
1628410316.2684 179.6914
1628410316.3686 179.6914
1628410316.4690 179.6914
1628410316.5711 179.6914
1628410316.6697 179.6914
1628410316.7694 179.6914
1628410316.8700 179.6914
1628410316.9698 179.6914
1628410317.0702 179.6914
1628410317.1702 179.6914
1628410317.2708 179.6914
1628410317.3706 179.6914
1628410317.4708 179.6914
1628410317.5710 179.6914
1628410317.6712 179.6914
1628410317.7714 180.9805
1628410317.8717 180.9805
1628410317.9718 180.9805
1628410318.0722 180.9805
1628410318.1722 180.9805
1628410318.2743 180.9805
1628410318.3731 180.9805
1628410318.4732 180.9805
1628410318.5730 180.9805
1628410318.6733 180.9805
1628410318.7734 180.9805
1628410318.8737 180.9805
1628410318.9738 180.9805
1628410319.0741 180.9805
1628410319.1741 180.9805
1628410319.2743 180.9805
1628410319.3747 180.9805
1628410319.4748 180.9805
1628410319.5750 180.9805
1628410319.6751 180.9805
1628410319.7754 180.9805
1628410319.8757 180.9805
1628410319.9757 180.9805
1628410320.0765 180.9805
1628410320.1761 180.9805
1628410320.2763 180.9805
1628410320.3765 180.9805
1628410320.4768 180.9805
1628410320.5770 180.9805
1628410320.6771 180.9805
1628410320.7773 180.9805
1628410320.8775 180.9805
1628410320.9790 180.9805
1628410321.0779 180.9805
1628410321.1781 180.9805
1628410321.2783 180.9805
1628410321.3786 180.9805
1628410321.4787 180.9805
1628410321.5789 180.9805
1628410321.6791 180.9805
1628410321.7794 180.9805
1628410321.8795 180.9805
1628410321.9797 180.9805
1628410322.0799 180.9805
