1628410193.726418 1.745918 0.000000 0.000000 0.000000 0.000000 0.000000
1628410193.826626 1.803645 1.646494 4.907528 5.893545 0.755359 15.006571
1628410193.926821 2.009701 1.579927 6.587363 5.588060 0.713350 16.478401
1628410194.027018 1.977928 1.634219 7.406280 6.035612 0.750883 17.804922
1628410194.127209 1.881268 1.547057 7.710967 4.902420 0.752009 16.793721
1628410194.228497 1.812759 1.458951 3.998237 4.993872 0.491294 12.755113
1628410194.328046 1.762379 1.535999 7.370692 6.293493 0.713281 17.675844
1628410194.427975 1.864815 1.526326 7.650923 5.154137 0.697212 16.893413
1628410194.528000 1.596230 1.370034 4.665754 5.135663 0.635384 13.403065
1628410194.628224 1.772474 1.448756 7.635748 5.478618 0.661285 16.996881
1628410194.728398 1.769725 1.495019 4.750744 5.268330 0.703725 13.987543
1628410194.828605 1.923529 1.637867 8.263606 7.552645 0.734147 20.111794
1628410194.928832 2.305137 1.634863 7.947753 6.109143 0.746243 18.743139
1628410195.028997 1.840159 1.608663 8.151219 7.412329 0.748309 19.760679
1628410195.129192 1.780890 1.536742 4.470932 5.889068 0.690751 14.368383
1628410195.229386 2.202682 1.585139 6.268245 6.254558 0.728613 17.039237
1628410195.329588 1.764731 1.481702 7.816167 7.512799 0.690457 19.265856
1628410195.429883 1.866739 1.508291 7.888036 6.721939 0.685620 18.670625
1628410195.529991 1.647282 1.430925 8.104034 7.032315 0.667716 18.882272
1628410195.630197 1.875983 1.597384 8.370168 7.157907 0.700007 19.701449
1628410195.730376 2.076320 1.456757 7.915380 6.631541 0.629890 18.709888
1628410195.830575 1.887589 1.604682 8.538417 7.828620 0.721914 20.581222
1628410195.930787 1.477023 1.543342 8.287810 6.564148 0.670728 18.543051
1628410196.030968 2.058583 1.597724 9.492565 8.401184 0.730753 22.280809
1628410196.131826 2.017375 1.590854 8.237135 6.996134 0.711470 19.552968
1628410196.231374 1.859444 1.549946 8.241749 8.500981 0.693326 20.845446
1628410196.331573 2.005370 1.667865 5.314451 6.029557 0.721084 15.738327
1628410196.431783 1.851751 1.472276 8.513831 8.615801 0.644474 21.098133
1628410196.531964 1.490100 1.248835 5.700625 6.054450 0.572364 15.066374
1628410196.632192 1.857285 1.577670 8.711854 8.429348 0.687826 21.263983
1628410196.732381 1.890093 1.656577 8.696532 6.848243 0.697687 19.789132
1628410196.832575 1.957754 1.628781 8.464579 6.340251 0.674376 19.065741
1628410196.932766 1.263167 0.664725 8.624936 7.264617 0.584527 18.401972
1628410197.032972 1.557443 1.340447 8.637921 8.591054 0.597630 20.724495
1628410197.133449 1.966037 1.640889 9.382240 7.079684 0.703669 20.772519
1628410197.233362 1.790413 1.465114 9.008338 7.369409 0.645610 20.278884
1628410197.333604 1.937899 1.586772 5.508263 7.405679 0.696733 17.135346
1628410197.433786 2.010667 1.578281 9.294744 8.056910 0.682397 21.622999
1628410197.533965 2.012691 1.637835 10.362552 8.966412 0.695646 23.675136
1628410197.634147 1.905486 1.525354 9.553227 8.267174 0.682784 21.934025
1628410197.734405 2.000283 1.633202 9.167990 7.293266 0.697828 20.792569
1628410197.834530 2.023562 1.628045 9.835390 8.903291 0.705019 23.095307
1628410197.934883 1.822958 1.459303 9.842948 7.395334 0.679806 21.200349
1628410198.034945 1.605156 1.477356 10.776154 8.282764 0.692861 22.834291
1628410198.136536 1.799175 1.460825 9.740128 9.089872 0.691786 22.781786
1628410198.235372 1.782298 1.491707 9.356538 7.929106 0.684215 21.243864
1628410198.335530 1.864051 1.514139 10.041414 8.663663 0.707070 22.790337
1628410198.435732 1.941425 1.563281 9.757142 9.165163 0.709956 23.136967
1628410198.536181 1.831504 1.520416 8.672183 7.141887 0.688387 19.854377
1628410198.636216 1.826940 1.530133 9.437729 7.951462 0.707333 21.453597
1628410198.736377 1.857873 1.552296 9.380121 8.433233 0.704663 21.928186
1628410198.836525 1.806842 1.461694 8.844909 7.633496 0.659067 20.406008
1628410198.936740 1.799090 1.507764 9.014250 6.781864 0.677775 19.780743
1628410199.036924 1.960874 1.646792 5.963948 8.011966 0.801192 18.384772
1628410199.137102 1.922789 1.562057 9.958577 8.059919 0.737875 22.241217
1628410199.237338 1.818261 1.470206 9.967816 7.567918 0.683430 21.507631
1628410199.337517 2.021445 1.701195 9.736817 8.269796 0.787148 22.516401
1628410199.437710 1.791227 1.446649 10.368863 7.341183 0.679813 21.627735
1628410199.537920 1.971639 1.649198 10.175534 8.220075 0.774014 22.790460
1628410199.638113 1.714034 1.425208 9.362909 7.255195 0.670554 20.427900
1628410199.738301 1.893115 1.525494 10.371333 7.096934 0.723128 21.610004
1628410199.838549 2.370662 1.286574 9.756111 8.041715 0.342287 21.797349
1628410199.938717 1.599831 1.344599 11.292116 7.520840 0.657490 22.414876
1628410200.038906 1.822256 1.489532 9.569695 9.288134 0.665431 22.835048
1628410200.139097 1.854629 1.524822 10.428113 7.209149 0.725178 21.741891
1628410200.239304 1.799617 1.474763 9.603701 7.166655 0.683673 20.728409
1628410200.339524 1.824920 1.498808 9.930132 8.045378 0.689255 21.988493
1628410200.439734 1.938556 1.642394 9.851827 6.343886 0.708314 20.484977
1628410200.539885 1.935972 1.587597 10.325074 8.328499 0.708339 22.885481
1628410200.640097 1.729737 1.482188 9.435120 6.811229 0.653008 20.111282
1628410200.740292 1.884168 1.550616 10.370785 6.847800 0.702938 21.356307
1628410200.840511 1.845065 0.678590 10.173405 6.479417 0.365549 19.542026
1628410200.940873 1.838782 1.497455 6.486297 6.838503 0.679707 17.340744
1628410201.040920 1.941817 1.510215 5.786781 6.399810 0.489348 16.127971
1628410201.144580 1.625221 1.330231 10.178880 7.091712 0.635079 20.861123
1628410201.241272 2.009809 1.741649 9.926736 6.330796 0.768775 20.777765
1628410201.341479 1.962991 1.667977 10.671052 6.301952 0.755188 21.359160
1628410201.441655 1.700103 1.433143 9.446758 7.517935 0.649727 20.747666
1628410201.541860 1.888931 1.512627 11.221772 7.750885 0.672338 23.046553
1628410201.642105 1.874785 1.584940 9.715966 6.315672 0.707102 20.198465
1628410201.742270 1.921602 1.539066 10.266400 7.841341 0.652742 22.221151
1628410201.842477 1.819313 1.548267 10.424753 6.950082 0.708049 21.450464
1628410201.942662 1.922173 1.530981 10.442818 6.629421 0.715936 21.241329
1628410202.042853 1.716327 1.442851 10.703909 7.163404 0.654690 21.681181
1628410202.143055 2.034597 1.576007 11.803893 6.456668 0.705809 22.576974
1628410202.243276 1.692949 1.461304 6.381435 7.407183 0.631895 17.574766
1628410202.343446 1.822185 1.592223 10.831380 5.918935 0.684787 20.849510
1628410202.443690 2.002554 1.386522 10.169891 5.692190 0.614013 19.865170
1628410202.543839 1.909681 1.551510 10.138711 6.361909 0.683231 20.645042
1628410202.644051 2.028602 1.596148 6.040653 5.148207 0.719338 15.532948
1628410202.744242 1.822513 1.491323 10.734865 6.429756 0.672595 21.151052
1628410202.844829 1.962755 1.603548 10.511375 4.926305 0.730628 19.734611
1628410202.944656 1.871694 1.491164 9.712807 5.903279 0.629618 19.608562
1628410203.044848 1.718792 1.461236 10.108571 6.394038 0.668600 20.351237
1628410203.145058 1.745121 1.438490 9.999139 6.185526 0.659145 20.027421
1628410203.245252 1.822439 1.567822 10.108284 6.188140 0.726765 20.413450
1628410203.345435 1.679873 1.696352 10.269917 5.487774 0.841828 19.975744
1628410203.445634 1.551530 1.325282 9.820655 5.456561 0.741654 18.895682
1628410203.545819 1.786210 1.553645 10.658833 6.213375 0.710163 20.922226
1628410203.646066 1.714203 1.475729 6.340814 5.502886 0.668201 15.701833
1628410203.746231 1.698809 1.419932 10.364901 5.860695 0.683282 20.027619
1628410203.846406 1.916994 1.618916 10.374524 5.437730 0.700808 20.048972
1628410203.946620 1.789589 1.424900 10.120650 5.381865 0.658461 19.375465
1628410204.046824 1.380462 1.247938 7.462037 5.630213 0.589030 16.309680
1628410204.147072 1.863301 1.593397 11.269539 5.014804 0.756652 20.497693
1628410204.248509 1.738228 1.426846 10.338903 4.088956 0.624675 18.217608
1628410204.347457 1.751060 1.436547 9.714891 6.141013 0.639173 19.682684
1628410204.447614 1.726341 1.371759 9.670571 4.257545 0.632083 17.658299
1628410204.548228 1.808219 1.509563 6.246223 4.756217 0.669509 14.989731
1628410204.648005 1.946081 1.637949 6.253956 4.567686 0.695520 15.101192
1628410204.749134 1.913969 1.561565 10.012445 5.266188 0.687901 19.442068
1628410204.848413 1.922695 1.520080 9.750813 4.576980 0.674089 18.444657
1628410204.948607 2.095280 1.648549 6.258102 4.895216 0.721829 15.618976
1628410205.048785 1.816542 1.474223 6.653461 4.150423 0.658463 14.753112
1628410205.148990 1.978149 1.619369 10.722884 5.661935 0.713098 20.695435
1628410205.249191 1.688360 1.390001 9.748548 4.483362 0.640363 17.950634
1628410205.349390 1.965437 1.517998 11.651567 5.308779 0.682053 21.125834
1628410205.449584 1.976075 1.642501 6.464670 4.792671 0.720203 15.596120
1628410205.549797 1.830561 1.452442 7.921684 4.044489 0.651336 15.900512
1628410205.649994 1.770855 1.424450 6.514402 4.735423 0.617280 15.062410
1628410205.752531 1.861823 1.549527 9.889325 4.606961 0.678574 18.586210
1628410205.850391 1.809643 1.462509 9.912753 4.430391 0.638417 18.253713
1628410205.950561 2.003955 1.602687 9.931409 4.085075 0.687115 18.310241
1628410206.050758 1.864599 1.451163 7.450620 5.097535 0.626392 16.490309
1628410206.150971 2.082035 1.612752 7.298996 4.943203 0.683173 16.620159
1628410206.251170 1.884990 1.329227 7.934380 4.500027 0.557700 16.206324
1628410206.351406 1.800722 1.439861 10.235090 4.661861 0.606744 18.744278
1628410206.451726 1.867195 1.510734 9.193717 3.953740 0.620513 17.145899
1628410206.551763 1.920822 1.551369 10.261606 4.288600 0.644391 18.666788
1628410206.652067 1.814189 1.379547 6.484927 3.665558 0.585036 13.929257
1628410206.752510 1.956420 1.499516 5.775444 3.315757 0.616735 13.163872
1628410206.852370 2.009701 1.502894 8.466827 3.251590 0.628990 15.860002
1628410206.952548 1.885987 1.453706 9.985099 4.091666 0.633798 18.050256
1628410207.052749 1.858072 1.443088 5.821231 4.530383 0.343872 13.996646
1628410207.152941 1.658811 1.277055 9.750167 4.115284 0.533141 17.334458
1628410207.253142 1.913582 1.516458 9.591333 3.816855 0.623585 17.461813
1628410207.353347 1.949741 1.562908 10.473733 3.904195 0.663203 18.553780
1628410207.453672 1.636344 1.402514 9.553176 3.385593 0.571150 16.548777
1628410207.553733 1.829035 1.522923 9.805599 4.028195 0.646398 17.832150
1628410207.653923 1.761114 1.478401 9.127177 3.329495 0.627258 16.323445
1628410207.754123 1.946835 1.571781 8.899540 3.998076 0.662278 17.078510
1628410207.855288 2.056585 1.594203 9.579766 3.618046 0.690008 17.538608
1628410207.954743 1.762968 1.439884 9.738715 2.892757 0.644872 16.479196
1628410208.054887 2.019337 1.377982 10.905977 5.481029 0.790751 20.575076
1628410208.154932 2.046700 1.594694 8.497381 4.908726 0.327358 17.374859
1628410208.255113 1.733649 1.489898 9.700719 3.325245 0.663643 16.913154
1628410208.355343 1.931771 1.539645 9.676243 3.402319 0.643670 17.193648
1628410208.455748 1.734242 1.441207 5.782081 3.669367 0.563201 13.190098
1628410208.555704 1.886214 1.496073 10.031552 4.532021 0.630592 18.576452
1628410208.656058 1.730981 1.455974 9.189028 4.044383 0.657238 17.077604
1628410208.756103 1.739978 1.485971 9.883096 3.775103 0.664446 17.548594
1628410208.856422 2.182308 1.681297 9.412154 3.685307 0.753388 17.714454
1628410208.956674 2.053972 1.533703 10.057236 3.608970 0.664598 17.918479
1628410209.057906 1.755938 1.453469 10.014440 3.559805 0.637035 17.420687
1628410209.156918 1.675203 1.321529 10.465021 5.361921 0.637190 19.460864
1628410209.260411 1.894379 1.585239 5.467606 3.197307 0.659791 12.804322
1628410209.357293 1.845202 1.517711 7.693867 4.330523 0.666502 16.053805
1628410209.457498 1.744287 1.493598 5.707194 4.285687 0.678010 13.908776
1628410209.558069 1.797130 1.454003 9.893138 3.301047 0.667567 17.112885
1628410209.658560 2.039875 1.568362 9.192157 3.861269 0.677049 17.338712
1628410209.758104 1.797517 1.485778 9.757493 3.308556 0.670864 17.020208
1628410209.858409 1.906378 1.474507 9.019807 3.456521 0.629880 16.487093
1628410209.958494 1.605703 1.331449 10.910967 6.150929 0.596613 20.595661
1628410210.060369 1.890550 1.517290 9.475436 3.097639 0.633021 16.613936
1628410210.158919 2.364127 1.586683 11.898406 5.306649 0.888377 22.044242
1628410210.259093 1.912450 1.617449 10.235204 3.924273 0.697534 18.386910
1628410210.359267 1.800783 1.572605 7.036369 4.712947 0.687956 15.810660
1628410210.459468 1.672389 1.398401 10.076327 3.921776 0.611028 17.679921
1628410210.559678 1.404697 1.310130 8.256390 4.217852 0.395864 15.584933
1628410210.661090 1.804237 1.537150 10.461743 3.109502 0.696808 17.609440
1628410210.760085 2.020492 1.415745 8.544152 5.001183 0.564686 17.546258
1628410210.870839 1.715088 1.452843 10.211203 3.624788 0.763822 17.767744
1628410210.960663 2.152950 1.429849 12.297751 5.831803 0.636557 22.348910
1628410211.060658 1.431519 1.354274 9.628605 4.441103 0.622399 17.477900
1628410211.160882 1.309021 1.198664 7.941178 3.177373 0.574715 14.200951
1628410211.261054 1.821690 1.519435 6.731216 3.435768 0.702111 14.210220
1628410211.361280 1.887862 1.622182 10.235543 3.645085 0.693701 18.084373
1628410211.461479 1.812982 1.450899 9.770406 3.474101 0.671080 17.179468
1628410211.561673 2.180301 0.842608 8.183783 4.412418 0.496010 16.115120
1628410211.662523 1.947911 1.630274 7.158301 3.112455 0.742897 14.591838
1628410211.762051 2.137406 1.404780 9.960436 3.658426 0.805955 17.967003
1628410211.862254 1.798319 1.505148 10.312951 3.392878 0.668014 17.677310
1628410211.962443 1.692190 1.457576 10.175481 3.662500 0.677014 17.664761
1628410212.063037 1.872890 1.589702 6.456892 3.474742 0.686662 14.080888
1628410212.162849 1.492126 1.436968 12.188607 3.844939 0.713046 19.675686
1628410212.263052 1.904214 1.544477 9.476815 4.122374 0.672208 17.720088
1628410212.363230 1.763533 1.581897 11.369349 3.479213 0.695120 18.889112
1628410212.463751 1.844887 1.461531 10.296269 3.636741 0.653397 17.892825
1628410212.563648 2.069855 1.610807 10.766420 3.953999 0.703617 19.104698
1628410212.664197 1.929594 1.527630 6.817859 3.242460 0.758056 14.275599
1628410212.764033 1.833869 1.541884 9.584700 3.362708 0.667552 16.990713
1628410212.864223 2.111150 1.580874 11.371303 4.711594 0.729603 20.504524
1628410212.964455 2.039490 1.715823 10.461931 3.283723 0.752111 18.253078
1628410213.064657 2.041569 1.644633 9.764667 3.925087 0.711578 18.087534
1628410213.164834 1.763116 1.450805 10.035450 3.030126 0.669199 16.948696
1628410213.265049 1.866527 1.549442 9.615142 3.320178 0.699160 17.050449
1628410213.365496 1.496594 1.250868 7.662428 3.200024 0.671211 14.281125
1628410213.465472 1.901370 1.563377 6.038307 3.404169 0.695934 13.603157
1628410213.565603 1.613928 1.393489 10.268220 3.131663 0.640015 17.047315
1628410213.665803 1.802159 1.549030 10.628274 3.369598 0.695643 18.044704
1628410213.766047 1.793817 1.492901 10.206704 3.382418 0.680734 17.556574
1628410213.866203 1.996642 1.556543 10.996831 3.344345 0.660292 18.554653
1628410213.966406 1.712426 1.401082 9.868327 4.402387 0.601334 17.985556
1628410214.066607 1.831833 1.565082 10.295794 3.812602 0.652597 18.157908
1628410214.166803 1.907408 1.544116 7.947860 3.198529 0.669799 15.267712
1628410214.267035 1.919461 1.588294 11.628136 3.646349 0.657055 19.439295
1628410214.367204 1.870415 1.553911 9.576916 2.707770 0.661868 16.370880
1628410214.467879 1.858063 1.531951 8.893733 2.733185 0.678482 15.695414
1628410214.567621 1.846134 1.491097 9.833137 2.640520 0.632948 16.443836
1628410214.667789 1.743650 1.513590 5.772207 2.813187 0.334935 12.177569
1628410214.767999 1.843260 1.486648 9.382335 2.587116 0.599398 15.898757
1628410214.868185 1.834455 1.529683 9.721011 2.561547 0.665231 16.311927
1628410214.968373 1.787160 1.530742 9.394916 2.361294 0.634026 15.708138
1628410215.068675 2.069435 1.336288 6.849012 3.416700 0.725100 14.396535
1628410215.168771 1.587535 1.322632 9.083330 2.275560 0.703509 14.972566
1628410215.269169 1.681333 1.347184 9.702465 2.771845 0.536078 16.038905
1628410215.369221 1.606008 1.344337 9.374632 2.757219 0.536863 15.619059
1628410215.469614 1.837552 1.525834 9.126572 2.433996 0.609131 15.533085
1628410215.569583 1.936612 1.422739 9.704400 2.545008 0.571852 16.180611
1628410215.669879 1.807145 1.400840 5.292501 2.908164 0.567422 11.976072
1628410215.769965 1.942186 1.462840 10.066127 3.458044 0.626626 17.555823
1628410215.870199 2.004313 1.581394 9.774391 3.061820 0.637477 17.059395
1628410215.970410 1.831859 1.446932 5.777250 3.129370 0.442531 12.627942
1628410216.070583 2.068650 1.679513 9.785614 2.000783 0.712115 16.246675
1628410216.170781 1.585686 1.355561 10.969237 3.492477 0.589267 17.992228
1628410216.270947 2.218670 1.269705 7.682132 2.591370 0.510523 14.272400
1628410216.371152 1.645955 1.423444 6.114278 2.228279 0.596608 12.008564
1628410216.471358 2.035731 1.724519 9.635355 2.794312 0.724809 16.914726
1628410216.571552 2.292612 1.497441 10.253406 2.139136 0.621148 16.803743
1628410216.671808 1.778458 1.398543 5.672945 2.453210 0.568732 11.871888
1628410216.771937 1.858956 1.514749 8.689776 2.338886 0.617221 15.019588
1628410216.872158 1.853271 1.534018 9.813868 2.363128 0.681870 16.246155
1628410216.972381 1.873170 1.575820 9.025610 2.600335 0.681842 15.756777
1628410217.072642 1.544561 1.335338 9.217302 2.694733 0.552566 15.344500
1628410217.172733 1.920489 1.561231 9.732333 2.769541 0.655929 16.639523
1628410217.272935 1.823614 1.551363 8.892064 2.110676 0.652953 15.030670
1628410217.373156 1.951141 1.607210 10.435852 3.004837 0.685471 17.684511
1628410217.473331 1.739307 1.442319 9.680099 2.917602 0.615812 16.395139
1628410217.573542 2.026889 1.508455 10.293715 2.943274 0.642141 17.414474
1628410217.674268 1.877675 1.600070 9.658814 2.133253 0.672576 15.942388
1628410217.773929 1.957794 1.516495 10.470212 2.779903 0.631585 17.355989
1628410217.874174 1.663050 1.379011 9.772166 2.487638 0.593057 15.894922
1628410217.974316 1.780016 1.485089 9.038330 2.644522 0.625022 15.572979
1628410218.074514 1.881859 1.531904 6.439576 2.520314 0.654619 13.028272
1628410218.174716 1.767419 1.428399 9.237126 2.294503 0.596386 15.323833
1628410218.274935 1.900303 1.269147 8.643205 4.325638 0.445666 16.583959
1628410218.376261 1.729066 1.338669 5.660319 2.354437 0.584214 11.666705
1628410218.475302 1.744812 1.320213 9.470378 1.923300 0.689440 15.148143
1628410218.575751 1.836759 1.544324 9.783972 2.906997 0.637669 16.709721
1628410218.675699 1.924447 1.545347 8.940857 2.244757 0.674618 15.330026
1628410218.778840 1.737938 1.499620 5.927967 2.187583 0.643941 11.997049
1628410218.876092 2.012513 1.547440 10.242879 2.824408 0.630691 17.257931
1628410218.980500 1.805060 1.483335 9.538307 2.751472 0.599924 16.178098
1628410219.076504 1.788969 1.457881 9.146791 2.437891 0.604083 15.435615
1628410219.176802 1.606071 1.357301 6.083875 2.092954 0.548282 11.688483
1628410219.276944 2.004898 1.308987 7.344217 2.511675 0.726352 13.896129
1628410219.377424 1.707400 1.305033 9.776972 4.557259 0.542462 17.889126
1628410219.477288 1.888395 1.558998 9.387105 2.616406 0.624852 16.075756
1628410219.577482 2.010325 1.633915 9.927404 3.055385 0.660009 17.287038
1628410219.677677 2.161703 0.670157 8.908614 2.721286 0.515595 14.977355
1628410219.777981 1.844189 1.494397 10.470956 4.755458 0.609402 19.174402
1628410219.878085 2.041723 1.616464 10.716078 3.180527 0.664412 18.219204
1628410219.982103 1.727751 1.455883 5.458917 2.840803 0.612809 12.096163
1628410220.078491 1.969008 1.655508 10.186932 3.047069 0.644558 17.503075
1628410220.178678 1.607013 1.385633 9.581291 2.681331 0.578316 15.833584
1628410220.279067 1.905275 1.480178 9.265208 2.453540 0.591544 15.695745
1628410220.379169 1.913515 1.515690 10.018193 2.326871 0.697059 16.471328
1628410220.479279 1.695963 1.430186 8.891331 2.464090 0.579344 15.060914
1628410220.579454 1.793005 1.507403 9.753884 2.170928 0.608924 15.834144
1628410220.679659 1.798875 1.413487 6.122830 2.672988 0.604087 12.612267
1628410220.779864 2.014940 1.656206 9.582759 3.014315 0.657142 16.925362
1628410220.880045 1.668074 1.422932 9.922716 3.185428 0.562903 16.762053
1628410220.980854 1.956599 1.574577 9.669368 2.985914 0.622543 16.809001
1628410221.080463 1.775751 1.464330 9.293526 2.221573 0.595143 15.350323
1628410221.181551 1.736365 1.408151 9.360652 2.615022 0.570556 15.690746
1628410221.280897 1.403199 1.127180 5.469444 2.696575 0.312570 11.008968
1628410221.381071 1.975714 1.682698 9.762867 2.499655 0.673472 16.594406
1628410221.481259 1.802842 1.420099 10.036027 2.850218 0.612270 16.721456
1628410221.581741 1.768835 1.447246 5.878412 2.138951 0.644471 11.877915
1628410221.681633 1.984013 1.693424 10.699245 2.599347 0.726739 17.702768
1628410221.781913 1.731880 1.338463 7.466479 2.627425 0.551829 13.716076
1628410221.882045 1.569837 1.329946 6.563339 2.468516 0.553323 12.484961
1628410221.984217 1.716079 1.407993 9.385823 1.897942 0.570863 14.978700
1628410222.082421 1.790232 1.457256 5.583236 2.779410 0.614198 12.224332
1628410222.182638 1.642567 1.416074 10.288472 3.365279 0.668425 17.380817
1628410222.282876 1.983871 1.605097 9.938722 2.663820 0.656211 16.847721
1628410222.383033 1.975636 1.626559 6.211714 1.932713 0.646140 12.392762
1628410222.579715 3.337664 1.793473 9.131606 1.854049 0.680941 16.797733
1628410222.583421 0.000100 0.659376 5.489462 1.967825 0.276823 8.393586
1628410222.683648 1.657092 1.388518 9.323733 2.463475 0.573176 15.405994
1628410222.783812 1.835415 1.456869 9.538812 1.692051 0.602944 15.126091
1628410222.884004 1.287928 1.298906 11.296059 2.511918 0.535841 16.930652
1628410222.984225 2.393810 1.577543 8.073520 1.940107 0.440671 14.425651
1628410223.084414 1.781067 1.380649 10.701014 1.930299 0.574557 16.367586
1628410223.184644 1.929314 1.515580 12.803658 3.475745 0.618633 20.342930
1628410223.284821 1.876661 1.615405 9.848421 2.395483 0.654118 16.390088
1628410223.385041 1.600921 1.376712 5.712957 2.350538 0.567297 11.608425
1628410223.485194 1.952937 1.624524 10.139276 2.416455 0.765515 16.898707
1628410223.585399 1.310726 1.220355 9.536984 2.207118 0.560788 14.835971
1628410223.685598 1.989705 1.692631 9.269572 1.910214 0.660806 15.522928
1628410223.785810 2.038431 1.661793 9.520760 2.095575 0.681334 15.997893
1628410223.886017 1.912669 1.631317 6.456208 2.280107 0.703554 12.983855
1628410223.986182 1.910679 1.588060 10.011832 3.048036 0.679998 17.238605
1628410224.086556 1.881029 1.672014 9.964954 2.092708 0.690046 16.300751
1628410224.186581 1.779083 1.442612 7.020809 2.296268 0.581383 13.120155
1628410224.286817 2.021268 1.585126 10.724250 2.639601 0.674389 17.644634
1628410224.386999 1.784528 1.511022 10.641363 2.401281 0.620973 16.959167
1628410224.487172 2.007239 1.633246 11.753033 3.604499 0.677433 19.675450
1628410224.587373 1.921859 1.288237 6.877832 3.911106 0.596401 14.595435
1628410224.687567 1.604802 1.397769 7.224412 1.861640 0.578285 12.666908
1628410224.787779 1.329054 1.260067 9.979994 2.674674 0.548848 15.792637
1628410224.888128 1.674896 1.417838 9.943411 2.844940 0.582903 16.463988
1628410224.988194 1.848155 1.443247 8.041920 2.177327 0.633909 14.144558
1628410225.088516 1.860441 1.544509 9.802329 2.133387 0.638299 15.978965
1628410225.188586 1.824920 1.543640 9.994843 2.461730 0.672593 16.497726
1628410225.288758 1.852935 1.473058 9.277078 1.728094 0.641670 14.972835
1628410225.388969 1.934437 1.497197 10.167989 2.691045 0.636303 16.926971
1628410225.489154 1.729175 1.400454 9.554075 2.221050 0.590042 15.494796
1628410225.589351 2.109076 1.753667 9.307274 2.293924 0.659128 16.123069
1628410225.689557 0.818625 0.686984 5.692899 2.295510 0.302444 9.796462
1628410225.789829 1.765138 0.656089 11.444045 3.230309 0.304469 17.400050
1628410225.889955 1.716393 1.451369 9.680742 1.759539 0.570992 15.179035
1628410225.990168 1.879335 1.537957 9.539447 1.778734 0.611874 15.347347
1628410226.090338 1.934881 1.552134 5.904081 2.237034 0.628070 12.256200
1628410226.190537 1.783693 1.455123 9.944378 1.525973 0.595039 15.304206
1628410226.290735 1.756216 1.504804 9.918604 2.494971 0.638282 16.312877
1628410226.390938 1.312297 1.197183 9.985184 2.088529 0.516301 15.099494
1628410226.491130 2.151928 0.839159 8.530124 1.871445 0.323918 13.716574
1628410226.591337 1.796927 1.544967 10.003549 2.144440 0.620008 16.109891
1628410226.691528 1.888598 1.487372 9.256624 1.639477 0.619964 14.892035
1628410226.791759 1.776364 1.440300 9.802259 2.023403 0.582784 15.625110
1628410226.894283 1.671918 1.444108 5.691306 1.509997 0.581323 10.898652
1628410226.992164 1.899709 1.463107 9.514523 1.571591 0.608636 15.057566
1628410227.092316 1.704159 1.323507 9.315625 1.275274 0.545350 14.163915
1628410227.192521 1.988935 1.523155 10.049350 1.515450 0.634270 15.711160
1628410227.293046 1.727288 1.408224 6.090950 1.385962 0.617748 11.230172
1628410227.392928 0.735054 0.636108 5.553931 1.692001 0.273126 8.890220
1628410227.493129 1.875436 1.435005 9.799662 1.397225 0.569054 15.076382
1628410227.593305 1.892161 1.513709 6.026574 1.520655 0.600698 11.553797
1628410227.693597 2.037988 1.616606 10.948114 2.085741 0.664234 17.352683
1628410227.793714 1.726857 1.352219 9.578204 2.367929 0.568365 15.593574
1628410227.894099 2.058482 1.513501 10.095079 1.778587 0.590266 16.035915
1628410227.995100 2.000033 1.534592 9.544053 2.205713 0.646699 15.931090
1628410228.094307 1.925561 1.519672 9.545015 1.845719 0.594754 15.430721
1628410228.194544 2.090773 1.500754 5.698279 1.452569 0.619805 11.362180
1628410228.294693 2.015658 1.434375 10.531244 2.829304 0.773679 17.584260
1628410228.395540 2.122076 1.604594 9.920880 2.906387 0.629057 17.182994
1628410228.495105 1.803690 1.454038 10.026693 2.227486 0.593733 16.105640
1628410228.595299 1.867795 1.451428 9.886455 2.002370 0.585629 15.793677
1628410228.695491 1.774466 1.499277 9.462443 2.242097 0.610693 15.588976
1628410228.795703 1.636941 1.368708 9.972361 2.868867 0.573854 16.420731
1628410228.896041 1.743939 1.465010 9.351287 2.116299 0.599931 15.276466
1628410228.996112 1.692203 1.462497 10.080742 2.370102 0.615096 16.220640
1628410229.096456 1.732209 1.456737 5.549146 2.006056 0.593264 11.337412
1628410229.196524 1.852285 1.477255 9.963534 2.445443 0.629433 16.367950
1628410229.296778 1.803054 1.462216 6.160068 1.474689 0.574999 11.475026
1628410229.396891 1.566531 1.310644 7.030575 1.729809 0.535543 12.173102
1628410229.497086 1.740661 1.410183 9.947527 1.999565 0.563280 15.661216
1628410229.597303 1.879649 1.451463 9.833726 2.636909 0.583461 16.385208
1628410229.697473 1.739843 1.454824 9.491877 1.929826 0.580460 15.196830
1628410229.797689 1.706451 1.435860 6.425740 1.526563 0.578504 11.673118
1628410229.898015 0.876272 1.153335 8.615188 1.713388 0.577716 12.935899
1628410229.998089 1.774406 1.472891 9.430144 1.688534 0.598575 14.964550
1628410230.098328 1.840598 1.452660 9.362703 2.333846 0.570621 15.560428
1628410230.198474 1.778060 1.402199 9.526343 1.474247 0.579183 14.760032
1628410230.298674 1.894204 1.526245 10.820604 2.424423 0.600176 17.265652
1628410230.398880 1.757546 1.437779 9.365717 2.218937 0.577363 15.357342
1628410230.499055 1.921775 1.499359 10.254734 1.957937 0.604741 16.238546
1628410230.599275 1.746436 1.454935 9.304831 1.416498 0.602656 14.525356
1628410230.699457 1.900944 1.520043 9.825631 2.353351 0.606779 16.206748
1628410230.799720 1.746549 1.407071 5.891149 2.277277 0.565758 11.887804
1628410230.899861 1.636519 1.350935 9.328850 2.386899 0.537250 15.240453
1628410231.000057 2.039477 1.697311 9.699990 2.399504 0.672754 16.509036
1628410231.100280 1.935127 1.585139 9.268821 1.681631 0.606958 15.077676
1628410231.200437 1.804871 1.326978 5.736852 2.277504 0.276715 11.422920
1628410231.300647 1.955552 1.525691 9.357203 1.985736 0.615201 15.439383
1628410231.406730 1.603061 1.281133 9.056684 1.944375 0.533590 14.418843
1628410231.501055 2.021800 1.582878 9.290056 1.818323 0.645170 15.358227
1628410231.601246 1.799966 1.455437 8.830079 2.017134 0.577296 14.679912
1628410231.702813 2.234594 1.568875 9.593927 2.122624 0.612239 16.132259
1628410231.801708 1.688950 1.382565 9.205775 1.796073 0.525147 14.598510
1628410231.901816 1.915798 1.582934 9.271782 1.463356 0.614083 14.847953
1628410232.002028 1.748960 1.411133 5.922875 1.321755 0.547300 10.952023
1628410232.102216 1.679380 1.460467 9.668645 1.947851 0.585949 15.342292
1628410232.202535 2.052330 1.643986 10.192735 1.314235 0.735267 15.938553
1628410232.302627 1.960867 1.530372 10.240447 2.049312 0.602544 16.383542
1628410232.402804 1.845816 1.509360 6.810708 1.357355 0.655613 12.178852
1628410232.503010 1.897998 1.424601 9.512327 1.443024 0.564919 14.842869
1628410232.603212 1.922303 1.387394 9.680947 1.250835 0.708391 14.949870
1628410232.703408 1.690951 1.400759 8.869316 1.270365 0.530307 13.761698
1628410232.804520 1.696593 1.372478 10.487976 1.411949 0.546956 15.515952
1628410232.903791 1.828212 1.494798 10.116568 1.623585 0.623772 15.686935
1628410233.003995 1.907467 1.532906 9.561898 1.274729 0.594674 14.871674
1628410233.104195 1.625631 1.385857 9.543880 1.229854 0.550404 14.335626
1628410233.204441 1.755055 1.313527 5.568148 2.713546 0.267798 11.618074
1628410233.304685 1.933658 1.505609 9.852479 1.296062 0.608780 15.196588
1628410233.404804 1.620851 1.345820 9.291069 1.393301 0.549330 14.200371
1628410233.504992 1.846811 1.407457 10.462720 2.706372 0.621557 17.044917
1628410233.605271 2.063966 1.633948 9.072182 1.296449 0.627518 14.694063
1628410233.705399 2.198144 1.376908 9.161719 1.660334 0.563556 14.960661
1628410233.805594 1.660161 1.373260 7.124938 2.051078 0.542652 12.752089
1628410233.905791 1.862014 1.522775 9.262923 1.682378 0.610228 14.940318
1628410234.006039 1.938176 1.503687 10.119990 2.209930 0.609174 16.380957
1628410234.107447 1.730878 1.353204 9.683140 1.405724 0.567164 14.740110
1628410234.206371 1.737008 1.447673 9.804664 1.686486 0.605168 15.280999
1628410234.306563 2.324113 1.839822 10.286281 1.471923 0.819232 16.741371
1628410234.406771 1.844233 1.431907 10.164537 1.594166 0.603980 15.638823
1628410234.506985 1.177562 0.815125 8.888013 2.175258 0.461109 13.517067
1628410234.610891 2.163501 1.360599 6.978475 3.648460 0.495765 14.646800
1628410234.707356 2.251711 1.395139 9.475397 1.755246 0.727804 15.605297
1628410234.807567 1.786342 1.514795 5.945450 1.821996 0.621603 11.690186
1628410234.907759 2.105356 1.620375 10.741967 2.453802 0.684593 17.606093
1628410235.007953 1.771279 1.441493 9.619968 1.617989 0.625880 15.076609
1628410235.108157 1.903116 1.524340 9.980263 2.080233 0.604109 16.092061
1628410235.209247 1.834285 1.440764 6.564359 1.368947 0.619732 11.828087
1628410235.308584 2.171621 1.631130 10.774979 2.872488 0.646429 18.096647
1628410235.408747 1.789199 1.358059 6.449622 2.529356 0.566464 12.692700
1628410235.508937 2.148564 1.556782 7.681212 1.832767 0.648128 13.867453
1628410235.609572 1.946875 1.612083 10.459292 1.917649 0.648600 16.584499
1628410235.709333 1.762289 1.434594 10.124615 2.996341 0.600206 16.918045
1628410235.809570 1.877583 1.436760 6.863696 1.832566 0.630661 12.641266
1628410235.909743 2.297483 1.452578 9.381366 1.513086 0.520203 15.164716
1628410236.010026 2.189755 1.012187 8.894516 2.343362 0.494229 14.934049
1628410236.110128 1.854528 1.522406 6.404059 1.617285 0.646685 12.044963
1628410236.210540 1.531007 1.273243 6.590328 1.667632 0.536693 11.598903
1628410236.310528 1.957549 1.489636 10.251730 1.915943 0.673995 16.288853
1628410236.410736 2.232672 1.090413 11.032568 3.004269 0.300942 17.660864
1628410236.511073 1.715922 1.336109 9.037068 1.424000 0.536971 14.050070
1628410236.611149 1.149439 0.978227 8.388230 1.548672 0.436332 12.500900
1628410236.711345 1.971161 1.530496 10.676996 2.267243 0.632256 17.078152
1628410236.811529 1.798745 1.488138 10.456081 1.958041 0.592521 16.293526
1628410236.911712 1.799244 1.454974 5.890910 1.116781 0.439367 10.701276
1628410237.016630 1.535154 1.318325 7.030514 1.508914 0.539701 11.932608
1628410237.112337 2.284274 1.250523 7.400304 2.104296 0.468735 13.508132
1628410237.214266 1.907801 1.237739 10.334185 2.611460 0.660902 16.752087
1628410237.312510 1.824832 1.422755 10.916731 2.106448 0.607848 16.878614
1628410237.412702 1.890695 1.552604 9.811224 1.608199 0.636816 15.499538
1628410237.512901 1.910157 1.540008 10.576839 1.985484 0.618323 16.630811
1628410237.614261 1.793022 1.466818 10.711581 2.115716 0.595614 16.682751
1628410237.713318 1.832259 1.443446 9.417556 2.366016 0.598521 15.657798
1628410237.813508 1.964470 1.611978 7.258461 1.980979 0.708129 13.524017
1628410237.913709 1.815528 1.466996 10.469107 1.836672 0.645267 16.233570
1628410238.014046 1.934605 1.641972 10.196438 2.411531 0.739045 16.923591
1628410238.114114 1.844151 1.606109 9.785927 2.122952 0.685053 16.044192
1628410238.214352 1.807269 1.434045 6.018664 1.397370 0.511573 11.168921
1628410238.314492 1.812010 1.484036 10.326240 1.706667 0.612577 15.941530
1628410238.414706 2.006733 0.825509 8.035008 2.570827 0.502221 13.940298
1628410238.514920 1.931111 1.353043 10.822878 2.272330 0.563922 16.943284
1628410238.615089 1.836871 1.494181 9.781981 1.424818 0.647152 15.185003
1628410238.715310 1.866645 1.649248 6.233116 1.938933 0.663786 12.351728
1628410238.815469 1.693253 1.507000 9.583291 1.822036 0.635975 15.241555
1628410238.915691 1.483968 1.320594 7.331740 1.916067 0.553748 12.606117
1628410239.016290 1.635667 1.418410 10.675450 1.612444 0.602949 15.944920
1628410239.116079 1.726395 1.498584 9.797111 1.825659 0.620924 15.468673
1628410239.216263 1.941751 1.621592 10.432539 1.956263 0.701244 16.653389
1628410239.316460 1.850774 1.597353 10.655394 1.891179 0.676327 16.671027
1628410239.417327 1.845833 1.506988 11.184806 1.995146 0.648215 17.180988
1628410239.516892 1.904944 1.651876 10.655863 2.467741 0.690165 17.370589
1628410239.617532 1.928070 1.601117 10.325688 1.865233 0.667136 16.387244
1628410239.717275 1.716293 1.503409 10.831111 1.962767 0.644366 16.657946
1628410239.817446 1.804911 1.483443 7.687838 2.271509 0.646237 13.893938
1628410239.917705 1.754678 1.362660 12.213347 2.787169 0.609004 18.726858
1628410240.017848 1.898090 1.614293 11.267358 2.428232 0.733078 17.941051
1628410240.118057 1.889174 1.613141 11.254246 2.831144 0.725907 18.313612
1628410240.218512 1.905563 1.616089 11.639352 2.243619 0.739057 18.143680
1628410240.318439 2.571245 1.598248 10.622249 3.037892 0.718790 18.548424
1628410240.418978 2.074073 1.476666 12.370685 2.667776 0.701258 19.290458
1628410240.518835 1.444143 1.316257 10.641496 2.247824 0.609444 16.259164
1628410240.619042 1.782614 1.494135 7.518511 2.814901 0.668445 14.278606
1628410240.719230 1.778831 1.486977 10.422945 1.846487 0.780109 16.315349
1628410240.819462 1.769358 1.416464 6.347179 2.196499 0.620774 12.350274
1628410240.919626 1.751086 1.498207 6.495668 1.805347 0.755145 12.305453
1628410241.019882 2.229811 1.757700 11.528602 1.682406 0.740401 17.938920
1628410241.120028 2.144161 1.699584 10.584296 1.517189 0.716896 16.662126
1628410241.221538 1.926361 1.668355 11.166347 2.003751 0.742134 17.506948
1628410241.320446 1.940120 1.536786 10.148668 2.094612 0.631781 16.351967
1628410241.420621 1.777827 1.482344 10.403482 1.512227 0.651462 15.827342
1628410241.520826 1.793319 1.491089 10.684645 1.989231 0.647472 16.605756
1628410241.621300 2.186434 1.518086 9.492559 1.720154 0.614518 15.531751
1628410241.721209 1.860428 1.455134 9.570491 1.820428 0.601802 15.308283
1628410241.821402 1.854540 1.429661 10.080807 2.007034 0.644295 16.016337
1628410241.921644 2.354635 1.404678 8.558499 1.706086 0.617233 14.641131
1628410242.021801 1.653438 1.297857 10.153962 1.862578 0.561391 15.529226
1628410242.122025 1.837539 1.439055 7.174583 2.458945 0.617040 13.527162
1628410242.222197 1.889164 1.483946 11.135542 1.862797 0.616266 16.987715
1628410242.322392 2.112151 1.588052 6.290229 2.585476 0.646193 13.222101
1628410242.422597 2.063846 1.597076 11.347358 2.548544 0.648690 18.205514
1628410242.522786 1.679517 1.383595 10.358690 2.005472 0.566325 15.993599
1628410242.622992 1.266210 0.965751 9.497649 2.255192 0.402638 14.387440
1628410242.723186 1.816160 1.501591 7.087974 1.924828 0.671586 13.002139
1628410242.823420 1.778027 1.454779 10.826425 2.203971 0.625704 16.888906
1628410242.923611 1.883365 1.451148 10.090165 2.107198 0.657564 16.189440
1628410243.023781 1.661533 1.300759 11.111533 1.732673 0.592225 16.398723
1628410243.123978 1.729112 1.421822 6.877962 1.760989 0.671219 12.461104
1628410243.224174 1.938438 1.571892 9.953590 2.629216 0.649096 16.742232
1628410243.324383 1.858520 1.494992 8.066985 2.147571 0.755265 14.323333
1628410243.425576 2.082924 1.529526 10.385789 1.772498 0.682439 16.453176
1628410243.524768 2.113992 1.574726 6.364503 2.067396 0.674898 12.795515
1628410243.624966 1.964665 1.529249 10.518951 2.281348 0.654118 16.948331
1628410243.725175 1.702348 1.350596 9.906936 2.279094 0.576111 15.815085
1628410243.825382 1.756773 1.405897 9.586455 2.326615 0.622013 15.697753
1628410243.925562 1.853231 1.674519 9.984176 2.919928 0.676345 17.108199
1628410244.025766 1.784949 1.383767 10.379566 1.402310 0.660725 15.611317
1628410244.125966 1.811666 1.447829 10.766427 2.468538 0.645437 17.139897
1628410244.226210 1.746942 1.466637 10.720197 2.359361 0.636273 16.929410
1628410244.326376 1.944340 1.576296 6.327702 2.043403 0.726223 12.617964
1628410244.426572 1.516884 1.423491 12.130308 2.088618 0.668745 17.828046
1628410244.526748 1.900475 1.541144 6.692025 1.993312 0.694414 12.821370
1628410244.626957 1.839381 1.461253 11.820129 1.827764 0.672750 17.621277
1628410244.727147 1.715574 1.470569 7.784984 1.538491 0.668838 13.178456
1628410244.827373 1.695166 1.391683 10.620358 1.795158 0.653860 16.156225
1628410244.927573 1.761859 1.462394 10.810258 1.781588 0.645562 16.461661
1628410245.027742 2.047871 1.536719 11.514194 1.293439 0.766042 17.158265
1628410245.127931 1.924496 1.639747 7.123578 2.190933 0.733767 13.612521
1628410245.228256 1.818354 1.495745 11.890134 1.465361 0.668478 17.338072
1628410245.328347 1.818740 1.538405 11.148286 1.462598 0.680706 16.648735
1628410245.428536 1.943514 1.610104 11.783880 1.778326 0.692812 17.808636
1628410245.528724 1.780026 1.450359 7.273172 2.023966 0.578814 13.106337
1628410245.629090 1.742826 1.450514 11.041821 1.334098 0.644286 16.213545
1628410245.729141 1.850389 1.537413 7.331453 2.010583 0.698110 13.427948
1628410245.829328 1.915467 1.529117 11.878186 1.914594 0.654814 17.892178
1628410245.929530 1.677265 1.415112 11.252646 1.796634 0.658671 16.800328
1628410246.029724 1.795504 1.442293 11.847652 1.553576 0.676739 17.315764
1628410246.129916 1.774528 1.480718 11.499919 1.575716 0.712305 17.043186
1628410246.230114 1.844529 1.512402 11.675501 2.103032 0.685497 17.820961
1628410246.330321 1.939745 1.578520 12.153969 2.322837 0.770070 18.765141
1628410246.430523 2.106848 1.678289 11.481526 2.314242 0.761395 18.342300
1628410246.530771 1.963490 1.642691 11.466259 2.696142 0.728873 18.497455
1628410246.630917 1.825089 1.576881 11.212270 1.536512 0.695598 16.846350
1628410246.731104 1.938285 1.578077 10.655017 1.845814 0.705304 16.722497
1628410246.831305 1.896583 1.625999 10.799183 2.145926 0.729977 17.197668
1628410246.931545 1.932975 1.668433 7.823384 1.887888 0.783087 14.095767
1628410247.031703 1.641323 1.418642 11.070025 2.337070 0.641178 17.108238
1628410247.131913 1.920974 1.675604 8.223214 2.841220 0.792253 15.453265
1628410247.232316 1.959326 1.702218 11.145907 2.941358 0.799447 18.548256
1628410247.332308 1.813762 1.552489 11.017360 1.623757 0.724426 16.731794
1628410247.432538 1.803358 1.536792 10.993700 1.870366 0.696855 16.901071
1628410247.532692 1.686998 1.482770 10.826937 1.959441 0.663498 16.619644
1628410247.632880 1.861317 1.602433 11.808498 3.313260 0.709639 19.295147
1628410247.733099 1.795810 1.548971 7.382254 1.942504 0.710453 13.379992
1628410247.833394 1.758594 1.472595 11.462169 2.364165 0.692198 17.749721
1628410247.933485 1.927018 1.572980 7.863397 3.037034 0.723884 15.124313
1628410248.033668 2.054843 1.697550 12.679732 1.990242 0.774115 19.196482
1628410248.133888 1.865827 1.520811 11.243222 3.065791 0.682429 18.378080
1628410248.234080 1.948545 1.623225 12.424995 1.984474 0.738056 18.719295
1628410248.336666 1.805810 1.565150 10.640205 3.231874 0.726202 17.969241
1628410248.434476 1.723234 1.401238 11.513250 2.220694 0.649832 17.508248
1628410248.534661 1.775271 1.503316 10.831654 2.053991 0.737413 16.901645
1628410248.634869 1.906117 1.598260 11.241230 2.980232 0.745592 18.471431
1628410248.735137 1.944169 1.493879 6.904754 2.575484 0.486352 13.404638
1628410248.835263 1.871216 1.471232 11.338867 2.403759 0.668742 17.753816
1628410248.935471 2.223522 1.421451 8.666288 2.702838 0.514107 15.528206
1628410249.035651 2.085481 1.365798 11.222268 3.475896 0.788314 18.937757
1628410249.135856 1.629372 1.429652 11.262929 2.287468 0.646540 17.255961
1628410249.236042 1.862855 1.540480 10.267260 2.142629 0.721927 16.535151
1628410249.340506 1.687554 1.386375 10.797278 3.017410 0.632867 17.521484
1628410249.436650 2.362201 1.424551 11.155930 1.874345 0.832046 17.649073
1628410249.536716 2.050470 0.866157 8.904477 3.306393 0.521597 15.649094
1628410249.636906 2.124811 1.403284 11.407914 1.811316 0.640769 17.388094
1628410249.737332 1.906501 1.643001 12.201260 2.167325 0.750957 18.669044
1628410249.837243 1.847484 1.475758 11.848717 1.740757 0.711846 17.624562
1628410249.937504 1.971319 1.552593 6.929252 1.891708 0.846227 13.191099
1628410250.037647 1.804080 1.417063 11.270789 2.126841 0.623695 17.242468
1628410250.138259 1.885204 1.436118 7.428167 1.882078 0.618619 13.250186
1628410250.238032 1.921769 1.550147 11.483777 2.603764 0.662622 18.222079
1628410250.338651 2.007808 1.615633 6.968585 1.542661 0.766749 12.901436
1628410250.438431 1.733326 1.381686 10.964824 1.517559 0.609115 16.206510
1628410250.538926 1.823337 1.475057 10.662347 1.538284 0.660750 16.159775
1628410250.638838 1.801425 1.416141 11.329775 1.388138 0.622207 16.557686
1628410250.739026 1.614520 1.381617 10.679131 1.297944 0.631373 15.604585
1628410250.839217 1.638061 1.414571 12.166683 1.897447 0.644375 17.761137
1628410250.939425 1.776527 1.496849 11.400863 2.158539 0.699266 17.532044
1628410251.039608 1.744015 1.392492 7.352538 1.659179 0.614330 12.762554
1628410251.140136 2.221646 1.412342 10.053846 2.498623 0.790834 16.977291
1628410251.240015 1.849890 1.556686 10.320917 1.522429 0.668408 15.918330
1628410251.340205 1.920772 1.597158 10.375861 1.135057 0.712314 15.741162
1628410251.440427 1.712590 1.483964 7.288266 1.518652 0.648581 12.652053
1628410251.540858 1.854636 1.540005 10.870338 1.208655 0.852590 16.326224
1628410251.640821 1.940098 1.540084 11.160991 1.444903 0.670989 16.757065
1628410251.740998 1.998685 1.645552 10.948516 1.855343 0.730965 17.179061
1628410251.841199 1.811049 1.461839 12.029274 1.709185 0.670431 17.681778
1628410251.942857 1.476200 1.266306 8.944797 1.507074 0.591885 13.786262
1628410252.041595 0.869585 0.690526 8.216979 1.713602 0.323561 11.814253
1628410252.141941 1.775018 1.381635 10.566300 1.515913 0.639344 15.878210
1628410252.241981 1.801820 1.457534 11.270641 1.674551 0.625736 16.830282
1628410252.342331 1.961208 1.643808 10.062893 1.711913 0.711132 16.090954
1628410252.442379 1.802840 1.423823 11.241110 2.158372 0.629619 17.255764
1628410252.542622 2.007644 1.469759 10.931069 1.712172 0.660463 16.781107
1628410252.642790 1.709772 1.416512 12.465512 1.897491 0.630438 18.119725
1628410252.743224 1.822909 1.493686 9.560770 1.419864 0.666964 14.964193
1628410252.843166 1.635799 1.363283 11.685240 1.820234 0.620928 17.125484
1628410252.944508 1.859035 1.550143 6.479597 2.535253 0.678573 13.102601
1628410253.043585 2.036883 1.585315 11.580347 1.881559 0.650319 17.734423
1628410253.143764 1.978922 1.608355 7.394494 2.207541 0.708982 13.898294
1628410253.243982 2.236622 1.729644 11.416931 1.795190 0.764022 17.942409
1628410253.344179 1.774604 1.433843 7.079520 1.996323 0.630654 12.914944
1628410253.444376 1.770258 1.393100 10.114000 2.066620 0.661319 16.005297
1628410253.545220 1.502163 1.247687 9.963779 1.709408 0.567352 14.990389
1628410253.644801 1.846060 1.509438 10.380357 2.429902 0.674421 16.840178
1628410253.745574 1.816414 1.460972 6.316013 1.814364 0.617772 12.025535
1628410253.845150 2.007067 1.536074 6.415670 1.749960 0.673339 12.382110
1628410253.945352 2.068754 1.599438 6.929012 1.791913 0.569625 12.958742
1628410254.045569 2.218386 1.717332 11.160313 1.458873 0.833521 17.388425
1628410254.145750 1.961866 1.585344 11.574741 2.288699 0.679513 18.090163
1628410254.245949 1.874226 1.558023 10.864900 1.584655 0.682100 16.563904
1628410254.346348 2.167281 1.650549 6.328601 2.006541 0.665786 12.818758
1628410254.446342 2.024986 1.617982 11.067181 2.150908 0.693204 17.554261
1628410254.546541 2.079346 0.834874 9.109572 3.220449 0.510144 15.754385
1628410254.646732 2.413230 1.595093 12.969241 3.490603 0.884272 21.352439
1628410254.747210 1.893792 1.548343 11.427609 1.496515 0.673279 17.039538
1628410254.847126 1.673592 1.441145 10.779754 2.885319 0.625716 17.405526
1628410254.947374 1.924972 1.515590 11.964364 2.017240 0.682864 18.105030
1628410255.047534 1.948804 1.568763 10.747504 1.551424 0.725237 16.541732
1628410255.147722 1.661598 1.409001 7.566757 2.088509 0.596971 13.322836
1628410255.247921 1.753741 1.438698 10.692929 1.806502 0.672884 16.364754
1628410255.350099 1.763415 1.382076 7.080929 1.635010 0.604653 12.466083
1628410255.448358 1.710477 1.377223 9.611035 1.687624 0.622938 15.009297
1628410255.548526 1.743692 1.447773 6.239122 1.822459 0.362598 11.615644
1628410255.648708 1.710615 1.448134 6.463011 1.453794 0.646055 11.721609
1628410255.748909 1.969539 1.540398 6.661710 2.175914 0.682628 13.030189
1628410255.849120 1.937307 1.518453 10.348620 1.512559 0.681627 15.998566
1628410255.949733 1.955768 1.520356 6.198725 2.231272 0.683153 12.589274
1628410256.049510 1.695032 1.411189 6.669178 1.996260 0.592775 12.364434
1628410256.149704 1.903245 1.479557 11.149942 2.576517 0.667876 17.777137
1628410256.249908 1.883594 1.457756 10.705076 1.491883 0.640969 16.179278
1628410256.350113 1.942802 1.530195 10.563625 1.997176 0.638721 16.672519
1628410256.450294 1.823567 1.459792 10.428139 1.562531 0.642694 15.916723
1628410256.550502 1.771309 1.387321 11.096909 1.796986 0.646500 16.699025
1628410256.650696 1.752954 1.485663 10.666985 1.955827 0.642326 16.503755
1628410256.750964 2.158520 1.663811 6.043555 1.605377 0.695037 12.166300
1628410256.851082 1.854524 1.438873 10.286069 2.149213 0.636069 16.364748
1628410256.951363 1.967859 1.499665 10.290318 1.327459 0.628135 15.713436
1628410257.051589 1.704501 1.335453 10.308185 1.941324 0.625903 15.915366
1628410257.151700 1.744010 1.414510 9.730250 1.646281 0.615898 15.150949
1628410257.251875 1.664183 1.376942 10.363060 2.389232 0.608100 16.401517
1628410257.352179 1.888772 1.409070 9.789846 1.585015 0.632924 15.305627
1628410257.452322 1.692497 1.596058 11.189838 2.515108 0.638690 17.632191
1628410257.552476 2.103632 1.626729 9.691133 1.483133 0.688961 15.593588
1628410257.653219 1.847128 1.425904 10.500085 2.000237 0.635803 16.409157
1628410257.754012 1.742569 1.390185 9.692743 1.542364 0.595283 14.963144
1628410257.853093 0.686643 0.629651 6.327691 1.761067 0.290641 9.695693
1628410257.953334 1.926465 1.608193 10.058396 3.413575 0.685350 17.691979
1628410258.053504 1.306624 1.194535 11.032101 2.277760 0.545605 16.356625
1628410258.153660 1.817804 1.472635 9.658610 2.038669 0.658046 15.645764
1628410258.253854 1.551436 1.327297 9.899619 1.229156 0.596976 14.604484
1628410258.354103 1.805482 1.471139 9.242376 1.941252 0.641954 15.102203
1628410258.454256 1.482466 1.248607 6.890801 1.696409 0.565520 11.883803
1628410258.554485 1.991849 1.412242 7.803250 2.024137 0.853185 14.084663
1628410258.654665 1.959502 1.288244 9.771159 1.670147 0.754173 15.443225
1628410258.754861 1.771680 1.425062 9.221381 1.666788 0.626674 14.711585
1628410258.855062 1.767604 1.386039 6.003657 1.756643 0.611743 11.525686
1628410258.955240 1.774158 1.362686 10.240116 1.576918 0.623353 15.577231
1628410259.055432 1.519690 1.284083 10.651036 2.077288 0.647368 16.179465
1628410259.156183 1.678243 1.331219 6.329724 1.938452 0.596989 11.874627
1628410259.255857 1.620172 1.494282 10.752267 1.666835 0.657674 16.191230
1628410259.356129 1.650778 1.330647 10.662197 1.902838 0.615360 16.161820
1628410259.456234 1.657922 1.370822 10.478478 2.092613 0.626286 16.226121
1628410259.556431 1.946831 1.610006 6.298297 1.378273 0.824106 12.057513
1628410259.656651 1.503073 1.308668 10.860816 1.641244 0.613576 15.927377
1628410259.756907 1.700496 1.437619 9.942599 1.899892 0.668948 15.649554
1628410259.857027 1.431938 1.223903 10.733167 2.699669 0.596306 16.684983
1628410259.957240 1.885726 0.822562 8.761575 2.236345 0.488921 14.195129
1628410260.057438 1.558472 1.357940 6.004775 1.769116 0.624875 11.315178
1628410260.157676 1.795705 1.406747 10.853112 2.045078 0.681233 16.781875
1628410260.257834 1.442125 1.225709 9.867603 1.527398 0.569136 14.631971
1628410260.358044 1.549452 1.337712 9.800262 1.493880 0.632218 14.813524
1628410260.458242 1.719041 1.387218 10.359712 1.776484 0.647254 15.889709
1628410260.558418 1.696893 1.356793 6.634689 2.038689 0.599998 12.327062
1628410260.658616 1.641320 1.105462 9.967157 1.421073 0.539632 14.674644
1628410260.758881 1.422196 1.119250 9.812292 1.498579 0.540070 14.392387
1628410260.859019 1.507236 1.300626 10.333544 1.357631 0.632138 15.131175
1628410260.959203 1.620768 1.310470 9.897862 1.697786 0.629542 15.156428
1628410261.059415 1.481664 1.318212 6.156637 1.521652 0.628920 11.107085
1628410261.159703 1.673681 1.337763 9.580519 1.612154 0.633915 14.838032
1628410261.259817 0.610689 0.566047 7.547541 1.735336 0.290377 10.749990
1628410261.360003 0.698435 0.579734 7.097698 1.757389 0.288432 10.421688
1628410261.460191 0.625155 0.555312 5.938901 1.662650 0.285975 9.067993
1628410261.560389 1.036504 0.711589 8.595752 2.789853 0.452994 13.586692
1628410261.660591 0.800466 0.965596 8.170640 1.852399 0.453222 12.242323
1628410261.760777 1.022187 0.711352 8.426463 2.101244 0.487960 12.749206
1628410261.860990 0.625512 0.551251 7.435998 1.363462 0.270043 10.246266
1628410261.961225 0.710812 0.577491 8.216146 1.789725 0.284172 11.578346
1628410262.061380 1.016776 0.768578 8.175418 1.374572 0.360667 11.696011
1628410262.161567 0.698286 0.594079 6.614018 1.673458 0.311367 9.891208
1628410262.261767 1.037068 0.741560 8.356407 2.534715 0.466018 13.135768
1628410262.361971 1.080966 0.757739 6.062965 1.206069 0.286878 9.394617
1628410262.462167 0.725667 0.664350 8.274711 1.666359 0.312471 11.643558
1628410262.562374 1.449951 1.166717 7.295474 1.569574 0.527281 12.008997
1628410262.662569 1.696708 1.449204 10.692268 1.394825 0.614764 15.847769
1628410262.762838 1.701508 1.422780 10.139814 1.589382 0.582580 15.436064
1628410262.862968 1.526991 1.319641 9.736882 1.527852 0.536844 14.648210
1628410262.963183 1.759470 1.334742 10.263765 1.296617 0.576969 15.231563
1628410263.063359 1.459731 1.259288 10.551145 1.813030 0.541052 15.624246
1628410263.163573 1.653998 1.375873 9.761917 1.604428 0.617511 15.013727
1628410263.263767 1.417689 1.253868 9.690344 1.467062 0.527175 14.356138
1628410263.364532 1.634035 1.344979 9.491078 1.239064 0.592341 14.301497
1628410263.464227 1.895111 1.295711 9.742302 1.535885 0.588813 15.057822
1628410263.564358 0.718334 0.615393 6.376233 1.816343 0.280866 9.807169
1628410263.664562 0.733393 0.648601 6.410910 1.897781 0.295884 9.986569
1628410263.764790 0.761970 0.664094 6.305883 1.731843 0.296409 9.760199
1628410263.864940 0.733197 0.643153 5.958696 1.296894 0.276418 8.908358
1628410263.965148 0.773481 0.632744 6.833867 2.078551 0.290989 10.609632
1628410264.065351 1.433314 1.260017 9.728707 2.053515 0.599633 15.075186
1628410264.165588 1.809828 1.528919 5.886354 1.722014 0.646531 11.593646
1628410264.265902 1.557693 1.437978 10.206830 1.554910 0.611259 15.368670
1628410264.365928 1.826962 1.537447 10.648271 1.709681 0.660321 16.382682
1628410264.466149 1.641041 1.373168 10.592803 2.103066 0.675138 16.385216
1628410264.566349 1.791049 1.475726 9.967934 1.476715 0.630158 15.341582
1628410264.666547 1.745329 1.456257 6.754224 1.531505 0.626884 12.114199
1628410264.766743 1.709899 1.427432 9.324630 1.675301 0.621774 14.759036
1628410264.866930 1.675103 1.421325 9.020985 1.280416 0.591146 13.988975
1628410264.967113 1.791055 1.441998 6.002959 1.340506 0.619485 11.196003
1628410265.067328 1.709730 1.452265 10.158381 1.414278 0.654784 15.389438
1628410265.167504 1.771948 1.404965 7.448047 1.509459 0.617119 12.751538
1628410265.272644 1.791372 1.461419 10.148837 1.732310 0.644961 15.778899
1628410265.367902 1.885310 1.535431 11.143952 1.935123 0.666644 17.166460
1628410265.468253 1.739845 1.483510 10.336902 2.843701 0.647347 17.051305
1628410265.568297 1.942286 1.467842 10.541634 1.348006 0.635778 15.935546
1628410265.668634 1.972706 1.555371 6.629336 1.255580 0.661814 12.074807
1628410265.768771 1.919358 1.404757 10.492043 1.300182 0.604078 15.720418
1628410265.869094 1.865320 1.424742 6.725712 1.390152 0.625306 12.031232
1628410265.969100 1.821299 1.505468 11.129093 1.720435 0.639650 16.815945
1628410266.069300 1.636618 1.420264 6.942614 1.216122 0.617651 11.833269
1628410266.169507 1.830015 1.543868 7.247611 1.512902 0.638376 12.772772
1628410266.269681 1.888648 1.609009 11.799045 1.328316 0.685824 17.310842
1628410266.369890 1.757499 1.468286 11.180707 1.408213 0.630681 16.445386
1628410266.470109 1.763823 1.447544 11.381510 2.027012 0.614646 17.234535
1628410266.570302 1.964846 1.609586 10.731038 1.173349 0.670130 16.148949
1628410266.670468 1.815003 1.549912 11.023328 1.990960 0.630938 17.010141
1628410266.770680 1.765781 1.465833 11.281883 1.900791 0.616952 17.031240
1628410266.870880 1.354126 1.255535 10.367973 1.732031 0.536000 15.245665
1628410266.971098 1.534483 1.303381 10.793028 1.462188 0.540501 15.633581
1628410267.071265 1.693186 1.435605 6.650238 1.128909 0.544686 11.452624
1628410267.171795 2.046095 1.632752 10.525721 1.300670 0.611032 16.116270
1628410267.272788 2.042773 1.448134 10.147267 0.848988 0.562942 15.050104
1628410267.371884 1.796913 1.494987 10.241812 2.214345 0.606480 16.354537
1628410267.472065 1.643022 1.404430 9.980477 1.036875 0.541525 14.606329
1628410267.572309 1.799945 1.523908 5.918043 1.272568 0.577108 11.091572
1628410267.672603 1.640121 1.382731 10.317824 1.048100 0.533201 14.921977
1628410267.772645 1.897827 1.663810 11.037416 1.611584 0.622966 16.833603
1628410267.872845 1.582974 1.309573 9.390744 1.405485 0.510077 14.198853
1628410267.973057 1.672618 1.366593 9.848455 2.348403 0.543006 15.779075
1628410268.073252 1.618283 1.323567 7.149197 1.154295 0.543005 11.788347
1628410268.173469 1.786716 1.493292 9.382604 1.347128 0.566752 14.576492
1628410268.273649 1.745806 1.416315 9.624705 1.353638 0.567988 14.708452
1628410268.373843 1.685446 1.350466 9.707289 1.622369 0.530717 14.896287
1628410268.474208 1.829993 1.474916 9.137349 1.047465 0.578402 14.068125
1628410268.574242 1.684821 1.446606 9.825284 1.609249 0.561889 15.127849
1628410268.674676 2.068352 1.398701 11.229754 1.627243 0.660793 16.984843
1628410268.774634 1.776095 1.536235 10.357983 1.293453 0.592265 15.556031
1628410268.874932 1.589988 1.378552 10.870898 2.287088 0.577650 16.704176
1628410268.975024 1.904542 1.535785 10.513895 1.222106 0.622499 15.798827
1628410269.075498 1.608905 1.344989 12.094255 1.655431 0.550480 17.254060
1628410269.175570 1.833414 1.487189 9.758044 1.237562 0.606929 14.923138
1628410269.275749 1.886248 1.485547 6.121939 1.455895 0.639179 11.588808
1628410269.375844 1.586601 1.319446 11.400402 1.779581 0.577572 16.663602
1628410269.476315 1.806036 1.482864 7.199450 1.406222 0.605794 12.500366
1628410269.576218 1.963966 1.608712 11.212306 1.731909 0.676596 17.193489
1628410269.680132 2.069275 1.687613 10.798675 1.345884 0.670071 16.571518
1628410269.776616 1.877858 1.506147 11.508042 1.825037 0.648238 17.365322
1628410269.876859 1.529194 1.359220 10.795976 1.786388 0.592089 16.062867
1628410269.977011 1.714164 1.415217 6.446708 1.375211 0.589174 11.540474
1628410270.077209 1.714033 1.432005 10.267649 1.663681 0.605533 15.682901
1628410270.177400 1.781623 1.442507 9.362742 1.189031 0.635825 14.411728
1628410270.277606 1.651152 1.380537 10.946652 2.101077 0.566666 16.646084
1628410270.378085 1.620871 1.405246 6.903054 1.243231 0.613157 11.785559
1628410270.478002 1.603440 1.411861 10.442302 1.366836 0.595404 15.419843
1628410270.578253 1.746306 1.642185 13.196818 2.117798 0.685349 19.388456
1628410270.678642 1.687951 1.462201 8.308245 1.360085 0.588502 13.406984
1628410270.778770 1.937500 1.540779 6.902945 2.001371 0.525839 12.908434
1628410270.878802 1.832411 1.452659 11.425184 1.731526 0.643325 17.085105
1628410270.978986 1.662305 1.418768 10.226777 1.444253 0.606569 15.358672
1628410271.079189 1.048233 0.943641 8.102393 1.792671 0.406148 12.293086
1628410271.179372 1.757290 1.511632 11.151685 2.161943 0.679758 17.262308
1628410271.279574 1.628450 1.339764 11.549972 1.876406 0.612791 17.007383
1628410271.379986 1.831603 1.601533 7.730678 1.761953 0.704295 13.630062
1628410271.480273 1.688182 1.384325 11.145601 1.420691 0.614757 16.253556
1628410271.580192 2.024253 0.873114 8.299523 2.904578 0.510102 14.611570
1628410271.680387 1.582829 1.350259 7.422232 1.807229 0.644000 12.806549
1628410271.780571 1.600036 1.387888 10.901588 2.620843 0.626200 17.136555
1628410271.880765 1.522910 1.339940 11.409652 1.895281 0.634784 16.802567
1628410271.980969 2.253555 1.118068 10.965429 1.885678 0.399251 16.621981
1628410272.081162 1.649576 1.386408 11.348541 1.909124 0.648425 16.942074
1628410272.181359 1.891117 1.597585 11.233497 2.195341 0.793297 17.710837
1628410272.281584 1.599161 1.402044 6.828216 1.823250 0.625051 12.277722
1628410272.381759 1.725192 1.449210 10.601460 1.933643 0.607053 16.316558
1628410272.481984 1.621432 1.358829 9.640374 1.903986 0.591673 15.116294
1628410272.582141 1.984637 1.831127 10.623945 2.194066 0.797291 17.431066
1628410272.682393 0.773034 0.765890 11.404004 1.982087 0.351552 15.276567
1628410272.782539 1.775091 1.508318 12.936915 1.803451 0.651405 18.675180
1628410272.882754 1.837698 1.590570 11.477282 1.308814 0.639956 16.854320
1628410272.982933 2.111175 1.665417 10.773033 1.557377 0.699711 16.806713
1628410273.083151 1.863701 1.370898 6.943591 1.216665 0.541377 11.936232
1628410273.183331 2.106760 1.494161 8.560997 1.466259 0.570235 14.198412
1628410273.283601 1.598378 1.415248 10.607604 1.812727 0.595860 16.029817
1628410273.383770 1.887525 1.553250 10.539756 1.355359 0.606302 15.942192
1628410273.484107 1.633353 1.337253 5.535044 1.743388 0.534454 10.783492
1628410273.584117 1.857413 1.544281 9.399776 1.068374 0.639276 14.509120
1628410273.684346 1.941206 1.642984 10.363656 1.665457 0.701207 16.314510
1628410273.784521 2.162347 1.757299 11.647717 1.311727 0.699256 17.578346
1628410273.884756 1.667371 1.436056 10.081387 1.824913 0.632945 15.642672
1628410273.984910 1.796615 1.478762 10.643560 1.705620 0.613595 16.238152
1628410274.085114 0.755281 0.645968 7.290139 2.058573 0.285343 11.035304
1628410274.185351 1.743132 1.442028 6.192529 1.184211 0.594888 11.156788
1628410274.382355 3.282372 1.777775 11.232747 1.094750 0.745352 18.132996
1628410274.385744 0.000229 0.662612 6.062319 1.573243 0.290681 8.589084
1628410274.485912 1.456902 1.241542 10.233400 2.124177 0.591158 15.647179
1628410274.586145 1.838116 1.527462 7.291552 1.189606 0.630916 12.477652
1628410274.686306 1.775143 1.449445 10.043141 1.860233 0.594567 15.722529
1628410274.786517 2.294256 1.476819 9.745293 1.431314 0.772164 15.719846
1628410274.886689 1.509914 1.323060 10.556419 1.384453 0.555479 15.329325
1628410274.986901 1.838079 1.558078 10.270054 1.887999 0.648622 16.202832
1628410275.087089 1.843383 1.464136 11.142001 2.220437 0.601798 17.271755
1628410275.187326 1.795817 1.437390 6.875555 1.382942 0.599736 12.091440
1628410275.287508 2.014543 1.605664 10.889756 1.392100 0.744201 16.646264
1628410275.387721 1.736132 1.481077 9.959956 1.435176 0.612622 15.224963
1628410275.487883 1.918764 1.330994 8.256589 1.768731 0.738438 14.013516
1628410275.588152 1.705808 1.419861 10.235403 1.548400 0.578058 15.487530
1628410275.688304 1.425522 1.292223 7.867604 1.533275 0.641266 12.759890
1628410275.788509 1.780131 1.485468 7.220216 1.422321 0.606434 12.514570
1628410275.888708 1.903011 1.579065 10.882653 1.405191 0.654338 16.424258
1628410275.988917 1.785393 1.464454 9.077234 1.432517 0.627813 14.387411
1628410276.089070 1.725936 1.409191 11.228469 1.663194 0.570308 16.597098
1628410276.189301 1.771053 1.484412 9.871368 1.607052 0.586001 15.319886
1628410276.289501 1.985073 1.661533 12.615149 1.535485 0.841355 18.638595
1628410276.389704 1.854076 1.498872 10.180786 1.587106 0.614587 15.735427
1628410276.489897 1.652911 1.339950 10.538967 2.186632 0.570094 16.288554
1628410276.590107 1.753442 1.508116 10.556273 1.813656 0.636705 16.268192
1628410276.690270 1.755254 1.525104 7.029181 2.214746 0.626344 13.150629
1628410276.790469 1.697902 1.418043 9.792392 1.454018 0.644215 15.006570
1628410276.890650 1.553370 1.364276 9.224256 1.459127 0.568684 14.169713
1628410276.990868 1.887498 1.559029 10.551282 1.759286 0.667004 16.424099
1628410277.091083 1.622116 1.358690 10.372013 1.835028 0.574459 15.762306
1628410277.191252 1.655175 1.482356 10.724074 1.957049 0.637777 16.456431
1628410277.291452 1.544906 1.298036 10.028832 1.436005 0.573425 14.881204
1628410277.391640 1.767197 1.461966 5.978749 1.352506 0.599633 11.160051
1628410277.491867 1.758866 1.458886 10.821193 2.168226 0.619645 16.826816
1628410277.592062 1.715977 1.488956 10.310579 1.504841 0.618768 15.639121
1628410277.692259 1.824890 1.314279 10.241192 1.227306 0.561583 15.169250
1628410277.793644 1.780688 1.496606 9.658482 1.671819 0.638175 15.245770
1628410277.892637 1.919252 1.513665 7.370996 1.502907 0.697608 13.004428
1628410277.992883 1.703339 1.479750 10.358353 1.536451 0.628121 15.706014
1628410278.093048 1.968921 1.535488 12.312913 2.304972 0.639746 18.762040
1628410278.193342 1.904364 1.634751 10.082827 1.581028 0.678529 15.881499
1628410278.293454 1.624766 1.355698 11.656749 2.284444 0.657087 17.578744
1628410278.393905 1.717382 1.445082 10.584614 1.793608 0.644284 16.184970
1628410278.493949 2.067982 1.661192 10.795667 1.423150 0.687997 16.635988
1628410278.594018 2.016842 1.537987 10.839614 1.529043 0.646229 16.569715
1628410278.694234 1.746480 1.550335 10.643947 1.530526 0.677454 16.148742
1628410278.796722 1.856149 1.552215 10.760675 1.907732 0.688034 16.764805
1628410278.894649 1.675792 1.418651 10.779486 1.904784 0.634434 16.413147
1628410278.994825 1.921068 1.616440 6.377659 1.699276 0.487644 12.102087
1628410279.095014 1.927369 1.483828 10.004535 2.168094 0.632977 16.216803
1628410279.198302 1.835252 1.508379 6.931383 1.897723 0.655498 12.828235
1628410279.295413 1.668530 1.392077 10.120674 1.357954 0.573904 15.113139
1628410279.395931 1.915509 1.543942 11.267879 1.699392 0.742690 17.169412
1628410279.495814 1.883518 1.565331 10.286751 1.381182 0.649216 15.765998
1628410279.596718 1.967201 1.518069 6.956274 1.644158 0.635634 12.721336
1628410279.696236 1.767787 1.676730 12.237341 2.284053 0.673359 18.639270
1628410279.796526 1.723763 1.449136 10.246789 1.441494 0.660991 15.522173
1628410279.896603 1.794508 1.521744 11.267396 1.662753 0.648411 16.894812
1628410279.996782 1.938173 1.555393 10.319493 1.539426 0.672297 16.024782
1628410280.097003 1.859929 1.544396 11.450028 1.585081 0.639620 17.079054
1628410280.197193 1.858496 1.611060 7.642867 1.610611 0.683738 13.406772
1628410280.297393 1.686789 1.459349 6.263013 1.471641 0.612386 11.493178
1628410280.397931 1.885076 1.547129 10.432224 1.302502 0.676510 15.843441
1628410280.497778 1.747974 1.370859 10.568956 2.222333 0.584988 16.495110
1628410280.597973 1.853399 1.526778 9.960606 1.796263 0.625671 15.762717
1628410280.698171 1.696541 1.415894 8.090187 1.254659 0.605411 13.062692
1628410280.798402 2.388943 1.272313 10.669182 1.736983 0.492324 16.559745
1628410280.898637 1.798775 1.478119 10.900271 1.509055 0.655614 16.341834
1628410280.998764 1.672539 1.437304 7.831060 1.338403 0.614452 12.893758
1628410281.098985 1.722923 1.451096 10.017732 1.431227 0.621291 15.244269
1628410281.199266 1.741327 1.484341 10.271446 1.236519 0.659043 15.392676
1628410281.299383 1.827882 1.555211 11.040847 2.207439 0.683855 17.315234
1628410281.400175 1.967355 1.597315 8.410711 1.284942 0.681830 13.942153
1628410281.499805 1.733126 1.437587 10.742975 1.698406 0.615123 16.227217
1628410281.599947 1.797754 1.537181 10.804713 1.607078 0.685584 16.432310
1628410281.700161 1.851464 1.525443 11.060455 1.942920 0.657726 17.038008
1628410281.800429 1.754214 1.493723 10.551292 1.678055 0.639745 16.117029
1628410281.900560 1.499004 1.271707 10.871412 1.510685 0.576789 15.729597
1628410282.000794 1.723595 1.414401 10.542029 2.053379 0.628331 16.361735
1628410282.100961 1.561089 1.325445 7.272908 1.572464 0.609483 12.341389
1628410282.201166 0.898995 0.749143 7.441470 1.920583 0.341913 11.352104
1628410282.301349 1.626546 1.356975 10.198743 1.506746 0.625378 15.314388
1628410282.401878 2.096940 1.608372 8.512251 2.255183 0.731501 15.204247
1628410282.501734 1.803966 1.514828 7.135162 1.537313 0.694121 12.685390
1628410282.602262 1.800282 1.569983 11.325552 1.667473 0.693888 17.057178
1628410282.702128 1.698909 1.473419 11.836982 1.930205 0.624571 17.564086
1628410282.802622 1.799500 1.501268 8.359520 1.495127 0.673651 13.829066
1628410282.902925 1.914651 1.519657 11.679299 1.278755 0.676252 17.068614
1628410283.002876 1.444205 1.314143 7.755486 2.178628 0.614547 13.307009
1628410283.102918 1.799763 1.551943 10.973107 1.632201 0.685370 16.642384
1628410283.203117 1.882597 1.558313 11.106677 1.708043 0.661746 16.917376
1628410283.303470 1.697385 1.426612 11.105945 1.649298 0.620622 16.499862
1628410283.403790 1.668279 1.468220 7.165645 1.682084 0.621595 12.605823
1628410283.503711 1.594098 1.427101 10.497298 1.350235 0.636765 15.505497
1628410283.603925 1.777806 1.542318 10.323240 1.337808 0.671500 15.652672
1628410283.708491 1.486396 1.315849 10.123959 1.421087 0.596550 14.943841
1628410283.804424 1.796132 1.421725 11.701274 2.100664 0.643370 17.663165
1628410283.904498 1.886049 1.507319 7.893113 1.535258 0.688177 13.509916
1628410284.004967 1.778927 1.486455 11.042078 1.391350 0.673638 16.372448
1628410284.104890 1.812821 1.513643 11.098037 2.422089 0.801526 17.648116
1628410284.205103 1.900805 1.620476 11.719345 1.390379 0.709285 17.340290
1628410284.305331 1.519369 1.503450 13.076046 1.708492 0.614817 18.422174
1628410284.405570 1.918327 1.538923 6.965532 1.522563 0.327035 12.272380
1628410284.505687 1.688368 1.403934 12.325199 2.022714 0.663733 18.103948
1628410284.605914 1.883500 1.547071 10.890485 1.654948 0.691931 16.667935
1628410284.706143 0.946223 0.871370 11.619206 2.104751 0.435141 15.976691
1628410284.806304 1.719919 1.498584 12.894603 1.815553 0.727488 18.656147
1628410284.906482 1.484274 1.311590 11.593570 1.596061 0.605191 16.590686
1628410285.006688 2.044177 1.557945 6.658635 2.173095 0.489586 12.923438
1628410285.106888 1.575260 1.349788 11.069510 1.547211 0.612239 16.154008
1628410285.207104 1.761053 1.449580 10.636483 1.343188 0.644441 15.834745
1628410285.307298 1.751002 1.359660 10.896702 1.288436 0.596884 15.892684
1628410285.407569 1.917190 1.516083 9.995813 1.183659 0.652377 15.265122
1628410285.508631 1.829691 1.473038 10.761340 1.835538 0.646157 16.545764
1628410285.607892 1.787898 1.508580 11.046993 1.952060 0.669821 16.965352
1628410285.708084 2.033871 1.734573 10.716969 1.518583 0.752201 16.756197
1628410285.808254 2.320986 0.925258 8.869685 1.977769 0.498909 14.592607
1628410285.908470 1.854015 1.553323 11.876776 1.556163 0.720669 17.560946
1628410286.009029 2.005343 1.604083 11.335055 1.709739 0.737494 17.391714
1628410286.108889 1.569400 1.361044 11.502489 1.501637 0.603237 16.537807
1628410286.209054 1.754032 1.430552 11.635222 1.712009 0.668863 17.200678
1628410286.309253 1.583017 1.512727 13.819221 1.687210 0.643938 19.246113
1628410286.409446 1.964460 1.673562 8.105995 1.522390 0.759265 14.025672
1628410286.509642 1.954039 1.445993 7.720511 1.654376 0.626841 13.401760
1628410286.616506 1.746903 1.437928 11.383091 1.274009 0.637454 16.479385
1628410286.710051 1.659358 1.453201 11.894215 2.475220 0.675519 18.157513
1628410286.810253 2.106259 1.612010 14.283095 2.355809 0.749013 21.106186
1628410286.910474 1.951889 1.509687 12.000507 1.406289 0.676345 17.544717
1628410287.010639 1.955383 1.641705 11.583243 1.491540 0.765628 17.437499
1628410287.110849 1.816778 1.464735 6.965876 1.474846 0.684222 12.406457
1628410287.211069 2.236082 1.388072 10.867901 2.035289 0.624402 17.151746
1628410287.311261 1.819594 1.490618 11.007440 1.460035 0.667640 16.445327
1628410287.411477 1.905916 1.504882 12.720608 1.960961 0.687829 18.780196
1628410287.511631 1.922074 1.615055 12.415953 2.079784 0.756221 18.789087
1628410287.612655 2.221812 1.907908 11.464199 1.468462 0.817596 17.879977
1628410287.712039 1.978029 1.639731 11.886099 1.715414 0.737527 17.956800
1628410287.812372 1.711925 1.391369 10.475475 1.644951 0.647600 15.871320
1628410287.912428 1.631963 1.424250 10.922386 1.776902 0.673631 16.429132
1628410288.012613 2.168042 1.795009 11.603351 1.535972 0.754722 17.857096
1628410288.112814 1.702955 1.393458 11.726731 1.615101 0.674318 17.112563
1628410288.213035 1.837059 1.539301 11.585218 1.648000 0.733432 17.343010
1628410288.313230 1.926769 1.609528 10.844760 2.048650 0.697311 17.127018
1628410288.413418 1.845926 1.552146 10.895380 1.383094 0.728153 16.404699
1628410288.513600 1.990724 1.703618 7.513427 1.650524 0.785007 13.643300
1628410288.613964 1.980249 1.542014 11.309228 1.401666 0.710386 16.943543
1628410288.714862 1.522551 1.352582 12.791632 1.729554 0.686243 18.082562
1628410288.817024 1.623854 1.546813 12.341722 1.401529 0.755425 17.669343
1628410288.914392 1.639238 1.424684 11.851621 1.571182 0.710305 17.197030
1628410289.014752 1.790096 1.394712 11.108882 1.648853 0.633628 16.576171
1628410289.114788 1.670966 1.379724 11.362202 2.015002 0.617484 17.045378
1628410289.214980 1.985483 1.607851 11.602233 1.446860 0.710722 17.353149
1628410289.315210 1.835062 1.614523 11.470445 1.458019 0.703528 17.081577
1628410289.415376 1.976685 1.649885 11.153191 1.447025 0.714084 16.940870
1628410289.515573 1.941763 1.712025 7.618945 1.428805 0.715874 13.417412
1628410289.616227 2.059625 1.314864 9.274782 1.453781 0.589899 14.692951
1628410289.716761 1.690590 1.396861 10.863484 1.440150 0.632108 16.023193
1628410289.816696 2.118637 1.425259 7.105833 1.336686 0.318390 12.304805
1628410289.916374 1.753456 1.442981 11.625730 1.411046 0.670309 16.903522
1628410290.016663 2.224832 1.621119 11.451755 1.156876 0.674524 17.129106
1628410290.116782 1.684413 1.423710 11.054872 1.538250 0.674924 16.376169
1628410290.217884 2.018129 1.777526 12.685621 0.946115 0.773567 18.200958
1628410290.317161 1.786732 1.525996 10.527451 1.398843 0.691801 15.930823
1628410290.417420 2.093191 1.634614 10.791250 1.522588 0.697728 16.739371
1628410290.517570 1.804193 1.469595 7.646326 1.133443 0.644852 12.698409
1628410290.617766 1.697758 1.389252 10.240877 1.546259 0.652196 15.526342
1628410290.717951 1.892302 1.482793 11.733334 1.483201 0.671731 17.263361
1628410290.819007 1.967995 1.504730 11.230611 1.319329 0.643141 16.665806
1628410290.918350 1.745543 1.365981 7.830837 1.230689 0.585709 12.758759
1628410291.018786 1.673166 1.393822 10.445719 1.320806 0.609367 15.442880
1628410291.118737 1.889188 1.555585 11.062370 1.591921 0.652649 16.751713
1628410291.218944 2.231397 1.420889 12.562768 1.909492 0.781305 18.905851
1628410291.319139 1.517604 0.977512 7.587856 1.222624 0.295960 11.601556
1628410291.420050 1.764414 1.442396 11.479609 1.230478 0.614743 16.531640
1628410291.519533 1.797166 1.031473 6.949481 1.232175 0.301742 11.312037
1628410291.619764 1.786838 1.450803 10.611900 1.749429 0.605397 16.204367
1628410291.719944 1.580430 1.397188 10.760352 1.080698 0.604927 15.423595
1628410291.820131 1.938766 1.515032 10.477767 1.587283 0.610740 16.129588
1628410291.920327 1.601832 1.419164 10.180230 1.247723 0.606679 15.055628
1628410292.020533 1.121786 0.822177 8.679673 1.781413 0.493362 12.898411
1628410292.120724 1.891726 1.473033 8.930785 1.441613 0.612550 14.349707
1628410292.220932 1.733409 1.395157 9.699972 1.054499 0.597549 14.480586
1628410292.321178 1.446528 1.285897 10.414392 1.182638 0.566194 14.895649
1628410292.421493 1.859446 1.422083 10.954812 1.363033 0.601215 16.200589
1628410292.521532 1.664806 1.364795 10.541233 1.136108 0.576680 15.283622
1628410292.624518 1.562931 1.282546 10.714384 1.637158 0.574412 15.771431
1628410292.721902 0.778521 0.682953 6.976694 1.304231 0.315187 10.057586
1628410292.824405 1.948713 1.504642 11.413867 1.391811 0.668237 16.927270
1628410292.922300 1.738906 1.374393 7.694895 0.995647 0.538491 12.342332
1628410293.022499 1.873558 1.428711 10.415459 1.960654 0.596822 16.275204
1628410293.123653 1.563558 1.304413 7.078442 1.024670 0.544894 11.515977
1628410293.222892 1.840044 1.486873 6.295040 1.045656 0.569439 11.237052
1628410293.323091 1.759789 1.509132 10.308741 1.226246 0.641476 15.445384
1628410293.423292 1.654997 1.382651 10.034127 1.471333 0.572178 15.115286
1628410293.523519 1.867639 1.547249 8.995853 1.483269 0.642279 14.536289
1628410293.623724 1.921694 1.464604 10.960007 1.236432 0.587170 16.169907
1628410293.723880 2.038043 1.241199 9.290819 1.417790 0.524531 14.512382
1628410293.824096 1.945651 1.524856 9.700821 1.116853 0.635088 14.923269
1628410293.924319 1.616383 1.326709 10.502267 1.282518 0.544035 15.271912
1628410294.028517 1.845408 1.370196 10.040039 1.553612 0.538846 15.348101
1628410294.124674 1.639430 1.292164 10.037157 1.054635 0.536004 14.559390
1628410294.224920 1.946103 1.559376 9.626989 1.290750 0.643514 15.066732
1628410294.325071 1.747794 1.346474 6.340433 1.022354 0.622617 11.079672
1628410294.425265 1.760050 1.486752 10.884374 2.055944 0.639096 16.826216
1628410294.525494 1.611161 1.408561 10.103178 1.372738 0.580593 15.076231
1628410294.625676 1.869764 1.468066 10.388979 1.469195 0.609781 15.805785
1628410294.725863 1.783879 1.465683 9.640729 1.174383 0.596141 14.660815
1628410294.826063 1.993506 1.516704 10.080770 1.478597 0.616612 15.686189
1628410294.926281 1.983790 1.357448 7.625125 1.373199 0.579542 12.919104
1628410295.026472 1.688440 1.357233 5.865012 1.313279 0.414339 10.638303
1628410295.127012 1.644180 1.270001 9.918658 1.109801 0.327026 14.269666
1628410295.226848 1.739219 1.466956 9.842901 1.124695 0.589772 14.763543
1628410295.327052 1.618948 1.358172 10.734093 1.466346 0.588126 15.765685
1628410295.427254 1.757009 1.431540 10.713356 1.699786 0.622910 16.224601
1628410295.527442 2.046626 1.228480 7.598120 2.035006 0.447067 13.355299
1628410295.627647 1.868170 1.499756 9.775945 1.087713 0.609683 14.841267
1628410295.727861 1.705693 1.377620 7.038585 0.921409 0.613463 11.656770
1628410295.828055 1.828191 1.545297 11.777230 2.326622 0.648417 18.125757
1628410295.928233 1.823083 1.486220 10.771428 1.597185 0.615896 16.293812
1628410296.028445 1.853256 1.514952 5.988017 0.951810 0.619520 10.927555
1628410296.128733 1.825052 1.450649 10.149421 1.274406 0.605670 15.305198
1628410296.228848 1.950150 1.508662 10.148906 1.640666 0.626133 15.874517
1628410296.329029 1.957537 1.540354 6.262942 1.559588 0.615650 11.936071
1628410296.429262 1.602448 1.478891 11.052681 1.941882 0.765987 16.841889
1628410296.529422 1.703287 1.457971 9.811323 1.368569 0.581350 14.922500
1628410296.629673 1.748496 1.491006 7.149396 1.429099 0.616222 12.434219
1628410296.729816 1.938407 1.498818 10.461106 1.783557 0.610665 16.292553
1628410296.830013 1.827759 1.544847 6.989765 1.204623 0.605654 12.172648
1628410296.930246 1.792297 1.543526 10.886403 1.688705 0.626914 16.537845
1628410297.030413 1.844150 0.812554 8.254759 1.727538 0.452925 13.091926
1628410297.130615 1.677931 1.388062 9.377296 1.220483 0.575181 14.238953
1628410297.230808 1.950366 1.622322 10.971510 1.242045 0.673379 16.459622
1628410297.331006 2.024416 1.597776 10.642861 1.400627 0.663968 16.329648
1628410297.431353 1.464841 1.345028 10.523448 1.220815 0.578643 15.132775
1628410297.531419 1.666515 1.385732 9.526330 1.141786 0.591582 14.311945
1628410297.631610 2.170607 1.746212 11.094349 1.349786 0.715197 17.076151
1628410297.731800 1.961894 1.511864 6.676584 1.025885 0.636443 11.812670
1628410297.831993 1.810048 1.595199 10.340975 1.333431 0.662203 15.741856
1628410297.932194 2.030205 1.613461 6.452409 0.850566 0.668182 11.614823
1628410298.032405 2.061694 1.513560 10.333622 1.259742 0.653787 15.822405
1628410298.132612 1.758706 1.572775 9.431959 1.307714 0.650058 14.721212
1628410298.232791 1.721456 1.426487 9.447429 1.379808 0.583048 14.558228
1628410298.333045 1.758277 1.465886 9.432772 0.996291 0.604315 14.257541
1628410298.433917 1.596906 1.341293 7.681177 1.024957 0.558314 12.202647
1628410298.533402 1.782382 1.450621 10.044660 1.235311 0.600233 15.113207
1628410298.633576 1.848780 1.472471 5.535267 0.902965 0.351800 10.111283
1628410298.733839 1.788481 1.449146 6.033495 1.014291 0.592277 10.877690
1628410298.834009 1.831481 1.507684 10.550289 1.231460 0.622648 15.743562
1628410298.934386 2.364676 1.515621 12.359102 1.608620 0.813344 18.661363
1628410299.034376 1.665570 1.336690 10.026483 1.085957 0.558432 14.673132
1628410299.134560 1.567269 1.266924 10.265737 1.039307 0.534267 14.673504
1628410299.234761 1.925488 1.559462 10.350654 1.017161 0.627517 15.480282
1628410299.334977 1.746272 1.406194 9.588909 0.761564 0.578617 14.081556
1628410299.435183 1.771921 1.473849 10.939094 1.229346 0.608186 16.022396
1628410299.535368 2.025032 1.580521 11.443162 1.240528 0.664829 16.954072
1628410299.635548 1.853502 1.548014 8.350390 1.094345 0.629060 13.475311
1628410299.736096 1.962139 1.588205 10.848682 0.971739 0.678508 16.049273
1628410299.835972 1.804917 1.490377 10.417956 1.180857 0.615686 15.509793
1628410299.936174 1.819280 1.434043 10.715065 1.160925 0.659545 15.788858
1628410300.036369 1.771835 1.472244 9.828918 1.782333 0.632644 15.487974
1628410300.136564 1.826749 1.466720 6.973778 1.194293 0.663634 12.125174
1628410300.236756 1.710978 1.364367 10.478188 1.189367 0.608738 15.351638
1628410300.336952 1.738296 1.466547 10.880314 1.614905 0.628225 16.328287
1628410300.437264 1.925078 1.552043 11.604885 1.694701 0.680968 17.457675
1628410300.540076 2.149649 1.696357 7.490363 1.046321 0.684361 13.067051
1628410300.637558 1.834709 1.424986 10.722177 1.159675 0.609599 15.751146
1628410300.737838 1.885964 1.469314 6.489664 1.100512 0.653763 11.599217
1628410300.837936 2.120660 1.706333 8.364088 1.264422 0.719227 14.174730
1628410300.938152 1.648379 1.341105 7.451541 1.298116 0.560158 12.299299
1628410301.038353 1.857776 1.527765 10.079542 1.142660 0.640355 15.248098
1628410301.138555 1.719463 1.479479 6.682578 1.315255 0.635625 11.832400
1628410301.238737 1.793920 1.500051 11.193611 1.126210 0.645273 16.259065
1628410301.338925 1.566142 1.381062 10.822783 1.808341 0.586688 16.165016
1628410301.439109 1.952780 1.532821 7.260613 1.323752 0.643104 12.713070
1628410301.539677 1.565624 1.312396 10.590095 1.579002 0.600739 15.647856
1628410301.639531 1.845010 1.485904 9.761337 1.053668 0.650153 14.796072
1628410301.740008 1.949557 1.594492 10.166371 1.416859 0.634334 15.761613
1628410301.839927 1.743064 1.392994 9.988262 1.658979 0.591593 15.374892
1628410301.940105 2.078319 1.336946 11.075422 2.408362 0.558760 17.457809
1628410302.040313 1.816512 1.486952 9.933841 1.187183 0.624320 15.048808
1628410302.140503 1.879232 1.277337 10.175415 1.080828 0.569597 14.982409
1628410302.240717 1.976807 1.423941 10.089591 1.433113 0.592659 15.516111
1628410302.341345 1.540948 1.320110 7.030478 1.146354 0.583159 11.621049
1628410302.441098 1.695670 1.351826 9.744448 1.130198 0.653907 14.576049
1628410302.541302 1.602300 1.323549 6.982519 1.416811 0.558237 11.883416
1628410302.641497 1.692258 1.336853 10.629359 1.301845 0.590342 15.550657
1628410302.741683 1.716294 1.348202 6.925096 1.202943 0.613070 11.805605
1628410302.841947 1.910246 1.523337 11.095721 1.379535 0.727442 16.636281
1628410302.942082 1.349409 1.176076 8.534050 0.883019 0.554597 12.497151
1628410303.042291 1.927741 1.464045 10.561881 1.145567 0.668377 15.767611
1628410303.142498 1.578039 1.336739 9.534963 1.390041 0.581961 14.421743
1628410303.242682 1.654170 1.372590 10.463285 1.237262 0.598978 15.326285
1628410303.342870 1.676013 1.399078 10.769793 1.556862 0.649204 16.050950
1628410303.443074 1.660521 1.373780 9.566230 1.024708 0.597461 14.222700
1628410303.544528 1.580804 1.282383 10.800543 1.616976 0.576878 15.857584
1628410303.643466 1.984069 1.537723 10.312656 0.976374 0.680860 15.491682
1628410303.743663 1.210131 0.940985 6.905159 1.250037 0.395106 10.701418
1628410303.843859 1.888689 1.456961 9.769424 1.543951 0.618269 15.277294
1628410303.944339 1.857448 1.363382 10.089084 1.108526 0.596524 15.014964
1628410304.044262 1.787064 1.452803 10.362666 1.054464 0.599835 15.256832
1628410304.148587 1.840734 1.446262 6.586597 1.059291 0.578002 11.510886
1628410304.244665 1.582300 1.285414 10.405807 1.043984 0.552059 14.869564
1628410304.344855 1.831099 1.288169 7.476551 0.929386 0.538606 12.063811
1628410304.445048 1.779022 1.230101 10.938512 1.142288 0.503424 15.593347
1628410304.545437 1.393332 1.278588 10.291181 1.473910 0.539180 14.976191
1628410304.645468 1.899350 1.483059 9.892335 0.934809 0.564739 14.774292
1628410304.745636 1.936226 1.516047 10.741834 1.534513 0.577964 16.306584
1628410304.847202 1.783426 1.372093 9.265064 0.881616 0.537050 13.839249
1628410304.946059 1.682175 1.422883 9.679298 1.276775 0.564241 14.625372
1628410305.046239 2.301528 1.475440 6.595415 1.219491 0.437341 12.029215
1628410305.146460 1.690916 1.392110 10.806414 1.237906 0.537104 15.664450
1628410305.246634 1.664262 1.388812 9.736080 1.018811 0.551079 14.359044
1628410305.346837 1.830371 1.466934 6.671149 1.161364 0.572925 11.702743
1628410305.448535 1.711919 1.354977 9.196540 1.120993 0.522490 13.906919
1628410305.547251 0.960189 0.635824 5.716518 1.416235 0.270218 8.998984
1628410305.647426 1.995210 1.579815 6.514757 1.111955 0.618413 11.820150
1628410305.749089 1.895592 1.498552 9.786832 1.282313 0.610465 15.073754
1628410305.847836 1.626470 1.371330 9.892940 1.043004 0.529834 14.463578
1628410305.948028 1.808153 1.422036 6.458216 1.077599 0.574870 11.340874
1628410306.048534 2.007309 1.567758 9.502353 1.322040 0.627486 15.026946
1628410306.148423 1.532957 1.363007 9.273338 0.946502 0.567449 13.683253
1628410306.248627 1.943497 1.409999 9.900270 1.122830 0.562066 14.938662
1628410306.349545 1.522365 1.277074 6.513742 0.858096 0.522095 10.693372
1628410306.449001 1.969443 1.588367 6.307723 1.339041 0.605026 11.809600
1628410306.549204 1.617105 1.317443 10.332187 2.092210 0.520973 15.879918
1628410306.649407 1.743509 1.408813 10.347864 1.036145 0.567834 15.104165
1628410306.750074 1.924255 1.455347 6.259181 1.319433 0.575647 11.533863
1628410306.849798 1.918049 1.541844 10.748710 1.381471 0.622182 16.212256
1628410306.950011 1.790283 1.383591 6.959465 1.070495 0.568588 11.772422
1628410307.050184 1.669566 1.361280 10.244743 1.203678 0.554534 15.033801
1628410307.152510 1.629306 1.357216 9.992308 1.138308 0.545104 14.662242
1628410307.250599 2.155594 1.384105 11.310710 1.681214 0.631654 17.163277
1628410307.350823 1.773277 1.446965 6.159381 1.107762 0.578534 11.065919
1628410307.450977 2.124107 1.599004 6.235049 1.180037 0.682606 11.820803
1628410307.551196 1.891955 1.409940 10.179784 1.103355 0.573530 15.158564
1628410307.651415 1.822966 1.455307 9.116096 1.242797 0.594522 14.231688
1628410307.751580 1.737428 1.353039 9.633668 1.173460 0.614069 14.511664
1628410307.851771 1.691015 1.424000 9.893265 0.992076 0.593109 14.593465
1628410307.952006 2.082244 1.527080 7.971877 1.317693 0.609923 13.508817
1628410308.052520 1.484506 1.211202 8.501907 1.279760 0.510452 12.987827
1628410308.152370 1.729509 1.399293 6.200072 1.100863 0.584060 11.013797
1628410308.252569 1.799586 1.497914 10.153688 1.352134 0.632947 15.436269
1628410308.352816 1.937995 1.443008 6.291825 1.478769 0.619322 11.770919
1628410308.452962 1.875756 1.505395 10.064194 1.300753 0.697025 15.443123
1628410308.553156 1.594796 1.303423 10.451996 1.213801 0.604093 15.168109
1628410308.653355 1.874878 1.559233 6.367319 0.985219 0.678181 11.464830
1628410308.753553 2.394366 1.406894 8.757032 1.223965 0.594847 14.377104
1628410308.853801 2.189237 1.404455 10.996536 1.601557 0.724701 16.916486
1628410308.953992 1.835092 1.434166 6.886265 1.061682 0.634407 11.851612
1628410309.054144 1.781878 1.440155 11.094382 0.808378 0.681106 15.805899
1628410309.154365 1.581175 1.327145 7.628278 0.951514 0.560002 12.048114
1628410309.254544 1.701980 1.390956 11.107410 1.030977 0.618732 15.850055
1628410309.354749 1.613653 1.371472 10.293316 1.224653 0.563058 15.066152
1628410309.454936 1.907206 1.497476 11.915162 1.459939 0.609804 17.389587
1628410309.555141 1.649251 1.410370 10.025576 1.205910 0.579145 14.870252
1628410309.655337 1.819479 1.460736 10.925818 1.192298 0.610814 16.009145
1628410309.755551 1.661402 1.358824 10.776113 1.897043 0.554836 16.248218
1628410309.855728 1.781913 1.463207 9.723345 1.131486 0.614239 14.714190
1628410309.956042 1.458410 1.314400 10.561713 1.485553 0.566609 15.386685
1628410310.056131 1.942077 1.452532 11.485675 1.491189 0.612201 16.983674
1628410310.156335 1.798848 1.458880 10.847161 1.578542 0.619594 16.303025
1628410310.256555 1.923757 1.559479 10.056207 1.340113 0.658028 15.537584
1628410310.356725 1.709463 1.428278 11.236659 1.241135 0.599708 16.215243
1628410310.456923 1.692548 1.451474 6.346278 1.395577 0.447883 11.333760
1628410310.557124 1.595112 1.300839 9.499728 1.078948 0.579230 14.053857
1628410310.657331 1.785224 1.476887 7.195390 1.090173 0.640698 12.188372
1628410310.757519 1.934247 1.602069 10.255609 1.044069 0.672543 15.508537
1628410310.857841 2.145984 1.075711 9.115490 1.750778 0.483747 14.571710
1628410310.957897 1.745327 1.384703 11.179444 1.379162 0.602649 16.291285
1628410311.058125 1.829572 1.493963 11.147368 1.918082 0.653024 17.042009
1628410311.158366 1.743932 1.426812 11.075475 1.429621 0.653578 16.329418
1628410311.258517 2.082588 1.628993 7.369955 1.209125 0.737301 13.027962
1628410311.358702 1.735237 1.446519 11.052171 1.213612 0.646513 16.094052
1628410311.458921 1.920315 1.608162 11.330170 1.064973 0.694401 16.618021
1628410311.559084 1.636636 1.418582 6.675116 1.352365 0.622198 11.704897
1628410311.659664 1.944492 1.571280 10.484366 1.158428 0.680830 15.839396
1628410311.759511 1.907422 1.526845 10.487138 0.943496 0.633624 15.498525
1628410311.859691 1.625374 1.379926 7.483957 0.888853 0.579997 11.958107
1628410311.959892 1.559199 1.273239 11.014224 1.270321 0.539196 15.656179
1628410312.060102 1.150920 1.326113 10.035832 1.114201 0.604433 14.231499
1628410312.160358 1.490113 1.267324 9.849378 1.362496 0.559947 14.529258
1628410312.260500 1.700973 1.395586 10.432007 1.336264 0.621322 15.486152
1628410312.360684 1.789621 1.444360 10.963517 0.992533 0.611688 15.801719
1628410312.460908 1.986124 1.686193 6.692730 1.242424 0.566281 12.173752
1628410312.561084 1.882121 1.447497 11.393767 1.374539 0.616400 16.714324
1628410312.661299 1.774421 1.387788 10.294317 1.386035 0.608168 15.450729
1628410312.761502 1.805517 1.389858 12.000672 1.797184 0.626120 17.619351
1628410312.861671 1.779388 1.436594 10.651900 1.106120 0.605477 15.579479
1628410312.961860 1.919480 1.528155 11.265694 2.308645 0.625470 17.647444
1628410313.062064 1.987504 1.541365 11.975309 1.366990 0.646875 17.518043
1628410313.162534 1.663183 1.354917 10.409278 1.141769 0.602992 15.172139
1628410313.262463 1.967386 1.479654 10.318178 1.061107 0.642970 15.469295
1628410313.362651 1.923326 1.566822 10.412882 1.338528 0.654111 15.895669
1628410313.462846 1.610425 1.351011 6.673224 0.942987 0.601539 11.179186
1628410313.563050 1.779351 1.404645 9.948822 1.376242 0.616478 15.125538
1628410313.663258 1.649400 1.576184 10.417140 0.963123 0.643329 15.249176
1628410313.763484 1.741718 1.449937 10.093705 1.482748 0.616154 15.384262
1628410313.863652 1.819824 1.485130 7.420607 1.223508 0.650656 12.599725
1628410313.963926 2.050293 1.611515 11.614011 1.327748 0.702741 17.306308
1628410314.064065 1.638095 1.384232 6.900155 1.617170 0.353684 11.893336
1628410314.164279 1.803188 1.441834 11.101870 1.492587 0.601553 16.441032
1628410314.264447 1.919255 1.556710 7.440782 1.252209 0.678225 12.847181
1628410314.364633 1.724996 1.419376 11.939530 1.320572 0.631173 17.035647
1628410314.464830 1.904434 1.471280 6.708136 1.296171 0.364764 11.744785
1628410314.565034 1.880130 1.568803 11.758618 1.330459 0.778209 17.316219
1628410314.665230 1.582922 0.672062 7.149829 1.071597 0.315023 10.791433
1628410314.765504 2.131694 1.657057 11.366486 1.296809 0.712957 17.165003
1628410314.865634 1.672653 1.447658 6.917634 1.244087 0.323417 11.605449
1628410314.965841 1.955432 1.661846 11.603602 1.082677 0.693223 16.996780
1628410315.066033 2.182041 1.487370 13.452569 1.802206 0.857428 19.781614
1628410315.166882 1.816033 1.496803 11.767717 1.272455 0.657931 17.010939
1628410315.266438 1.725513 1.516591 11.284451 1.529056 0.643803 16.699414
1628410315.366634 2.002102 1.561310 11.362481 0.819460 0.672733 16.418086
1628410315.466808 1.902417 1.403638 11.875887 1.332038 0.813186 17.327166
1628410315.567034 1.715517 1.471108 7.874242 1.011511 0.609309 12.681687
1628410315.667233 1.873131 1.472696 7.888907 1.093966 0.630696 12.959396
1628410315.767409 1.865040 1.526871 10.658877 0.893739 0.643610 15.588137
1628410315.867632 1.850084 1.500365 12.108344 1.088182 0.674761 17.221736
1628410315.967810 1.638228 1.406205 10.795549 1.074483 0.593813 15.508278
1628410316.067992 1.879103 1.535134 11.185877 1.029394 0.684208 16.313716
1628410316.168190 1.980816 1.699622 11.388940 1.016004 0.710780 16.796162
1628410316.268391 1.761974 1.467311 11.476821 1.233773 0.675314 16.615193
1628410316.368585 1.839516 1.539737 10.397052 1.460218 0.662359 15.898882
1628410316.469014 1.857791 1.473301 11.021453 1.065117 0.676613 16.094275
1628410316.571092 1.802211 1.495108 12.979230 1.437783 0.644497 18.358829
1628410316.669681 1.823338 1.513595 6.763546 1.308045 0.642734 12.051258
1628410316.769382 1.878461 1.477907 11.467959 1.236125 0.639535 16.699987
1628410316.869990 1.793284 1.465015 10.906602 1.021320 0.633934 15.820155
1628410316.969775 1.720284 1.455750 11.073015 1.006601 0.627860 15.883510
1628410317.070240 2.039639 1.527124 14.587365 1.606507 0.696373 20.457008
1628410317.170222 1.797895 1.418632 11.476364 1.290756 0.622356 16.606003
1628410317.270801 1.743592 1.518889 6.909678 1.187593 0.328670 11.688422
1628410317.370563 2.048526 1.525287 12.269762 1.564301 0.671842 18.079718
1628410317.470770 1.799297 1.754722 9.691040 1.352006 0.703231 15.300296
1628410317.570950 1.981866 1.627602 10.948309 1.297401 0.718236 16.573414
1628410317.671181 1.857194 1.488937 11.314459 1.545953 0.675939 16.882482
1628410317.771355 1.681756 1.364895 10.714734 1.347829 0.631050 15.740264
1628410317.871730 1.838592 1.509602 6.947076 1.169322 0.667966 12.132558
1628410317.971793 1.821044 1.455484 12.034755 1.444140 0.690557 17.445980
1628410318.072247 1.877950 1.529599 7.537372 1.594336 0.681349 13.220606
1628410318.172157 1.769571 1.471469 12.453250 1.226137 0.692668 17.613095
1628410318.274274 2.014738 1.522957 11.019922 1.744638 0.727423 17.029678
1628410318.373133 1.987132 1.682197 12.096879 1.634236 0.750708 18.151152
1628410318.473165 1.860300 1.497287 12.062205 1.746221 0.697141 17.863154
1628410318.572965 1.848479 1.567955 6.935056 1.456047 0.708328 12.515865
1628410318.673305 1.762038 1.359898 11.331191 1.253168 0.607236 16.313531
1628410318.773392 1.730406 1.487444 12.060911 2.296653 0.699021 18.274435
1628410318.873670 2.193511 1.274360 10.748346 2.514073 0.505841 17.236131
1628410318.973768 1.882252 1.609847 10.844722 1.522325 0.698362 16.557508
1628410319.074064 1.823606 1.571773 8.601614 2.158651 0.500764 14.656408
1628410319.174146 1.813952 1.531939 11.796440 1.710729 0.703661 17.556721
1628410319.274321 1.739623 1.632398 9.261651 1.760976 0.696499 15.091147
1628410319.374698 1.826491 1.477091 14.598796 1.974041 0.688934 20.565353
1628410319.474833 1.906113 1.532179 11.675968 1.707761 0.671763 17.493784
1628410319.574959 1.976396 1.633072 11.018361 1.492203 0.746993 16.867025
1628410319.675132 1.790958 1.518269 12.303729 1.862068 0.691824 18.166848
1628410319.775356 1.876379 1.467519 13.634708 1.795190 0.678570 19.452366
1628410319.875745 1.716067 1.440358 11.986553 1.851487 0.668864 17.663329
1628410319.975713 1.892483 1.562795 8.398837 1.523997 0.700155 14.078267
1628410320.076508 2.231252 1.739489 11.751411 1.720190 0.772862 18.215204
1628410320.176116 1.811074 1.462256 11.734451 1.869673 0.703517 17.580971
1628410320.276299 1.747725 1.484088 10.845857 1.508623 0.669465 16.255758
1628410320.376510 1.994431 1.634504 12.686564 1.489026 0.725714 18.530239
1628410320.476768 1.721025 1.459110 6.950389 1.731184 0.480571 12.342279
1628410320.576970 1.808699 1.479790 11.102083 1.319489 0.646533 16.356594
1628410320.677125 1.866255 1.573134 10.865520 1.797178 0.687495 16.789582
1628410320.777287 1.271417 1.293392 10.932116 1.242867 0.608451 15.348243
1628410320.877521 1.884037 1.556723 7.286503 1.859480 0.596975 13.183718
1628410320.979045 1.931214 1.526940 12.606028 1.566752 0.730718 18.361652
1628410321.077904 1.797363 1.425983 11.786310 1.489594 0.637775 17.137025
1628410321.178073 1.687424 1.438150 12.215850 2.378517 0.667695 18.387636
1628410321.278318 1.718720 1.509709 11.388280 1.295989 0.675623 16.588321
1628410321.378562 1.746466 1.441880 7.564269 1.627632 0.678785 13.059032
1628410321.478711 1.785995 1.559255 11.401144 1.716502 0.689884 17.152780
1628410321.578874 1.840660 1.530120 12.506490 1.592714 0.683442 18.153426
1628410321.679114 1.897231 1.564695 12.011288 1.612634 0.706219 17.792067
1628410321.779372 1.517349 1.138985 7.157802 2.121856 0.347071 12.283063
1628410321.879457 1.904107 1.571466 7.910939 1.381866 0.689199 13.457577
1628410321.979679 1.758574 1.449267 12.258661 1.591798 0.667005 17.725305
1628410322.079864 1.830341 1.526963 11.907111 1.696783 0.704864 17.666062
