1743735922.6825 117.0391
1743735922.7864 117.0391
1743735922.8904 117.0391
1743735922.9943 117.0391
1743735923.0981 117.0391
1743735923.2020 117.0391
1743735923.3059 117.0391
1743735923.4096 117.0391
1743735923.5134 117.0391
1743735923.6171 117.0391
1743735923.7209 117.0391
1743735923.8246 118.4023
1743735923.9284 118.6602
1743735924.0321 118.6602
1743735924.1358 122.0117
1743735924.2395 122.0117
1743735924.3433 124.3320
1743735924.4469 124.3320
1743735924.5505 126.1367
1743735924.6543 126.1367
1743735924.7580 127.6836
1743735924.8616 127.6836
1743735924.9654 130.0039
1743735925.0690 130.0039
1743735925.1727 131.5508
1743735925.2761 131.8086
1743735925.3798 133.6133
1743735925.4834 133.8711
1743735925.5871 134.1289
1743735925.6908 135.9336
1743735925.7945 135.9336
1743735925.8983 137.2227
1743735926.0019 139.8008
1743735926.1056 139.8008
1743735926.2094 139.8008
1743735926.3132 139.8008
1743735926.4169 142.6367
1743735926.5208 142.6367
1743735926.6246 142.8945
1743735926.7288 142.8945
1743735926.8328 142.8945
1743735926.9369 145.4727
1743735927.0410 145.4727
1743735927.1452 146.7617
1743735927.2494 146.7617
1743735927.3538 148.3086
1743735927.4580 148.3086
1743735927.5625 148.3086
1743735927.6668 148.3086
1743735927.7710 149.5977
1743735927.8754 149.5977
1743735927.9797 150.1133
1743735928.0840 150.1133
1743735928.1883 150.8867
1743735928.2925 150.8867
1743735928.3968 151.6602
1743735928.5009 151.6602
1743735928.6050 153.9805
1743735928.7093 153.9805
1743735928.8134 153.9805
1743735928.9175 153.9805
1743735929.0215 153.9805
1743735929.1257 156.8164
1743735929.2298 156.8164
1743735929.3338 156.8164
1743735929.4379 157.3320
1743735929.5419 157.3320
1743735929.6459 157.3320
1743735929.7499 158.8789
1743735929.8538 158.8789
1743735929.9578 160.6836
1743735930.0618 160.6836
1743735930.1658 162.4883
1743735930.2698 162.4883
1743735930.3736 164.2930
1743735930.4776 164.2930
1743735930.5815 164.2930
1743735930.6855 166.3555
1743735930.7895 166.3555
1743735930.8935 166.3555
1743735930.9975 168.4180
1743735931.1014 168.4180
1743735931.2054 168.4180
1743735931.3094 168.6758
1743735931.4133 168.6758
1743735931.5173 168.9336
1743735931.6213 172.0273
1743735931.7253 172.0273
1743735931.8291 172.0273
1743735931.9332 172.0273
1743735932.0370 172.0273
1743735932.1410 174.0898
1743735932.2450 174.0898
1743735932.3489 175.6367
1743735932.4529 175.6367
1743735932.5568 177.4414
1743735932.6606 177.4414
1743735932.7646 178.7305
1743735932.8685 178.7305
1743735932.9725 180.0195
1743735933.0764 180.0195
1743735933.1803 181.3086
1743735933.2843 181.3086
1743735933.3881 182.3398
1743735933.4922 182.3398
1743735933.5960 183.6289
1743735933.7000 183.6289
1743735933.8039 184.4023
1743735933.9079 184.4023
1743735934.0118 184.6602
1743735934.1158 184.6602
1743735934.2197 184.6602
1743735934.3236 186.9805
1743735934.4276 186.9805
1743735934.5316 187.2383
1743735934.6358 187.2383
1743735934.7398 187.7539
1743735934.8439 190.8477
1743735934.9480 190.8477
1743735935.0521 190.8477
1743735935.1564 193.1680
1743735935.2606 193.1680
1743735935.3649 193.1680
1743735935.4693 195.2305
1743735935.5736 195.2305
1743735935.6780 195.2305
1743735935.7824 196.7773
1743735935.8869 196.7773
1743735935.9913 198.0664
1743735936.0958 198.0664
1743735936.2001 199.8711
1743735936.3046 199.8711
1743735936.4090 201.6758
1743735936.5133 201.6758
1743735936.6176 203.9961
1743735936.7219 203.9961
1743735936.8262 203.9961
1743735936.9304 205.8008
1743735937.0347 205.8008
1743735937.1389 207.0898
1743735937.2431 207.0898
1743735937.3474 208.3789
1743735937.4515 208.3789
1743735937.5557 209.6680
1743735937.6597 209.6680
1743735937.7637 209.6680
1743735937.8675 209.6680
1743735937.9713 209.6680
1743735938.0750 211.7305
1743735938.1787 211.7305
1743735938.2824 211.7305
1743735938.3861 211.7305
1743735938.4898 211.7305
1743735938.5935 212.7617
1743735938.6973 212.7617
1743735938.8011 212.7617
1743735938.9049 214.8242
1743735939.0086 214.8242
1743735939.1124 214.8242
1743735939.2163 214.8242
1743735939.3200 216.6289
1743735939.4238 216.6289
1743735939.5276 217.9180
1743735939.6314 217.9180
1743735939.7351 219.2070
1743735939.8389 219.2070
1743735939.9428 220.7539
1743735940.0465 220.7539
1743735940.1504 220.7539
1743735940.2542 220.7539
1743735940.3580 220.7539
1743735940.4619 223.0742
1743735940.5656 223.0742
1743735940.6695 224.1055
1743735940.7734 224.1055
1743735940.8773 225.1367
1743735940.9810 225.1367
1743735941.0849 226.9414
1743735941.1888 226.9414
1743735941.2926 227.9727
1743735941.3964 227.9727
1743735941.5003 229.5195
1743735941.6041 229.5195
1743735941.7080 230.8086
1743735941.8119 230.8086
1743735941.9158 232.3555
1743735942.0195 232.3555
1743735942.1234 233.9023
1743735942.2273 233.9023
1743735942.3310 235.4492
1743735942.4349 235.4492
1743735942.5388 236.7383
1743735942.6426 236.7383
1743735942.7465 238.8008
1743735942.8504 238.8008
1743735942.9544 240.6055
1743735943.0583 240.6055
1743735943.1623 242.1523
1743735943.2661 242.1523
1743735943.3700 243.6992
1743735943.4740 243.6992
1743735943.5779 245.2461
1743735943.6818 245.2461
1743735943.7858 246.5352
1743735943.8896 246.5352
1743735943.9936 247.8242
1743735944.0975 247.8242
1743735944.2015 247.8242
1743735944.3054 247.8242
1743735944.4094 247.8242
1743735944.5133 247.8242
1743735944.6171 250.6602
1743735944.7212 250.6602
1743735944.8251 250.6602
1743735944.9290 252.4648
1743735945.0329 252.4648
1743735945.1369 255.0430
1743735945.2409 255.0430
1743735945.3448 255.0430
1743735945.4486 256.5898
1743735945.5527 256.5898
1743735945.6565 257.8789
1743735945.7605 257.8789
1743735945.8645 260.4570
1743735945.9684 260.4570
1743735946.0723 260.4570
1743735946.1763 261.7461
1743735946.2801 261.7461
1743735946.3840 263.5508
1743735946.4880 263.5508
1743735946.5919 263.5508
1743735946.6959 263.5508
1743735946.7998 266.3867
1743735946.9038 266.3867
1743735947.0076 266.3867
1743735947.1116 267.6758
1743735947.2155 267.6758
1743735947.3194 267.6758
1743735947.4233 267.9336
1743735947.5271 271.0273
1743735947.6310 271.0273
1743735947.7349 271.0273
1743735947.8388 272.5742
1743735947.9426 272.5742
1743735948.0465 273.6055
1743735948.1504 273.6055
1743735948.2543 275.6680
1743735948.3581 275.6680
1743735948.4620 276.6992
1743735948.5659 276.6992
1743735948.6699 277.9883
1743735948.7738 277.9883
1743735948.8778 280.0508
1743735948.9818 280.0508
1743735949.0856 281.0820
1743735949.1895 281.0820
1743735949.2935 282.6289
1743735949.3974 282.6289
1743735949.5014 283.9180
1743735949.6054 283.9180
1743735949.7094 285.4648
1743735949.8134 285.4648
1743735949.9173 286.7539
1743735950.0211 286.7539
1743735950.1252 288.0430
1743735950.2290 288.0430
1743735950.3330 289.3320
1743735950.4369 289.3320
1743735950.5409 289.3320
1743735950.6448 289.3320
1743735950.7487 289.5898
1743735950.8525 291.9102
1743735950.9565 291.9102
1743735951.0604 293.1992
1743735951.1644 293.1992
1743735951.2683 294.2305
1743735951.3722 294.2305
1743735951.4762 294.2305
1743735951.5800 294.2305
1743735951.6840 294.4883
1743735951.7879 296.8086
1743735951.8919 296.8086
1743735951.9958 297.8398
1743735952.0998 297.8398
1743735952.2036 299.1289
1743735952.3075 299.1289
1743735952.4115 300.4180
1743735952.5154 300.4180
1743735952.6193 302.2227
1743735952.7233 302.2227
1743735952.8272 303.5117
1743735952.9310 303.5117
1743735953.0349 304.8008
1743735953.1388 304.8008
1743735953.2428 306.0898
1743735953.3465 306.0898
1743735953.4504 307.6367
1743735953.5543 307.6367
1743735953.6582 309.1836
1743735953.7620 309.1836
1743735953.8658 310.4727
1743735953.9696 310.4727
1743735954.0734 312.0195
1743735954.1772 312.0195
1743735954.2809 313.5664
1743735954.3847 313.5664
1743735954.4883 315.1133
1743735954.5920 315.1133
1743735954.6957 316.6602
1743735954.7994 320.0117
1743735954.9032 320.0117
1743735955.0069 320.2695
1743735955.1107 320.2695
1743735955.2143 324.1367
1743735955.3180 324.9102
1743735955.4218 324.9102
1743735955.5254 324.9102
1743735955.6292 328.7773
1743735955.7329 329.0352
1743735955.8365 329.8086
1743735955.9403 334.4492
1743735956.0442 334.4492
1743735956.1478 334.7070
1743735956.2515 334.7070
1743735956.3553 334.7070
1743735956.4589 334.7070
1743735956.5625 334.7070
1743735956.6662 335.7383
1743735956.7699 338.3164
1743735956.8735 338.3164
1743735956.9773 340.1211
1743735957.0809 340.1211
1743735957.1846 341.9258
1743735957.2884 341.9258
1743735957.3922 343.7305
1743735957.4959 343.7305
1743735957.5997 345.0195
1743735957.7035 345.0195
1743735957.8073 347.0820
1743735957.9112 347.0820
1743735958.0150 348.1133
1743735958.1189 348.1133
1743735958.2229 348.1133
1743735958.3269 348.1133
1743735958.4312 350.9492
1743735958.5353 350.9492
1743735958.6396 350.9492
1743735958.7438 350.9492
1743735958.8482 350.9492
1743735958.9524 354.5586
1743735959.0567 354.5586
1743735959.1609 354.5586
1743735959.2652 354.5586
1743735959.3694 354.5586
1743735959.4736 356.6211
1743735959.5777 356.6211
1743735959.6820 357.6523
1743735959.7861 357.6523
1743735959.8902 358.9414
1743735959.9943 358.9414
1743735960.0984 358.9414
1743735960.2025 358.9414
1743735960.3067 359.4570
1743735960.4107 362.0352
1743735960.5148 362.0352
1743735960.6188 363.3242
1743735960.7228 363.3242
1743735960.8268 364.6133
1743735960.9308 364.6133
1743735961.0348 365.1289
1743735961.1387 368.9961
1743735961.2427 368.9961
1743735961.3467 369.2539
1743735961.4507 369.2539
1743735961.5545 370.0273
1743735961.6585 370.0273
1743735961.7624 370.0273
1743735961.8664 372.6055
1743735961.9703 372.6055
1743735962.0743 374.6680
1743735962.1783 374.6680
1743735962.2821 375.9570
1743735962.3861 375.9570
1743735962.4904 377.7617
1743735962.5938 377.7617
1743735962.6978 379.5664
1743735962.8016 379.5664
1743735962.9055 381.1133
1743735963.0094 381.1133
1743735963.1133 382.9180
1743735963.2175 382.9180
1743735963.3212 386.0117
1743735963.4250 386.0117
1743735963.5289 386.0117
1743735963.6329 389.1055
1743735963.7371 389.1055
1743735963.8407 389.1055
1743735963.9450 392.4570
1743735964.0484 392.4570
1743735964.1523 392.4570
1743735964.2561 395.5508
1743735964.3599 395.5508
1743735964.4637 396.3242
1743735964.5676 396.3242
1743735964.6713 398.3867
1743735964.7752 400.1914
1743735964.8790 400.1914
1743735964.9827 402.2539
1743735965.0866 405.6055
1743735965.1903 405.6055
1743735965.2941 405.8633
1743735965.3978 409.2148
1743735965.5017 409.2148
1743735965.6054 409.2148
1743735965.7094 411.2773
1743735965.8131 411.2773
1743735965.9169 411.2773
1743735966.0208 414.3711
1743735966.1246 414.3711
1743735966.2284 414.3711
1743735966.3323 417.7227
1743735966.4362 417.7227
1743735966.5400 419.0117
1743735966.6438 421.5898
1743735966.7477 421.5898
1743735966.8516 424.6836
1743735966.9553 424.6836
1743735967.0592 424.6836
1743735967.1630 428.0352
1743735967.2668 428.0352
1743735967.3707 428.0352
1743735967.4747 431.3867
1743735967.5784 431.3867
1743735967.6822 431.3867
1743735967.7861 434.7383
1743735967.8898 434.7383
1743735967.9937 434.9961
1743735968.0977 438.3477
1743735968.2014 438.3477
1743735968.3055 439.6367
1743735968.4090 440.6680
1743735968.5136 440.6680
1743735968.6168 444.0195
1743735968.7207 445.3086
1743735968.8246 445.3086
1743735968.9284 446.3398
1743735969.0322 446.3398
1743735969.1359 448.6602
1743735969.2397 449.9492
1743735969.3435 449.9492
1743735969.4471 450.7227
1743735969.5508 454.0742
1743735969.6544 454.3320
1743735969.7581 454.3320
1743735969.8617 457.9414
1743735969.9654 457.9414
1743735970.0690 458.1992
1743735970.1727 461.5508
1743735970.2764 461.8086
1743735970.3799 462.0664
1743735970.4837 465.4180
1743735970.5874 465.4180
1743735970.6911 465.9336
1743735970.7948 469.5430
1743735970.8986 469.5430
1743735971.0023 470.0586
1743735971.1061 473.6680
1743735971.2099 473.6680
1743735971.3137 477.2773
1743735971.4174 477.5352
1743735971.5213 477.5352
1743735971.6250 481.1445
1743735971.7289 481.6602
1743735971.8328 481.6602
1743735971.9365 483.7227
1743735972.0404 484.4961
1743735972.1443 489.1367
1743735972.2483 489.1367
1743735972.3523 489.1367
1743735972.4563 489.1367
1743735972.5605 490.1680
1743735972.6647 491.1992
1743735972.7689 491.1992
1743735972.8732 491.4570
1743735972.9776 494.0352
1743735973.0818 494.0352
1743735973.1862 496.6133
1743735973.2905 496.6133
1743735973.3949 496.6133
1743735973.4992 497.9023
1743735973.6034 497.9023
1743735973.7078 500.4805
1743735973.8120 500.4805
1743735973.9163 500.4805
1743735974.0205 502.8008
1743735974.1247 502.8008
1743735974.2289 502.8008
1743735974.3330 504.3477
1743735974.4372 504.3477
1743735974.5413 505.1211
1743735974.6453 505.1211
1743735974.7494 505.1211
1743735974.8535 505.1211
1743735974.9575 507.6992
1743735975.0615 507.6992
1743735975.1657 507.6992
1743735975.2697 510.0195
1743735975.3737 510.0195
1743735975.4777 511.5664
1743735975.5817 511.5664
1743735975.6857 513.1133
1743735975.7897 513.1133
1743735975.8937 514.6602
1743735975.9977 514.6602
1743735976.1017 515.9492
1743735976.2057 515.9492
1743735976.3095 517.7539
1743735976.4135 517.7539
1743735976.5176 519.5586
1743735976.6214 519.5586
1743735976.7254 521.6211
1743735976.8293 521.6211
1743735976.9333 522.9102
1743735977.0372 522.9102
1743735977.1412 524.4570
1743735977.2450 524.4570
1743735977.3489 526.0039
1743735977.4529 526.0039
1743735977.5568 527.8086
1743735977.6610 527.8086
1743735977.7645 529.0977
1743735977.8684 529.0977
1743735977.9733 530.3867
1743735978.0762 530.3867
1743735978.1802 530.3867
1743735978.2842 530.3867
1743735978.3882 530.9023
1743735978.4922 533.2227
1743735978.5963 533.2227
1743735978.7004 534.5117
1743735978.8046 534.5117
1743735978.9087 535.8008
1743735979.0130 535.8008
1743735979.1172 537.6055
1743735979.2214 537.6055
1743735979.3255 539.1523
1743735979.4298 539.1523
1743735979.5339 540.9570
1743735979.6381 540.9570
1743735979.7422 543.0195
1743735979.8461 543.0195
1743735979.9500 544.5664
1743735980.0538 544.5664
1743735980.1577 546.3711
1743735980.2616 546.3711
1743735980.3654 548.9492
1743735980.4692 548.9492
1743735980.5731 548.9492
1743735980.6774 551.2695
1743735980.7806 551.2695
1743735980.8844 554.1055
1743735980.9879 554.1055
1743735981.0917 554.3633
1743735981.1953 557.7148
1743735981.2991 557.7148
1743735981.4030 557.7148
1743735981.5065 559.7773
1743735981.6103 559.7773
1743735981.7142 561.8398
1743735981.8179 561.8398
1743735981.9217 563.6445
1743735982.0256 563.6445
1743735982.1293 566.2227
1743735982.2332 566.2227
1743735982.3371 566.2227
1743735982.4409 568.0273
1743735982.5450 568.0273
1743735982.6485 569.5742
1743735982.7522 569.5742
1743735982.8560 571.1211
1743735982.9597 571.1211
1743735983.0636 572.4102
1743735983.1673 572.4102
1743735983.2710 572.4102
1743735983.3751 572.4102
1743735983.4795 575.2461
1743735983.5827 575.2461
1743735983.6864 575.2461
1743735983.7902 576.7930
1743735983.8941 576.7930
1743735983.9978 578.5977
1743735984.1017 578.5977
1743735984.2055 579.8867
1743735984.3093 579.8867
1743735984.4135 581.6914
1743735984.5170 581.6914
1743735984.6209 583.2383
1743735984.7246 583.2383
1743735984.8284 584.0117
1743735984.9324 584.0117
1743735985.0362 584.0117
1743735985.1399 584.0117
1743735985.2438 584.0117
1743735985.3478 584.0117
1743735985.4516 587.1055
1743735985.5553 587.1055
1743735985.6592 587.1055
1743735985.7632 588.6523
1743735985.8670 588.6523
1743735985.9707 591.4883
1743735986.0746 591.4883
1743735986.1783 591.4883
1743735986.2822 593.5508
1743735986.3861 593.5508
1743735986.4899 593.5508
1743735986.5939 594.5820
1743735986.6983 594.5820
1743735986.8020 595.3555
1743735986.9059 598.7070
1743735987.0099 598.7070
1743735987.1140 598.7070
1743735987.2181 601.2852
1743735987.3221 601.2852
1743735987.4261 602.5742
1743735987.5301 602.5742
1743735987.6341 604.3789
1743735987.7380 604.3789
1743735987.8420 606.1836
1743735987.9460 606.1836
1743735988.0500 607.7305
1743735988.1540 607.7305
1743735988.2578 609.2773
1743735988.3618 609.2773
1743735988.4658 610.8242
1743735988.5698 610.8242
1743735988.6737 612.3711
1743735988.7778 612.3711
1743735988.8816 613.9180
1743735988.9856 613.9180
1743735989.0896 615.2070
1743735989.1954 615.2070
1743735989.2973 616.2383
1743735989.4013 616.2383
1743735989.5066 617.7852
1743735989.6093 617.7852
1743735989.7141 619.3320
1743735989.8172 619.3320
1743735989.9210 620.8789
1743735990.0250 620.8789
1743735990.1290 622.1680
1743735990.2328 622.1680
1743735990.3368 623.9727
1743735990.4407 623.9727
1743735990.5447 625.5195
1743735990.6486 625.5195
1743735990.7527 627.3242
1743735990.8565 627.3242
1743735990.9604 628.8711
1743735991.0643 628.8711
1743735991.1684 631.7070
1743735991.2725 631.7070
1743735991.3765 631.7070
1743735991.4805 634.5430
1743735991.5846 634.5430
1743735991.6885 634.5430
1743735991.7933 636.6055
1743735991.8967 636.6055
1743735992.0007 636.6055
1743735992.1048 639.4414
1743735992.2088 639.4414
1743735992.3128 639.4414
1743735992.4168 641.7617
1743735992.5209 641.7617
1743735992.6258 641.7617
1743735992.7298 643.0508
1743735992.8330 643.0508
1743735992.9370 645.1133
1743735993.0409 645.1133
1743735993.1450 647.1758
1743735993.2490 647.1758
1743735993.3531 648.4648
1743735993.4570 648.4648
1743735993.5611 649.2383
1743735993.6650 649.2383
1743735993.7692 651.0430
1743735993.8732 651.0430
1743735993.9772 652.3320
1743735994.0813 652.3320
1743735994.1855 652.3320
1743735994.2894 652.3320
1743735994.3935 652.3320
1743735994.5002 654.3945
1743735994.6015 654.3945
1743735994.7056 654.3945
1743735994.8096 656.9727
1743735994.9145 656.9727
1743735995.0176 656.9727
1743735995.1217 656.9727
1743735995.2257 658.0039
1743735995.3297 658.0039
1743735995.4337 658.7773
1743735995.5377 658.7773
1743735995.6417 658.7773
1743735995.7458 660.3242
1743735995.8500 660.3242
1743735995.9542 660.3242
1743735996.0578 660.3242
1743735996.1619 662.3867
1743735996.2660 662.3867
1743735996.3701 664.4492
1743735996.4741 664.4492
1743735996.5782 664.4492
1743735996.6821 664.4492
1743735996.7862 664.4492
1743735996.8902 664.4492
1743735996.9942 667.5430
1743735997.0982 667.5430
1743735997.2023 667.5430
1743735997.3064 667.5430
1743735997.4103 667.5430
1743735997.5144 667.5430
1743735997.6184 667.5430
1743735997.7224 669.0898
1743735997.8263 669.0898
1743735997.9303 669.0898
1743735998.0342 669.0898
1743735998.1382 671.9258
1743735998.2421 671.9258
1743735998.3461 671.9258
1743735998.4500 671.9258
1743735998.5539 671.9258
1743735998.6577 671.9258
1743735998.7616 671.9258
1743735998.8655 673.4727
1743735998.9693 673.4727
1743735999.0732 673.4727
1743735999.1776 673.4727
1743735999.2808 675.5352
1743735999.3846 675.5352
1743735999.4883 675.5352
1743735999.5922 675.5352
1743735999.6959 675.5352
1743735999.7996 675.5352
1743735999.9033 677.5977
1743736000.0070 677.5977
1743736000.1107 678.3711
1743736000.2143 678.3711
1743736000.3179 678.3711
1743736000.4216 679.6602
1743736000.5252 679.6602
1743736000.6290 680.1758
1743736000.7328 680.1758
1743736000.8365 680.1758
1743736000.9403 681.2070
1743736001.0441 681.2070
1743736001.1479 681.2070
1743736001.2518 681.2070
1743736001.3556 683.2695
1743736001.4594 683.2695
1743736001.5633 685.3320
1743736001.6674 685.3320
1743736001.7713 685.3320
1743736001.8755 685.3320
1743736001.9796 685.3320
1743736002.0838 685.3320
1743736002.1882 685.3320
1743736002.2926 685.3320
1743736002.3970 687.3945
1743736002.5013 687.3945
1743736002.6056 687.9102
1743736002.7099 687.9102
1743736002.8142 687.9102
1743736002.9184 689.1992
1743736003.0228 689.1992
1743736003.1271 689.1992
1743736003.2314 689.1992
1743736003.3357 691.7773
1743736003.4398 691.7773
1743736003.5439 691.7773
1743736003.6481 692.0352
1743736003.7522 692.0352
1743736003.8563 692.0352
1743736003.9603 694.3555
1743736004.0643 694.3555
1743736004.1684 694.3555
1743736004.2724 694.3555
1743736004.3766 694.3555
1743736004.4806 696.1602
1743736004.5847 696.1602
1743736004.6887 696.9336
1743736004.7927 696.9336
1743736004.8967 698.2227
1743736005.0007 698.2227
1743736005.1047 698.2227
1743736005.2087 698.2227
1743736005.3127 700.0273
1743736005.4166 700.0273
1743736005.5206 700.0273
1743736005.6246 700.0273
1743736005.7286 700.8008
1743736005.8324 700.8008
1743736005.9365 700.8008
1743736006.0404 702.8633
1743736006.1444 702.8633
1743736006.2484 703.8945
1743736006.3523 703.8945
1743736006.4562 705.1836
1743736006.5601 705.1836
1743736006.6641 706.4727
1743736006.7681 706.4727
1743736006.8722 707.5039
1743736006.9759 707.5039
1743736007.0796 709.0508
1743736007.1835 709.0508
1743736007.2872 710.3398
1743736007.3911 710.3398
1743736007.4948 711.3711
1743736007.5986 711.3711
1743736007.7026 712.6602
1743736007.8062 712.6602
1743736007.9099 713.6914
1743736008.0137 713.6914
1743736008.1176 714.7227
1743736008.2214 714.7227
1743736008.3251 716.0117
1743736008.4290 716.0117
1743736008.5329 717.0430
1743736008.6367 717.0430
1743736008.7406 717.0430
1743736008.8444 717.0430
1743736008.9489 718.3320
1743736009.0522 718.3320
1743736009.1561 720.9102
1743736009.2600 720.9102
1743736009.3638 720.9102
1743736009.4680 723.2305
1743736009.5716 723.2305
1743736009.6755 723.2305
1743736009.7792 723.2305
1743736009.8831 723.2305
1743736009.9869 723.2305
1743736010.0908 724.7773
1743736010.1947 724.7773
1743736010.2986 725.8086
1743736010.4023 725.8086
1743736010.5061 726.8398
1743736010.6098 726.8398
1743736010.7136 727.6133
1743736010.8176 727.6133
1743736010.9212 728.9023
1743736011.0251 728.9023
1743736011.1288 731.2227
1743736011.2327 731.2227
1743736011.3364 731.2227
1743736011.4403 732.7695
1743736011.5442 732.7695
1743736011.6481 732.7695
1743736011.7520 733.0273
1743736011.8558 736.1211
1743736011.9599 736.1211
1743736012.0637 736.1211
1743736012.1676 736.1211
1743736012.2715 736.1211
1743736012.3754 738.4414
1743736012.4793 738.4414
1743736012.5832 738.4414
1743736012.6871 738.4414
1743736012.7912 740.5039
1743736012.8950 740.5039
1743736012.9990 742.8242
1743736013.1028 742.8242
1743736013.2068 742.8242
1743736013.3107 745.6602
1743736013.4147 745.6602
1743736013.5187 745.6602
1743736013.6226 747.7227
1743736013.7266 747.7227
1743736013.8306 747.7227
1743736013.9344 750.0430
1743736014.0384 750.0430
1743736014.1423 751.5898
1743736014.2463 751.5898
1743736014.3502 753.1367
1743736014.4542 753.1367
1743736014.5581 754.6836
1743736014.6620 754.6836
1743736014.7662 756.2305
1743736014.8698 756.2305
1743736014.9743 757.5195
1743736015.0773 757.5195
1743736015.1812 759.0664
1743736015.2896 759.0664
1743736015.3888 760.3555
1743736015.4952 760.3555
1743736015.5964 762.9336
1743736015.7001 762.9336
1743736015.8038 764.2227
1743736015.9076 765.7695
1743736016.0112 765.7695
1743736016.1149 767.5742
1743736016.2187 769.1211
1743736016.3222 769.1211
1743736016.4258 770.4102
1743736016.5297 773.7617
1743736016.6332 773.7617
1743736016.7369 774.5352
1743736016.8406 775.8242
1743736016.9443 780.4648
1743736017.0482 780.4648
1743736017.1520 780.4648
1743736017.2558 780.4648
1743736017.3596 780.4648
1743736017.4633 781.4961
1743736017.5673 784.0742
1743736017.6711 784.0742
1743736017.7749 786.1367
1743736017.8790 786.1367
1743736017.9829 787.6836
1743736018.0871 787.6836
1743736018.1911 789.7461
1743736018.2953 789.7461
1743736018.3996 792.5820
1743736018.5037 792.5820
1743736018.6079 792.5820
1743736018.7122 794.1289
1743736018.8165 794.1289
1743736018.9207 794.1289
1743736019.0248 794.1289
1743736019.1290 794.3867
1743736019.2331 794.3867
1743736019.3372 794.3867
1743736019.4415 796.4492
1743736019.5456 796.4492
1743736019.6497 797.2227
1743736019.7540 797.2227
1743736019.8581 797.9961
1743736019.9622 797.9961
1743736020.0663 799.0273
1743736020.1704 799.0273
1743736020.2746 800.0586
1743736020.3787 800.0586
1743736020.4828 802.6367
1743736020.5868 802.6367
1743736020.6908 802.6367
1743736020.7948 804.4414
1743736020.8990 804.4414
1743736021.0028 805.7305
1743736021.1068 805.7305
1743736021.2108 807.2773
1743736021.3148 807.2773
1743736021.4188 808.3086
1743736021.5228 808.3086
1743736021.6268 809.5977
1743736021.7307 809.5977
1743736021.8347 809.5977
1743736021.9386 809.5977
1743736022.0426 809.5977
1743736022.1466 811.4023
1743736022.2504 811.4023
1743736022.3545 811.4023
1743736022.4585 811.4023
1743736022.5624 813.2070
1743736022.6663 813.2070
1743736022.7703 813.9805
1743736022.8743 813.9805
1743736022.9782 814.7539
1743736023.0822 814.7539
1743736023.1862 815.2695
1743736023.2902 815.2695
1743736023.3941 815.2695
1743736023.4981 815.2695
1743736023.6021 815.5273
1743736023.7061 815.5273
1743736023.8099 815.5273
1743736023.9140 815.5273
1743736024.0179 815.5273
1743736024.1218 815.5273
1743736024.2258 816.0430
1743736024.3297 816.0430
1743736024.4337 816.8164
1743736024.5376 816.8164
1743736024.6416 817.5898
1743736024.7454 817.5898
1743736024.8494 818.1055
1743736024.9533 821.1992
1743736025.0573 821.1992
1743736025.1612 821.1992
1743736025.2652 821.1992
1743736025.3691 821.1992
1743736025.4731 822.4883
1743736025.5769 822.4883
1743736025.6810 823.2617
1743736025.7849 823.2617
1743736025.8890 823.2617
1743736025.9928 823.2617
1743736026.0968 823.2617
1743736026.2008 824.2930
1743736026.3048 824.2930
1743736026.4088 824.2930
1743736026.5128 824.2930
1743736026.6168 826.3555
1743736026.7209 826.3555
1743736026.8248 826.3555
1743736026.9335 826.3555
1743736027.0331 827.6445
1743736027.1377 827.6445
1743736027.2407 827.6445
1743736027.3447 827.6445
1743736027.4487 830.2227
1743736027.5527 830.2227
1743736027.6567 830.2227
1743736027.7611 830.2227
1743736027.8644 830.2227
1743736027.9685 831.5117
1743736028.0725 831.5117
1743736028.1765 831.5117
1743736028.2804 831.5117
1743736028.3843 832.0273
1743736028.4882 832.0273
1743736028.5922 832.0273
1743736028.6962 832.0273
1743736028.8001 832.0273
1743736028.9040 832.0273
1743736029.0080 832.0273
1743736029.1118 834.3477
1743736029.2157 834.3477
1743736029.3202 834.3477
1743736029.4235 834.3477
1743736029.5275 834.3477
1743736029.6319 834.6055
1743736029.7354 834.6055
1743736029.8393 834.6055
1743736029.9432 836.6680
1743736030.0472 836.6680
1743736030.1513 836.6680
1743736030.2553 836.6680
1743736030.3593 836.6680
1743736030.4634 836.6680
1743736030.5675 836.6680
1743736030.6715 836.6680
1743736030.7755 836.6680
1743736030.8796 836.9258
1743736030.9836 836.9258
1743736031.0876 837.1836
1743736031.1916 837.1836
1743736031.2955 837.9570
1743736031.3995 840.2773
1743736031.5035 840.2773
1743736031.6075 840.2773
1743736031.7113 840.2773
1743736031.8153 840.2773
1743736031.9193 840.2773
1743736032.0232 840.2773
1743736032.1272 840.2773
1743736032.2311 840.2773
1743736032.3351 840.2773
1743736032.4390 843.1133
1743736032.5430 843.1133
1743736032.6469 843.1133
1743736032.7507 843.1133
1743736032.8546 843.1133
1743736032.9585 843.1133
1743736033.0625 843.1133
1743736033.1665 843.1133
1743736033.2703 843.1133
1743736033.3742 845.4336
1743736033.4781 845.4336
1743736033.5817 845.4336
1743736033.6854 845.4336
1743736033.7891 845.4336
1743736033.8927 845.4336
1743736033.9965 845.4336
1743736034.1002 845.4336
1743736034.2038 846.9805
1743736034.3076 846.9805
1743736034.4112 847.7539
1743736034.5150 847.7539
1743736034.6189 848.5273
1743736034.7227 848.5273
1743736034.8267 848.5273
1743736034.9308 849.8164
1743736035.0350 849.8164
1743736035.1392 849.8164
1743736035.2435 849.8164
1743736035.3476 849.8164
1743736035.4517 849.8164
1743736035.5558 849.8164
1743736035.6600 851.6211
1743736035.7641 851.6211
1743736035.8682 851.6211
1743736035.9722 851.6211
1743736036.0762 852.1367
1743736036.1802 852.1367
1743736036.2842 852.1367
1743736036.3882 853.9414
1743736036.4922 853.9414
1743736036.5961 853.9414
1743736036.7001 853.9414
1743736036.8041 853.9414
1743736036.9081 853.9414
1743736037.0121 854.7148
