1743735922.682509 0.008932 0.000000 0.000000 0.000000 0.000000 0.000000
1743735922.786384 0.241998 2.986010 8.482674 24.870723 5.264479 41.845884
1743735922.890403 0.009342 3.212351 8.521970 12.233032 8.167415 32.144110
1743735922.994259 0.010168 3.484223 8.853977 10.302079 8.908262 31.558709
1743735923.098131 0.010186 3.911293 8.648501 12.494910 9.063562 34.128452
1743735923.202008 0.009553 3.655734 8.874807 12.408038 8.921152 33.869284
1743735923.305886 0.009932 3.231521 9.146384 11.676878 8.539972 32.604687
1743735923.409631 0.009851 3.790126 9.142093 12.741994 9.192616 34.876680
1743735923.513383 0.010256 4.049889 9.659940 14.262800 9.760472 37.743357
1743735923.617131 0.010554 4.856630 12.437319 13.359612 9.690014 40.354129
1743735923.720913 0.010396 3.439522 10.197892 14.687116 8.910559 37.245485
1743735923.824636 0.009834 3.183096 9.963071 15.580448 8.516003 37.252452
1743735923.928382 0.010833 5.562358 10.830440 15.170947 9.925760 41.500338
1743735924.032136 0.011267 3.268849 10.223706 15.103341 8.699911 37.307074
1743735924.135762 0.011551 3.342172 10.004208 17.589897 8.792804 39.740632
1743735924.239506 0.011949 3.380027 10.330037 16.702594 9.058284 39.482891
1743735924.343281 0.010513 3.193961 10.522879 16.146699 8.506805 38.380857
1743735924.446883 0.011553 3.290226 10.306435 17.193497 8.953085 39.754796
1743735924.550511 0.010537 3.497578 10.336066 17.411300 9.292256 40.547737
1743735924.654259 0.011144 3.892604 10.320663 17.023395 9.438246 40.686052
1743735924.758007 0.009854 3.741940 10.623707 19.360828 9.146192 42.882521
1743735924.861635 0.010555 3.378354 10.505354 18.010924 9.063602 40.968789
1743735924.965384 0.010694 3.522396 10.975774 17.958745 9.375173 41.842782
1743735925.069013 0.010952 3.716823 10.991920 19.243563 9.199275 43.162533
1743735925.172653 0.010453 3.176644 11.093886 20.666730 9.008141 43.955854
1743735925.276129 0.011005 3.317782 11.575640 18.781608 8.821396 42.507431
1743735925.379838 0.016521 3.242381 11.178883 20.465274 8.760392 43.663451
1743735925.483399 0.010914 3.561176 12.124583 19.519353 8.857903 44.073929
1743735925.587150 0.011536 3.366312 11.483243 19.205648 8.198992 42.265731
1743735925.690757 0.010182 3.228211 11.346289 19.935640 8.440020 42.960342
1743735925.794510 0.011641 3.225072 11.564920 19.572345 8.813418 43.187396
1743735925.898260 0.010076 3.562790 11.715911 22.590415 9.052901 46.932093
1743735926.001883 0.010406 3.383197 11.675981 22.746483 8.698331 46.514398
1743735926.105635 0.010858 3.625303 11.689845 20.899277 9.388561 45.613844
1743735926.209402 0.008590 3.933370 11.396983 19.855405 8.982685 44.177033
1743735926.313157 0.010696 4.429342 11.707028 21.632970 9.638102 47.418138
1743735926.416904 0.010610 3.563996 11.476393 22.400882 9.053101 46.504982
1743735926.520760 0.013071 3.486030 10.909588 21.730068 9.289254 45.428011
1743735926.624631 0.010236 3.591646 11.091029 19.482026 9.453468 43.628405
1743735926.728793 0.010446 3.576384 10.467543 19.580835 9.153852 42.789060
1743735926.832775 0.012027 3.690932 10.573711 21.188882 9.354197 44.819749
1743735926.936889 0.011422 3.302004 10.362356 22.146866 8.704507 44.527155
1743735927.041021 0.011740 3.509454 9.867877 20.089469 9.869292 43.347832
1743735927.145155 0.010798 3.261592 9.500642 18.267491 8.742012 39.782535
1743735927.249394 0.011378 2.954732 8.863484 17.108973 8.387243 37.325810
1743735927.353759 0.011210 3.300795 7.984862 15.037218 8.931242 35.265327
1743735927.458009 0.011057 3.525543 7.761103 14.002248 8.612830 33.912781
1743735927.562468 0.010619 4.115425 7.419450 13.783788 9.143376 34.472658
1743735927.666759 0.012489 3.515353 7.313460 13.102560 8.672377 32.616239
1743735927.771011 0.009961 3.391344 7.276193 14.185285 8.477950 33.340733
1743735927.875387 0.010388 4.215243 7.916788 13.681445 8.367707 34.191571
1743735927.979663 0.009987 3.676487 7.264086 14.184303 8.463925 33.598788
1743735928.084010 0.011214 3.512219 6.997105 13.651330 8.321891 32.493759
1743735928.188258 0.011005 3.454769 7.074469 14.221878 8.034103 32.796224
1743735928.292517 0.010604 3.687352 7.156550 14.561612 8.388679 33.804797
1743735928.396762 0.009907 3.534853 7.122205 14.576864 8.330110 33.573939
1743735928.500886 0.010165 3.304801 6.963702 14.420789 8.131988 32.831445
1743735928.605032 0.009908 3.515530 6.669698 13.323184 8.070620 31.588940
1743735928.709281 0.010537 3.971181 6.936760 13.809772 8.432174 33.160424
1743735928.813385 0.010239 3.360831 6.789523 14.437414 8.192623 32.790630
1743735928.917532 0.010309 3.709441 6.605967 14.176561 8.467206 32.969484
1743735929.021534 0.010786 3.565626 6.545915 12.886174 8.227744 31.236245
1743735929.125652 0.009475 3.232863 6.553472 14.037668 8.492610 32.326088
1743735929.229780 0.010130 3.561291 6.386982 12.556700 9.313984 31.829087
1743735929.333789 0.010502 3.542595 6.432404 13.492031 8.500953 31.978485
1743735929.437889 0.010177 3.607879 6.458958 13.798359 8.414217 32.289590
1743735929.541886 0.009231 3.403177 6.587030 14.016140 8.970396 32.985974
1743735929.645887 0.010024 3.227434 7.177406 15.147327 7.727716 33.289907
1743735929.749886 0.011266 4.642440 8.986712 14.125862 9.080612 36.846892
1743735929.853765 0.011432 3.705920 6.697861 14.074791 8.815314 33.305318
1743735929.957781 0.011348 3.534659 6.784656 14.911493 8.445941 33.688097
1743735930.061781 0.006284 2.713991 7.076634 15.052498 4.933439 29.782846
1743735930.165760 0.006463 2.745949 6.919791 13.952296 4.922633 28.547132
1743735930.269780 0.006552 3.115419 8.559679 18.169845 5.904852 35.756347
1743735930.373638 0.008960 2.885335 8.318274 17.641221 5.950949 34.804739
1743735930.477640 0.006003 2.837124 7.494948 15.920082 5.039238 31.297395
1743735930.581512 0.006954 2.842759 7.359822 15.134928 6.425060 31.769523
1743735930.685513 0.009662 2.779899 7.306070 13.739079 5.350567 29.185277
1743735930.789514 0.010339 4.578476 7.728600 13.246076 8.822980 34.386471
1743735930.893513 0.011814 4.427562 7.406067 14.557224 8.669727 35.072394
1743735930.997515 0.014832 3.729345 7.507908 14.591920 8.694099 34.538104
1743735931.101389 0.010426 4.309835 7.262023 15.350257 8.766384 35.698925
1743735931.205386 0.010193 3.827034 7.304378 13.687641 8.824168 33.653414
1743735931.309408 0.010386 3.687323 6.908164 14.592947 8.993708 34.192528
1743735931.413260 0.010317 4.617263 7.412141 11.940911 8.880788 32.861420
1743735931.517265 0.009723 2.636882 6.626312 14.090356 5.812617 29.175890
1743735931.621265 0.009668 3.913769 9.949532 16.928956 8.981847 39.783772
1743735931.725267 0.013024 3.243077 10.321597 12.663226 9.219682 35.460606
1743735931.829140 0.010650 3.666723 7.175488 13.694087 8.829067 33.376015
1743735931.933161 0.010172 4.962590 7.864164 12.992702 8.902245 34.731873
1743735932.037014 0.011990 3.376999 6.992263 13.413818 8.741530 32.536600
1743735932.141038 0.009685 3.586944 7.066280 14.023830 8.693497 33.380236
1743735932.245012 0.011409 3.606261 7.093147 13.956031 8.966582 33.633430
1743735932.348894 0.009887 3.472098 7.583232 13.682380 9.117082 33.864679
1743735932.452889 0.009999 3.754996 7.609274 13.354042 9.193542 33.921853
1743735932.556758 0.010002 3.520181 7.461640 13.209210 9.102380 33.303413
1743735932.660642 0.010392 3.861567 7.490769 12.886116 9.203836 33.452680
1743735932.764639 0.010069 3.432354 7.429759 14.187135 9.180714 34.240031
1743735932.868519 0.010223 3.602711 7.490956 12.878500 9.100508 33.082898
1743735932.972519 0.010026 3.639348 7.898271 14.046568 9.366501 34.960714
1743735933.076389 0.009751 3.604408 7.923826 13.332481 9.006964 33.877430
1743735933.180269 0.010177 3.690353 8.089384 13.845203 9.498974 35.134091
1743735933.284259 0.010196 3.883193 8.231330 14.158818 9.400669 35.684206
1743735933.388139 0.010432 3.551509 7.978410 12.897816 9.009512 33.447679
1743735933.492159 0.009766 3.807919 8.426408 13.493090 8.724596 34.461779
1743735933.596019 0.006372 5.598239 9.034397 13.719170 8.513412 36.871590
1743735933.700019 0.041120 5.374163 13.369072 14.990423 8.174603 41.949381
1743735933.803889 0.010586 3.321278 8.668556 14.398362 8.659833 35.058615
1743735933.907889 0.010180 3.748228 8.081719 13.255325 8.580180 33.675632
1743735934.011789 0.010925 3.802395 8.406204 13.578314 8.782848 34.580686
1743735934.115769 0.009972 3.835115 8.140461 13.730246 8.239265 33.955059
1743735934.219659 0.011823 3.830002 8.270795 14.079839 8.456938 34.649397
1743735934.323639 0.010342 4.796493 8.974867 13.773465 8.434446 35.989613
1743735934.427639 0.011011 3.657009 8.070089 12.849255 8.207592 32.794956
1743735934.531649 0.010106 3.931533 8.461078 13.207402 8.183994 33.794113
1743735934.635769 0.010604 3.852364 8.339718 14.663879 8.543969 35.410534
1743735934.739769 0.011275 4.798486 10.943354 14.616383 8.680388 39.049886
1743735934.843889 0.010179 3.275876 8.202689 14.425652 8.230871 34.145267
1743735934.948019 0.011593 3.823914 8.455616 14.133897 8.685227 35.110247
1743735935.052139 0.011761 3.779299 8.366416 14.156055 8.703458 35.016989
1743735935.156419 0.011677 3.616433 9.824029 14.745704 8.449679 36.647522
1743735935.260639 0.010815 3.700351 8.627509 15.146422 8.738920 36.224017
1743735935.364899 0.010862 3.131932 8.799548 15.117901 8.432444 35.492687
1743735935.469289 0.009857 2.764346 8.728373 16.068561 5.754901 33.326038
1743735935.573639 0.010113 4.093863 9.586617 16.025315 9.103751 38.819659
1743735935.678019 0.011384 3.801384 9.264499 15.650621 8.871777 37.599665
1743735935.782389 0.010742 3.445196 9.305868 18.147079 8.797813 39.706698
1743735935.886889 0.011485 3.720548 9.108286 15.751793 8.743727 37.335839
1743735935.991269 0.010509 3.627917 11.239331 16.144087 8.956052 39.977896
1743735936.095769 0.010477 3.937537 9.532287 17.912748 9.187388 40.580437
1743735936.200139 0.010354 3.073639 9.057199 16.142488 8.429387 36.713067
1743735936.304639 0.010785 3.607388 9.486203 15.018570 8.825091 36.948037
1743735936.409019 0.010931 3.546174 9.234937 15.276288 9.122846 37.191176
1743735936.513269 0.011521 3.597930 9.224606 15.806578 9.232427 37.873062
1743735936.617639 0.011910 3.405252 9.332683 14.498237 9.155908 36.403990
1743735936.721889 0.010393 3.303214 9.083305 13.598214 8.905568 34.900694
1743735936.826159 0.010164 4.210116 10.252342 15.120076 9.383994 38.976692
1743735936.930389 0.010250 5.713418 10.749214 15.111254 10.248091 41.832227
1743735937.034659 0.010353 3.441985 9.708222 14.861734 9.197928 37.220222
1743735937.138889 0.011683 3.462857 9.845222 13.819088 8.845570 35.984420
1743735937.243139 0.010968 3.933355 9.874956 14.343052 9.657417 37.819748
1743735937.347389 0.010779 3.268418 9.363087 15.758973 8.991895 37.393152
1743735937.451519 0.012062 3.672242 9.504910 13.866434 9.142479 36.198127
1743735937.555669 0.010721 3.616011 9.609538 15.015825 8.937397 37.189492
1743735937.659659 0.009747 5.498141 10.995531 15.118278 8.148390 39.770087
1743735937.763669 0.010730 4.572278 13.817393 12.861113 9.736273 40.997787
1743735937.867519 0.010968 3.193825 8.572197 12.142694 8.867809 32.787493
1743735937.971269 0.010348 3.579458 8.635344 12.045253 9.057604 33.328007
1743735938.074989 0.009647 5.262571 9.233624 13.320478 9.351268 37.177588
1743735938.178699 0.010579 5.404476 10.303242 11.658011 9.739725 37.116033
1743735938.282419 0.010545 5.041156 9.478865 12.839598 9.491060 36.861224
1743735938.386119 0.010123 4.094056 8.243156 11.582305 9.224000 33.153640
1743735938.489829 0.010145 3.647421 7.570361 11.970018 8.761274 31.959219
1743735938.593519 0.009600 3.663030 7.443381 13.065056 8.918905 33.099972
1743735938.697269 0.011216 3.796888 7.053493 11.085520 8.782786 30.729903
1743735938.801059 0.010092 4.086945 7.186689 10.536414 8.651277 30.471417
1743735938.904869 0.009872 3.539121 6.897053 11.521853 8.740362 30.708261
1743735939.008649 0.010470 3.587583 6.522361 10.041504 8.849976 29.011894
1743735939.112399 0.010660 3.823624 6.769936 9.558038 8.994469 29.156727
1743735939.216269 0.010396 3.645219 6.877370 10.225004 8.817835 29.575824
1743735939.320029 0.009832 3.507545 6.390461 9.494032 8.507915 27.909785
1743735939.423769 0.011930 4.862614 10.089485 11.184082 9.392852 35.540963
1743735939.527649 0.009844 3.317244 6.079083 9.347257 8.612054 27.365482
1743735939.631399 0.009987 5.023889 7.175690 9.787280 8.277268 30.274114
1743735939.735139 0.010848 3.187689 6.071228 10.657241 8.863794 28.790800
1743735939.838929 0.009854 3.217499 6.672054 11.095658 8.761475 29.756540
1743735939.942789 0.010419 3.213631 6.294864 10.838733 8.980447 29.338094
1743735940.046509 0.009906 3.399157 6.304778 11.254938 9.254348 30.223127
1743735940.150399 0.009984 3.680214 6.676907 10.637383 8.986768 29.991256
1743735940.254169 0.009856 3.563613 6.859679 11.134835 9.359339 30.927322
1743735940.358019 0.010154 3.411160 7.007438 11.933968 9.148993 31.511713
1743735940.461899 0.009753 3.716044 7.029811 12.350264 9.130663 32.236535
1743735940.565649 0.010917 3.503395 6.953717 12.469043 9.130238 32.067310
1743735940.669519 0.010573 5.110632 7.959852 13.306074 9.506053 35.893184
1743735940.773389 0.009857 3.927004 7.865349 12.978584 9.341678 34.122472
1743735940.877269 0.009483 4.335720 7.392516 12.392421 9.218056 33.348196
1743735940.981019 0.010236 4.262916 7.289172 12.133330 9.489530 33.185184
1743735941.084899 0.010209 3.783528 7.647732 12.848084 9.112550 33.402103
1743735941.188769 0.010621 3.535570 7.201958 12.718496 9.220210 32.686855
1743735941.292639 0.009739 4.800846 8.145039 14.478931 9.340147 36.774702
1743735941.396419 0.010248 3.452988 8.109513 13.037600 8.905220 33.515569
1743735941.500269 0.014474 3.235821 8.133649 14.453562 8.616733 34.454239
1743735941.604149 0.010888 4.824716 8.375216 16.323843 9.114464 38.649127
1743735941.708019 0.010343 3.162123 8.686599 15.856637 5.622248 33.337950
1743735941.811899 0.011796 3.612235 8.191105 15.575155 9.181300 36.571591
1743735941.915769 0.010109 3.534830 8.674877 14.983243 8.751916 35.954975
1743735942.019519 0.010668 3.162431 8.453723 13.672251 8.594146 33.893219
1743735942.123399 0.009398 3.626235 8.235755 14.282091 8.738205 34.891684
1743735942.227269 0.010847 4.984929 8.819642 14.427734 9.529888 37.773040
1743735942.331019 0.011827 2.899574 8.580582 16.233286 8.199615 35.924884
1743735942.434899 0.005571 3.791990 9.147205 17.231652 5.409029 35.585447
1743735942.538769 0.010768 3.018359 9.098011 15.431547 8.230545 35.789230
1743735942.642649 0.011138 3.143401 8.824292 15.684137 8.607291 36.270259
1743735942.746519 0.010024 3.448054 9.634453 17.433915 8.624643 39.151089
1743735942.850439 0.011092 3.306424 8.696702 17.429223 8.769831 38.213272
1743735942.954399 0.009834 3.204489 9.151140 14.923605 8.403432 35.692500
1743735943.058269 0.011130 3.321405 9.529836 16.650933 8.707666 38.220970
1743735943.162259 0.011234 3.478929 9.104587 15.674347 9.022884 37.291981
1743735943.266149 0.010214 3.701508 9.138451 17.023590 9.004459 38.878222
1743735943.370019 0.010607 3.424256 9.012243 14.278357 8.816706 35.542169
1743735943.474039 0.009997 3.743161 8.838188 14.713247 9.048389 36.352982
1743735943.577899 0.006239 4.003503 8.497069 15.911214 8.320924 36.738949
1743735943.681769 0.010977 3.643717 8.289236 14.231829 9.481938 35.657697
1743735943.785779 0.010512 3.325419 7.878327 14.863438 8.883957 34.961653
1743735943.889649 0.010841 3.619341 7.828151 13.208296 8.697978 33.364607
1743735943.993629 0.010111 4.189551 7.637462 12.806676 9.015949 33.659749
1743735944.097549 0.010177 4.899831 9.267488 14.471095 9.048454 37.697045
1743735944.201519 0.009842 4.054112 7.729071 13.651299 8.855197 34.299521
1743735944.305409 0.010443 3.904470 7.660663 12.999166 8.550625 33.125367
1743735944.409399 0.009874 3.831128 7.473882 14.286516 8.951623 34.553023
1743735944.513269 0.011556 3.722947 7.839639 14.427526 8.632873 34.634541
1743735944.617149 0.009582 3.393373 7.842337 13.910654 8.344932 33.500878
1743735944.721169 0.011517 3.863842 7.813561 13.263098 9.011729 33.963747
1743735944.825129 0.011408 3.858564 7.735046 13.973477 8.914480 34.492975
1743735944.929049 0.010013 3.436846 7.813870 15.511259 8.324902 35.096890
1743735945.032899 0.011678 3.793654 8.171005 13.545242 8.480046 34.001625
1743735945.136899 0.009943 3.630603 8.086636 15.338859 8.342931 35.408972
1743735945.240879 0.011390 3.712053 7.870252 13.878065 8.334026 33.805786
1743735945.344779 0.011267 3.794283 7.876406 14.943108 8.536060 35.161124
1743735945.448649 0.011233 3.753458 8.314240 14.778658 8.548359 35.405948
1743735945.552669 0.011254 3.834162 8.754108 16.572121 8.627953 37.799598
1743735945.656529 0.010812 3.795842 10.817048 15.518227 8.717386 38.859315
1743735945.760519 0.010821 3.853602 8.737791 16.677207 8.927272 38.206693
1743735945.864499 0.011437 3.598669 8.485640 14.805936 8.402185 35.303867
1743735945.968419 0.011063 3.807580 8.458835 14.849589 8.929851 36.056918
1743735946.072279 0.011039 3.803412 8.292958 14.289838 8.565129 34.962376
1743735946.176269 0.011141 3.706855 8.021182 14.776585 8.533625 35.049388
1743735946.280149 0.011668 3.743917 7.919023 14.265812 8.477152 34.417572
1743735946.384019 0.010191 3.742311 7.620188 13.046791 9.382145 33.801626
1743735946.488049 0.010281 3.826375 7.632471 15.093917 8.996989 35.560033
1743735946.591899 0.010872 3.782305 7.616009 15.132267 8.829210 35.370663
1743735946.695899 0.011309 3.608416 8.081048 13.572378 8.473940 33.747091
1743735946.799779 0.009684 3.621126 7.809618 13.600516 8.353676 33.394620
1743735946.903779 0.010575 3.538990 7.109323 12.619565 8.631186 31.909639
1743735947.007649 0.011105 3.604192 7.028127 11.755847 8.467885 30.867156
1743735947.111649 0.010165 3.428362 6.733954 11.476756 8.173963 29.823200
1743735947.215529 0.010032 2.628009 6.860422 12.244227 5.442004 27.184694
1743735947.319399 0.010845 3.316732 6.809442 12.794418 8.530862 31.462299
1743735947.423269 0.010853 3.490045 6.979491 12.097077 8.748946 31.326412
1743735947.527149 0.010687 3.792511 7.221008 12.545849 8.876071 32.446126
1743735947.631019 0.010832 3.562731 6.591581 13.276015 8.679135 32.120294
1743735947.734899 0.011029 3.786865 7.330848 11.912222 9.219267 32.260231
1743735947.838779 0.010902 3.176185 7.251601 11.999308 8.479609 30.917605
1743735947.942649 0.011416 3.353238 6.931031 14.204619 8.775994 33.276298
1743735948.046519 0.010580 3.078665 7.504596 13.316852 8.205918 32.116611
1743735948.150399 0.010183 4.990056 9.266488 15.815498 9.102162 39.184387
1743735948.254299 0.011622 3.318794 7.502302 13.841757 8.572459 33.246934
1743735948.358149 0.011123 3.756150 7.208912 13.716624 8.918932 33.611741
1743735948.462029 0.010207 3.527562 7.351164 13.148634 8.417255 32.454822
1743735948.565899 0.010786 3.838450 7.438898 12.436000 9.037271 32.761405
1743735948.669899 0.011599 3.569133 8.036886 13.251929 8.957599 33.827146
1743735948.773779 0.010354 3.986678 7.934789 12.695928 9.293818 33.921567
1743735948.877779 0.010513 2.903124 7.907108 13.552691 9.072333 33.445769
1743735948.981799 0.010352 3.641945 8.018047 14.153963 9.137940 34.962247
1743735949.085649 0.010694 3.437837 7.633798 13.299854 8.604675 32.986858
1743735949.189529 0.011346 3.697664 7.281239 12.863211 8.885511 32.738971
1743735949.293529 0.010448 3.255798 7.923831 15.330452 8.719893 35.240422
1743735949.397399 0.010893 3.141782 7.529304 14.705875 8.615301 34.003155
1743735949.501399 0.010677 3.120035 7.272003 11.979249 8.891199 31.273163
1743735949.605399 0.009776 3.241502 8.104347 13.215475 6.316245 30.887345
1743735949.709399 0.006523 5.077235 7.983556 12.842361 10.174900 36.084575
1743735949.813399 0.010759 2.815112 7.243598 12.495452 6.174656 28.739577
1743735949.917279 0.010631 3.449785 7.472664 12.907673 8.893198 32.733951
1743735950.021149 0.009697 3.668473 7.820625 14.312944 10.390580 36.202319
1743735950.125169 0.010911 3.319312 7.698604 11.799807 9.008987 31.837621
1743735950.229029 0.011784 3.397445 7.669115 13.380096 9.881087 34.339527
1743735950.333029 0.009859 3.247835 7.855745 13.361959 9.094890 33.570288
1743735950.436899 0.011249 3.501000 7.657653 13.015323 9.390452 33.575677
1743735950.540919 0.012395 3.677918 7.699094 14.007881 9.437767 34.835055
1743735950.644809 0.009881 5.071460 8.385135 12.591514 9.416144 35.474134
1743735950.748659 0.009778 3.183424 7.854806 12.494276 8.746108 32.288392
1743735950.852529 0.009916 3.170778 8.372403 12.250299 8.738388 32.541784
1743735950.956549 0.005664 3.016378 8.861403 14.372455 8.173975 34.429875
1743735951.060399 0.010983 3.384380 8.486733 14.625376 8.976785 35.484257
1743735951.164399 0.010237 3.557428 8.320141 13.779647 9.080740 34.748193
1743735951.268279 0.011260 3.476104 8.517995 12.299631 8.983933 33.288923
1743735951.372169 0.009415 3.848206 8.954243 13.907820 9.363344 36.083028
1743735951.476179 0.009687 3.503557 8.770736 13.557188 8.859430 34.700598
1743735951.580029 0.007726 4.723012 8.766909 14.720207 6.368206 34.586060
1743735951.684029 0.010043 2.919283 8.532991 14.274337 5.989150 31.725804
1743735951.787899 0.010433 3.571008 9.042213 14.484798 9.008225 36.116677
1743735951.891899 0.010404 3.514960 8.487957 13.459564 9.015097 34.487982
1743735951.995779 0.010070 3.388457 8.208589 13.329591 8.763578 33.700285
1743735952.099779 0.010491 3.597104 8.499010 13.639053 8.858398 34.604056
1743735952.203649 0.010764 3.478036 8.801646 14.015755 8.819366 35.125567
1743735952.307529 0.010208 3.811629 9.358121 14.340958 9.196936 36.717852
1743735952.411549 0.009719 3.322919 9.237045 15.089551 9.017707 36.676941
1743735952.515409 0.011095 3.874419 10.836453 13.934875 9.095232 37.752074
1743735952.619279 0.010165 3.844398 10.817154 15.073019 9.273327 39.018063
1743735952.723279 0.009366 4.167868 9.537964 12.519936 9.266338 35.501472
1743735952.827159 0.010276 3.336991 9.000348 12.242530 8.825643 33.415788
1743735952.931029 0.010116 3.464935 9.051929 14.709870 8.793953 36.030803
1743735953.034909 0.009530 3.094932 9.240106 14.548211 8.631982 35.524761
1743735953.138779 0.011065 3.658370 9.579547 14.711307 9.386970 37.347259
1743735953.242779 0.009836 3.194143 9.494054 14.026515 8.621772 35.346320
1743735953.346549 0.011317 3.424163 9.591624 12.959564 9.015346 35.002014
1743735953.450409 0.010627 3.307518 10.041867 14.665576 8.952910 36.978498
1743735953.554299 0.009998 4.809692 13.614893 15.203006 9.699739 43.337328
1743735953.658159 0.010536 3.090806 10.207139 15.624806 9.007047 37.940334
1743735953.762049 0.011403 3.890065 10.484887 13.908841 9.795255 38.090451
1743735953.865779 0.010210 2.893920 10.774915 16.891838 7.507164 38.078047
1743735953.969649 0.010190 3.421445 10.660837 15.256178 9.241892 38.590542
1743735954.073409 0.010899 3.283134 10.963745 14.178256 9.051764 37.487798
1743735954.177169 0.009632 3.628478 11.929433 16.562914 9.299432 41.429889
1743735954.280899 0.011014 5.057409 13.874831 17.289675 9.059138 45.292067
1743735954.384659 0.011270 3.272444 12.120130 17.672466 9.288502 42.364812
1743735954.488279 0.010603 3.207220 12.776819 16.473423 9.116821 41.584886
1743735954.592029 0.011597 3.522943 13.283195 19.170051 9.584624 45.572410
1743735954.695659 0.011196 3.231474 13.601562 19.447900 9.270890 45.563022
1743735954.799409 0.011174 3.371920 15.458835 17.437085 9.275631 45.554645
1743735954.903159 0.010692 3.427487 15.044982 17.835832 9.691058 46.010051
1743735955.006909 0.010570 3.620139 15.696128 19.492826 9.635858 48.455521
1743735955.110679 0.011478 3.363122 15.445715 19.840465 9.511559 48.172339
1743735955.214279 0.011224 3.274922 15.787668 22.647409 9.072263 50.793486
1743735955.318039 0.009665 3.440375 21.153912 20.242289 7.173591 52.019832
1743735955.421779 0.013850 3.347278 16.582472 21.768293 9.588510 51.300403
1743735955.525409 0.011726 3.447312 16.206675 20.801175 9.464439 49.931327
1743735955.629159 0.011545 3.225700 15.958721 20.611416 8.527505 48.334887
1743735955.732909 0.011003 3.447232 17.667388 22.000015 9.408867 52.534505
1743735955.836529 0.009986 3.599288 17.260030 22.998609 9.647358 53.515271
1743735955.940279 0.010610 3.347385 17.024504 22.199138 8.699109 51.280746
1743735956.044159 0.011725 3.390064 16.792786 21.450103 9.368897 51.013575
1743735956.147779 0.011297 3.450880 17.291785 21.531143 9.372984 51.658089
1743735956.251529 0.011408 3.451607 17.506393 20.066331 9.542462 50.578201
1743735956.355299 0.011749 3.586449 17.628656 24.404444 9.643248 55.274546
1743735956.458929 0.011135 3.386485 17.674945 20.072731 9.134651 50.279947
1743735956.562549 0.010575 3.540842 18.101246 20.567886 9.265842 51.486391
1743735956.666159 0.005998 3.453141 18.420190 25.314407 6.146219 53.339955
1743735956.769909 0.011189 3.399605 17.583611 22.437732 9.206919 52.639056
1743735956.873529 0.010449 3.401841 18.501582 22.776472 7.066773 51.757117
1743735956.977279 0.011523 3.352534 17.697662 19.484222 9.253210 49.799151
1743735957.080929 0.010737 3.910785 17.613818 25.791503 10.045330 57.372173
1743735957.184649 0.010396 3.441817 17.891985 22.494623 6.231813 50.070634
1743735957.288409 0.010531 3.813933 17.735317 20.169795 9.741267 51.470843
1743735957.392169 0.012107 3.440148 17.163548 23.733618 9.192880 53.542301
1743735957.495909 0.011911 3.428425 17.981604 20.160298 9.456616 51.038854
1743735957.599659 0.011523 3.533702 17.853749 21.284524 9.325770 52.009268
1743735957.703529 0.011234 3.643862 17.365744 22.501090 9.823496 53.345426
1743735957.807279 0.010126 5.162741 16.996814 20.014778 7.807091 49.991550
1743735957.911179 0.005937 6.214180 18.931168 21.365201 9.195523 55.712009
1743735958.015029 0.011994 3.314582 16.510210 22.426845 8.849178 51.112809
1743735958.118909 0.011072 3.430850 16.007951 19.788770 9.350822 48.589465
1743735958.222929 0.010428 4.126161 16.068552 21.809421 10.325132 52.339694
1743735958.326909 0.011383 3.393600 16.030542 19.660711 5.917105 45.013341
1743735958.431159 0.005489 3.517556 20.304038 19.140504 5.737877 48.705464
1743735958.535279 0.011349 3.617158 15.120915 20.064673 9.674042 48.488137
1743735958.639559 0.011254 3.513156 15.607129 17.910230 9.240296 46.282065
1743735958.743799 0.011037 3.576392 15.092244 18.904233 9.517198 47.101104
1743735958.848179 0.010336 3.568856 14.754885 19.152396 9.571865 47.058338
1743735958.952409 0.009922 3.429881 14.511992 18.235718 9.054368 45.241881
1743735959.056679 0.012318 3.748920 14.195669 19.050425 9.647657 46.654989
1743735959.160929 0.011206 3.672781 14.503422 20.271241 9.522157 47.980807
1743735959.265179 0.011005 3.497055 14.051472 17.733064 9.295458 44.588054
1743735959.369409 0.010922 3.678190 13.720322 17.861485 9.548913 44.819832
1743735959.473619 0.010770 4.159675 16.627505 17.016091 6.503078 44.317119
1743735959.577659 0.011779 3.631053 13.609537 19.192563 9.734683 46.179615
1743735959.681999 0.011356 3.162092 13.440630 16.942641 6.409350 39.966069
1743735959.786059 0.012415 3.988362 13.663407 18.487468 10.530306 46.681958
1743735959.890159 0.010304 3.462585 13.781133 16.699995 9.180539 43.134556
1743735959.994289 0.010874 3.613153 13.521924 15.304396 9.424100 41.874447
1743735960.098399 0.011477 3.616515 13.070215 17.991563 9.889381 44.579151
1743735960.202539 0.010407 3.302620 13.982954 17.275886 9.444011 44.015878
1743735960.306659 0.011414 3.585121 13.193388 18.340285 9.454365 44.584573
1743735960.410659 0.011781 3.432369 13.157434 18.617814 9.145664 44.365062
1743735960.514789 0.009925 6.027208 14.344358 21.110695 7.801697 49.293883
1743735960.618789 0.010359 3.293137 13.754800 18.888830 8.797889 44.745015
1743735960.722789 0.013165 3.654404 14.392620 20.190811 9.956792 48.207792
1743735960.826789 0.012296 3.510837 13.992933 18.579063 9.361057 45.456186
1743735960.930789 0.011434 3.850077 13.672229 17.212462 9.530759 44.276961
1743735961.034789 0.013722 3.542366 14.278902 18.445296 9.462997 45.743283
1743735961.138659 0.011447 3.410328 14.120462 20.977685 8.806359 47.326281
1743735961.242659 0.011172 3.647465 13.338948 17.958672 9.443354 44.399611
1743735961.346659 0.010126 5.514276 13.299261 19.168324 9.889455 47.881442
1743735961.450659 0.011568 3.618837 12.361187 16.823272 9.456219 42.271083
1743735961.554539 0.007952 4.209887 12.140769 17.820096 8.645477 42.824181
1743735961.658529 0.010973 3.908139 12.172454 17.833813 9.679461 43.604840
1743735961.762409 0.010768 3.697088 11.861208 18.026152 9.231782 42.826998
1743735961.866439 0.010936 3.537800 11.816420 17.380446 9.454414 42.200016
1743735961.970289 0.011068 4.051409 12.373158 18.185670 9.715481 44.336786
1743735962.074259 0.009631 3.944563 12.292223 16.865706 9.479423 42.591546
1743735962.178339 0.010769 4.026274 12.070958 19.643552 9.486227 45.237780
1743735962.282089 0.010861 3.289019 12.159514 18.827236 5.652234 39.938864
1743735962.386139 0.009855 3.222126 11.697100 17.327764 6.122243 38.379088
1743735962.490379 0.010608 3.922876 11.759514 17.658783 9.545338 42.897119
1743735962.593789 0.011128 3.601376 11.139428 17.115477 9.314443 41.181852
1743735962.697789 0.009888 3.917320 11.139006 18.621156 9.400846 43.088216
1743735962.801649 0.011258 3.757728 10.981266 16.967698 9.410620 41.128570
1743735962.905539 0.010614 3.569723 11.358961 19.978410 9.141240 44.058948
1743735963.009439 0.011033 3.674995 11.415380 18.825173 9.312915 43.239496
1743735963.113279 0.016140 3.640285 11.640186 18.279955 9.066445 42.643011
1743735963.217499 0.010806 3.930516 11.711486 22.075680 9.406337 47.134825
1743735963.321179 0.010718 3.416632 11.308830 18.961783 8.734891 42.432854
1743735963.425049 0.010528 3.787902 11.340619 18.984887 9.378360 43.502296
1743735963.528919 0.011079 3.731687 11.503067 21.957749 9.235606 46.439188
1743735963.632909 0.010104 3.392684 12.010018 21.862910 9.061212 46.336928
1743735963.737109 0.006936 3.239516 11.914769 19.963727 5.547761 40.672709
1743735963.840739 0.016543 5.909036 13.060077 25.438751 11.163623 55.588030
1743735963.944969 0.010771 3.574863 11.515546 21.222461 9.102617 45.426258
1743735964.048439 0.010409 3.797910 11.606002 20.046721 9.441388 44.902430
1743735964.152329 0.005914 5.662345 12.250982 23.332992 9.911670 51.163903
1743735964.256089 0.009910 6.106752 14.436340 21.580029 9.474540 51.607571
1743735964.359919 0.010904 3.402884 12.866729 20.272013 9.097846 45.650376
1743735964.463719 0.011319 3.579508 12.790890 20.975211 9.288714 46.645642
1743735964.567569 0.010683 3.358246 15.408319 24.151312 6.950364 49.878924
1743735964.671309 0.011202 3.396425 13.244965 20.259557 9.097304 46.009453
1743735964.775249 0.009873 3.476346 13.346552 22.007749 9.117106 47.957626
1743735964.878959 0.011177 3.557157 13.460913 21.836712 9.601157 48.467116
1743735964.982679 0.010980 3.369465 14.088782 20.565420 9.152132 47.186779
1743735965.086589 0.011237 3.408803 13.014011 21.442602 9.175632 47.052285
1743735965.190299 0.010635 3.507650 14.400977 23.255391 9.340624 50.515277
1743735965.294059 0.010643 3.428159 13.770213 22.372361 9.350423 48.931799
1743735965.397799 0.011362 3.249258 13.182934 19.436324 8.931548 44.811426
1743735965.501699 0.010902 3.563552 13.406376 22.335217 9.474657 48.790704
1743735965.605429 0.011366 3.466675 13.946057 22.839046 9.511261 49.774405
1743735965.709359 0.010203 3.834449 14.433769 23.100144 10.085561 51.464126
1743735965.813059 0.012138 3.199614 14.186280 23.444724 8.648834 49.491590
1743735965.916939 0.012599 3.275025 14.254868 23.781351 8.952149 50.275992
1743735966.020839 0.010437 3.684864 14.971268 21.787300 9.644315 50.098184
1743735966.124559 0.009784 5.111160 18.076272 24.860968 10.282034 58.340218
1743735966.228419 0.006776 4.474112 15.298971 24.297139 6.618407 50.695405
1743735966.332279 0.009772 3.376353 15.487854 25.757032 8.992762 53.623773
1743735966.436159 0.011900 3.293389 14.950457 22.920174 8.596393 49.772313
1743735966.540009 0.011456 3.473863 15.023767 23.605319 9.404774 51.519179
1743735966.643789 0.011859 3.409951 15.405122 24.567898 9.141885 52.536715
1743735966.747699 0.007116 3.831694 16.046213 26.362902 9.757852 56.005777
1743735966.851559 0.011434 3.353951 15.990772 24.273158 8.952268 52.581583
1743735966.955299 0.010527 3.428990 16.663259 23.610767 9.103208 52.816751
1743735967.059169 0.012760 3.400126 16.551352 25.511068 9.356483 54.831789
1743735967.163049 0.012314 3.355474 16.387221 22.620387 8.912623 51.288019
1743735967.266819 0.010855 3.388730 17.808982 27.815016 6.517885 55.541468
1743735967.370729 0.010083 3.386260 16.852858 25.395768 9.150460 54.795429
1743735967.474689 0.010970 3.221686 16.874053 26.605879 8.417861 55.130449
1743735967.578379 0.012807 3.358350 17.075512 27.779275 9.016219 57.242163
1743735967.682219 0.012276 3.331312 16.935316 28.202331 9.188534 57.669769
1743735967.786059 0.011297 3.145313 16.460695 26.275432 7.402742 53.295479
1743735967.889839 0.012255 3.322968 16.681147 27.279950 9.384538 56.680858
1743735967.993729 0.012195 3.386290 16.747641 25.796575 9.397283 55.339984
1743735968.097749 0.011901 3.180269 16.260090 24.716245 8.492632 52.661137
1743735968.201449 0.011773 3.328072 16.905681 23.875716 9.197560 53.318802
1743735968.305489 0.011189 3.378451 17.095155 25.711335 9.166529 55.362659
1743735968.409049 0.011016 3.318221 16.809711 25.117887 9.096997 54.353832
1743735968.513599 0.011272 3.413770 16.868568 25.383556 9.318795 54.995961
1743735968.616819 0.011504 3.374045 17.860800 26.035443 9.321499 56.603291
1743735968.720689 0.011653 3.311132 17.015153 25.403144 9.026129 54.767211
1743735968.824559 0.010826 3.271414 17.578505 26.684835 7.447920 54.993500
1743735968.928429 0.010642 4.852185 21.293528 26.374595 10.411813 62.942763
1743735969.032189 0.011504 3.218309 16.880984 24.261806 8.527414 52.900017
1743735969.135939 0.010433 3.488164 18.564764 25.459397 9.472367 56.995125
1743735969.239729 0.011887 3.299153 17.500494 24.449660 9.211157 54.472351
1743735969.343479 0.011303 3.418254 18.786198 27.316465 7.137180 56.669400
1743735969.447059 0.010893 3.371250 17.682974 24.868603 9.126880 55.060600
1743735969.550819 0.011272 3.319855 17.956450 25.368898 8.857227 55.513702
1743735969.654439 0.010879 3.526960 17.871089 25.381501 9.480872 56.271301
1743735969.758069 0.012049 3.452226 18.692969 27.040473 9.323880 58.521597
1743735969.861679 0.010189 3.576997 19.856532 31.245958 9.699958 64.389634
1743735969.965429 0.010991 3.891193 19.590553 32.702484 10.183542 66.378763
1743735970.069049 0.010731 4.391679 19.683662 28.392739 10.596534 63.075345
1743735970.172669 0.010233 3.348957 19.887737 27.931562 7.553467 58.731956
1743735970.276379 0.011652 3.579495 19.464471 29.529478 9.259647 61.844743
1743735970.379919 0.011925 3.436140 20.334647 30.126336 8.323396 62.232444
1743735970.483669 0.011163 3.458732 21.131765 29.472147 8.048189 62.121996
1743735970.587419 0.011393 3.583268 21.291429 30.287245 8.502698 63.676033
1743735970.691109 0.010718 3.508405 21.789295 29.750522 8.371025 63.429965
1743735970.794799 0.009420 3.443806 21.815489 31.577754 7.596114 64.442583
1743735970.898569 0.010258 4.174301 23.186794 31.060507 10.559999 68.991859
1743735971.002289 0.011572 3.490874 22.542813 31.233712 8.950824 66.229795
1743735971.106139 0.009651 3.459664 22.393277 29.413794 7.119867 62.396253
1743735971.209929 0.010519 4.418907 22.268677 32.153336 10.710758 69.562197
1743735971.313699 0.009269 3.473187 21.896887 34.178709 6.981528 66.539580
1743735971.417419 0.010257 3.471630 21.322577 27.504286 8.929343 61.238093
1743735971.521289 0.010018 4.196214 22.798977 31.736997 10.295581 69.037787
1743735971.625039 0.010747 3.390577 22.768031 32.035434 7.918811 66.123600
1743735971.728919 0.011037 3.343470 21.461996 27.816779 8.237882 60.871164
1743735971.832789 0.010828 3.421988 21.387955 29.095502 8.974127 62.890400
1743735971.936539 0.011594 3.371568 22.583722 28.373255 8.760567 63.100706
1743735972.040419 0.010654 3.303574 21.396943 26.405882 8.331080 59.448133
1743735972.144289 0.011194 3.304238 21.412001 26.702746 8.374354 59.804533
1743735972.248289 0.011560 3.356251 20.417976 24.803706 8.974685 57.564178
1743735972.352289 0.012967 3.483649 20.322820 23.758580 9.271447 56.849463
1743735972.456289 0.010840 3.236291 23.039223 26.047578 6.924653 59.258585
1743735972.560539 0.008401 3.208037 19.221731 24.347080 6.348402 53.133651
1743735972.664689 0.010377 3.627378 19.261131 23.840186 9.394515 56.133587
1743735972.768919 0.011028 3.350152 17.970104 24.671476 9.268274 55.271034
1743735972.873199 0.007105 4.313397 17.577382 27.636764 8.803433 58.338081
1743735972.977559 0.010335 3.256956 17.652830 22.110961 8.715593 51.746675
1743735973.081809 0.011594 3.467885 17.019265 24.124170 9.352622 53.975536
1743735973.186189 0.010069 3.388469 17.197199 22.100119 8.684886 51.380742
1743735973.290539 0.011289 3.492676 16.769219 22.665905 9.075739 52.014828
1743735973.394899 0.010965 3.498592 16.485493 21.368190 9.160204 50.523444
1743735973.499239 0.011449 3.462325 16.248594 19.045197 8.868234 47.635799
1743735973.603429 0.010410 3.459539 17.216156 22.917064 8.908108 52.511277
1743735973.707789 0.010424 3.307390 16.834750 20.106757 8.154153 48.413474
1743735973.812039 0.011564 3.616606 15.601942 22.032801 9.155417 50.418330
1743735973.916309 0.008133 4.277391 15.976287 21.979114 8.529956 50.770881
1743735974.020539 0.010714 3.197168 15.170841 17.697412 8.645669 44.721804
1743735974.124669 0.012062 3.434727 14.770361 18.413175 8.801388 45.431713
1743735974.228909 0.011926 3.735896 14.039991 19.028637 9.364455 46.180905
1743735974.333039 0.011487 3.618794 13.480021 18.863199 9.167970 45.141471
1743735974.437159 0.010797 3.695812 13.323671 19.006414 9.112292 45.148986
1743735974.541289 0.011392 3.576095 13.407980 18.838895 8.953687 44.788049
1743735974.645289 0.012343 3.806660 13.179569 19.357707 9.480436 45.836715
1743735974.749419 0.011620 3.728441 12.764488 18.406707 9.245454 44.156710
1743735974.853539 0.009860 5.541049 15.227182 19.321204 9.740856 49.840151
1743735974.957539 0.010440 3.504097 12.117480 19.969993 9.058343 44.660353
1743735975.061539 0.010975 3.593475 11.982679 17.757067 8.967626 42.311822
1743735975.165669 0.011188 3.647430 11.829322 18.477074 9.079394 43.044408
1743735975.269669 0.010719 3.513026 11.705484 16.686289 8.833666 40.749184
1743735975.373689 0.011698 3.565926 11.154313 17.642375 8.964991 41.339303
1743735975.477659 0.010854 3.535790 10.782186 15.312688 8.885756 38.527274
1743735975.581669 0.010312 3.649096 10.630784 15.112084 9.231583 38.633859
1743735975.685669 0.011509 3.577382 10.659372 15.294377 9.136906 38.679546
1743735975.789669 0.010895 3.607644 10.446030 16.548262 9.217773 39.830604
1743735975.893689 0.006719 3.781812 10.852231 17.766580 5.970426 38.377768
1743735975.997669 0.011853 3.872140 10.760468 17.624075 9.720398 41.988934
1743735976.101669 0.010410 3.528170 10.862773 17.399097 9.269927 41.070377
1743735976.205659 0.010649 3.822121 11.261137 19.103665 9.444444 43.642016
1743735976.309549 0.010630 5.541678 11.930859 18.113645 9.807949 45.404761
1743735976.413549 0.010626 3.537495 11.751529 19.016635 9.178667 43.494952
1743735976.517559 0.011078 3.462185 11.512688 18.240172 8.949201 42.175324
1743735976.621419 0.011250 3.542461 11.177677 18.622355 9.815774 43.169517
1743735976.725419 0.010388 3.384426 10.401993 17.021285 8.938058 39.756150
1743735976.829289 0.011131 3.640044 10.617504 15.626060 9.296984 39.191723
1743735976.933309 0.010674 3.630045 10.408709 15.997876 9.209298 39.256602
1743735977.037169 0.010458 3.750064 10.302868 16.677152 9.344377 40.084919
1743735977.141169 0.010592 3.577445 10.397540 15.320091 9.380177 38.685845
1743735977.245039 0.010605 3.703959 10.287900 15.659176 9.585975 39.247615
1743735977.348919 0.010909 3.489933 10.027876 14.999376 9.431543 37.959637
1743735977.452929 0.010712 3.667303 10.428408 14.614893 9.700709 38.422025
1743735977.556799 0.010633 3.527752 10.285514 15.450851 9.410280 38.685030
1743735977.661039 0.009818 5.064542 10.143718 12.519213 9.916168 37.653459
1743735977.764549 0.010751 3.179070 10.397849 14.026683 8.754922 36.369275
1743735977.868429 0.010434 5.629182 10.873348 13.976539 10.126315 40.615818
1743735977.973289 0.019268 5.202272 10.216502 13.320401 10.449489 39.207932
1743735978.076239 0.011286 3.275819 10.199715 14.567262 8.815800 36.869882
1743735978.180189 0.011741 3.651545 10.430180 13.473143 9.473460 37.040069
1743735978.284209 0.010324 3.615400 10.555610 13.289220 9.321630 36.792184
1743735978.388179 0.009803 3.647023 10.708726 14.385206 9.200500 37.951258
1743735978.492199 0.010247 5.755201 12.169057 14.277737 10.046145 42.258387
1743735978.596319 0.010984 3.673785 10.799582 14.602263 9.459828 38.546442
1743735978.700439 0.010795 3.638975 10.913129 14.724685 9.063999 38.351583
1743735978.804559 0.011228 3.740345 11.055175 13.443114 9.588804 37.838666
1743735978.908699 0.009948 3.691075 11.376602 14.636750 9.153710 38.868085
1743735979.013019 0.011320 3.955734 11.122475 14.076245 9.483386 38.649160
1743735979.117179 0.010399 3.674378 11.439995 15.885661 9.241735 40.252168
1743735979.221449 0.011885 3.700876 11.565468 15.850785 9.661631 40.790645
1743735979.325539 0.011395 3.556372 12.115842 16.335690 9.177992 41.197291
1743735979.429799 0.011644 3.725639 11.916409 16.810335 9.421808 41.885835
1743735979.533939 0.010030 3.719230 12.100024 17.710631 9.202539 42.742454
1743735979.638059 0.011118 4.883155 11.795251 18.081790 9.960871 44.732185
1743735979.742159 0.010603 3.369546 11.995059 16.317549 8.804369 40.497126
1743735979.846069 0.010474 3.721424 11.588175 16.054157 9.227456 40.601686
1743735979.949979 0.006751 3.824548 13.359467 16.695030 5.522093 39.407889
1743735980.053799 0.011575 3.683937 11.876990 19.823084 9.830251 45.225837
1743735980.157659 0.010390 3.967840 12.636066 18.553827 9.704218 44.872341
1743735980.261579 0.010112 3.614691 12.238346 20.125042 9.599746 45.587937
1743735980.365439 0.009678 3.344689 12.406617 18.491816 8.645083 42.897883
1743735980.469199 0.010653 3.889463 12.296715 20.532198 9.718251 46.447280
1743735980.573079 0.010237 5.823082 13.835427 20.435427 7.990651 48.094824
1743735980.677399 0.010976 3.433265 13.206948 22.409445 8.999572 48.060206
1743735980.780579 0.011144 3.684650 13.270082 20.323131 9.474349 46.763356
1743735980.884359 0.010804 3.498084 13.593009 22.228294 8.911543 48.241734
1743735980.987949 0.011074 3.571690 13.400334 24.038169 9.322919 50.344186
1743735981.091739 0.011018 3.567118 13.763670 20.837576 9.342601 47.521983
1743735981.195319 0.011148 3.511362 14.048280 20.547259 9.216800 47.334849
1743735981.299069 0.011813 3.691704 13.215929 21.655689 9.526141 48.101276
1743735981.402959 0.010441 3.532500 13.489037 19.410764 9.313383 45.756125
1743735981.506539 0.011231 3.460460 13.115251 19.797681 9.060686 45.445309
1743735981.610329 0.011098 3.651168 12.649482 20.634344 9.621015 46.567107
1743735981.714209 0.010899 3.630272 12.681255 23.546564 9.189406 49.058396
1743735981.817929 0.010881 3.596458 12.657856 19.566330 9.546872 45.378397
1743735981.921679 0.010813 3.519551 12.291689 18.485619 9.439032 43.746704
1743735982.025579 0.016738 3.655122 12.965491 16.993415 9.723574 43.354340
1743735982.129289 0.011066 3.415435 12.096520 16.973337 9.107857 41.604215
1743735982.233189 0.009721 4.318788 12.285311 17.948934 8.205525 42.768279
1743735982.337059 0.011103 5.122748 12.232555 19.968794 9.687609 47.022809
1743735982.440929 0.010607 3.444414 11.494281 17.253358 9.088482 41.291142
1743735982.544969 0.012077 3.771019 11.604804 16.803766 9.335844 41.527510
1743735982.648499 0.010586 3.975240 11.365499 16.166047 9.278085 40.795457
1743735982.752199 0.010412 5.599418 12.765989 16.842953 9.731295 44.950067
1743735982.855959 0.010314 3.743209 11.379897 17.181301 9.110257 41.424978
1743735982.959699 0.010585 3.522744 11.364576 15.993057 8.683970 39.574932
1743735983.063559 0.010980 3.520260 10.491940 15.669897 8.805577 38.498654
1743735983.167309 0.009966 3.637760 9.911044 12.917724 8.387999 34.864493
1743735983.271049 0.010846 3.877082 9.948875 13.538217 8.851715 36.226735
1743735983.375109 0.010133 5.163610 11.805908 13.387482 9.078356 39.445489
1743735983.479509 0.010582 3.449003 9.382987 13.855580 8.671302 35.369454
1743735983.582709 0.010205 4.503565 9.727159 13.678620 8.955484 36.875033
1743735983.686429 0.010620 3.575355 9.334930 13.992006 8.737704 35.650615
1743735983.790209 0.009794 3.790070 9.474262 13.015965 8.617578 34.907669
1743735983.894089 0.011118 3.598083 9.255054 13.359607 8.524518 34.748380
1743735983.997799 0.010617 3.010070 9.404825 14.202795 8.288495 34.916802
1743735984.101709 0.010041 4.195157 9.351378 12.832286 8.993428 35.382290
1743735984.205459 0.009972 3.597258 8.560614 12.148312 8.833641 33.149797
1743735984.309299 0.011829 4.144242 11.072968 12.212760 8.975807 36.417606
1743735984.413499 0.011574 3.012794 7.717227 11.883573 9.347552 31.972720
1743735984.517019 0.011178 3.694253 7.975095 12.089923 8.702261 32.472710
1743735984.620899 0.011063 3.470353 7.594684 10.971140 8.840208 30.887448
1743735984.724579 0.009855 3.543023 7.882951 10.969473 8.813966 31.219268
1743735984.828439 0.009962 3.473899 7.759031 11.983546 8.789570 32.016008
1743735984.932419 0.011043 4.688319 8.276895 11.936612 8.996128 33.908997
1743735985.036169 0.010731 3.406123 7.249554 11.398042 8.564932 30.629382
1743735985.139929 0.011476 3.191696 7.735134 11.600563 8.263473 30.802342
1743735985.243799 0.011212 3.413995 7.326530 12.502075 8.616997 31.870809
1743735985.347799 0.010187 4.018335 8.192060 13.259544 8.615858 34.095984
1743735985.451559 0.009937 4.648708 8.237693 12.724300 8.899658 34.520296
1743735985.555309 0.010029 4.783623 9.904240 11.973910 9.287125 35.958927
1743735985.659179 0.012534 3.643377 8.388727 14.565018 9.146953 35.756609
1743735985.763169 0.011720 3.655939 8.586652 11.689121 8.529877 32.473309
1743735985.866969 0.009509 4.026931 8.572019 12.918534 8.755095 34.282088
1743735985.970749 0.009787 3.340636 8.670681 14.586510 8.669452 35.277066
1743735986.074579 0.010140 4.752231 8.718312 13.296778 8.967524 35.744985
1743735986.178329 0.011075 3.563027 8.170498 12.841168 8.643890 33.229658
1743735986.282229 0.010786 3.530003 8.270635 14.430027 8.636512 34.877963
1743735986.386149 0.011791 3.691555 8.324730 14.549730 8.796037 35.373843
1743735986.489949 0.010894 2.934233 8.527476 14.862519 6.300442 32.635564
1743735986.593929 0.010358 3.854654 8.877512 15.003248 8.856017 36.601789
1743735986.698279 0.010889 3.911622 9.309991 15.417997 9.033447 37.683946
1743735986.801969 0.010674 3.682878 8.983071 13.843543 8.864218 35.384384
1743735986.905919 0.009576 3.598462 9.274862 16.079800 8.718381 37.681081
1743735987.009939 0.010153 3.683760 9.165416 15.268255 9.122233 37.249817
1743735987.113959 0.010961 3.711820 9.260733 16.349025 9.201085 38.533624
1743735987.218069 0.010677 4.556731 12.873546 17.857308 9.265955 44.564217
1743735987.322099 0.010463 5.500074 10.792335 17.010798 10.231453 43.545123
1743735987.426089 0.010682 3.319651 9.371300 16.072832 8.926469 37.700934
1743735987.530099 0.011250 3.611936 9.297111 16.187587 9.165876 38.273760
1743735987.634059 0.011046 3.350704 9.275211 16.001222 9.220963 37.859146
1743735987.738009 0.010594 3.526209 9.147173 16.615068 9.401247 38.700291
1743735987.842029 0.011912 3.454648 8.975026 15.918984 9.084579 37.445149
1743735987.945969 0.010669 3.601306 8.849960 16.212595 9.096999 37.771529
1743735988.049989 0.010643 2.838409 9.040177 17.775578 7.649464 37.314271
1743735988.153979 0.011809 3.729287 8.747517 15.757986 9.097239 37.343838
1743735988.257829 0.010467 3.412576 8.202202 15.748788 9.026455 36.400488
1743735988.361819 0.016492 3.503486 8.166547 15.188557 9.083068 35.958150
1743735988.465809 0.011416 3.367598 7.899404 14.799740 9.201791 35.279949
1743735988.569809 0.011230 3.556534 8.074541 13.314462 9.167675 34.124442
1743735988.673679 0.010426 3.208433 7.445548 14.402346 9.383087 34.449840
1743735988.777849 0.011421 3.365909 7.749181 12.339420 9.322619 32.788550
1743735988.881589 0.009767 3.378911 7.975581 13.621961 9.142894 34.129114
1743735988.985579 0.010596 3.431982 7.938799 13.037817 9.032741 33.451935
1743735989.089559 0.011124 3.639852 8.132913 14.971424 9.360991 36.116304
1743735989.195439 0.011243 3.345038 8.138206 14.958859 9.406221 35.859567
1743735989.297309 0.011310 3.625267 8.983575 16.656945 9.329268 38.606365
1743735989.401309 0.010444 3.365015 9.164390 15.809254 9.338157 37.687260
1743735989.506649 0.011236 3.458064 9.416210 16.585348 9.333357 38.804215
1743735989.609269 0.010587 3.478335 9.856146 17.658466 9.223514 40.227048
1743735989.714119 0.010872 3.482169 10.167634 18.290328 9.238234 41.189237
1743735989.817159 0.010615 3.631132 10.162069 18.355993 9.657647 41.817456
1743735989.920979 0.009851 3.351792 10.321805 18.510063 9.073130 41.266641
1743735990.025029 0.011924 3.565051 11.431982 19.961255 9.944497 44.914709
1743735990.128989 0.010492 3.402041 10.545123 20.863593 9.323515 44.144764
1743735990.232839 0.011359 3.571608 10.870100 20.987898 9.323798 44.764763
1743735990.336799 0.011486 3.408267 11.050853 21.037119 9.323818 44.831543
1743735990.440719 0.012579 3.494624 11.279588 20.554596 9.602194 44.943581
1743735990.544699 0.012019 3.276816 11.260024 21.334180 9.268664 45.151703
1743735990.648589 0.013201 3.550794 11.406943 21.245734 9.796804 46.013476
1743735990.752699 0.011579 3.387673 11.266918 22.606182 8.863809 46.136161
1743735990.856489 0.010660 3.257062 12.328074 22.919107 6.437036 44.951939
1743735990.960439 0.011663 3.355674 11.972257 23.171569 9.166656 47.677819
1743735991.064309 0.011876 3.439182 12.017549 23.071809 9.451397 47.991813
1743735991.168439 0.012195 3.279205 12.452434 22.623196 9.679792 48.046822
1743735991.272489 0.011900 3.456092 12.582526 24.210368 9.793083 50.053969
1743735991.376479 0.011586 3.390173 12.298793 24.701227 9.530950 49.932729
1743735991.480479 0.011116 3.291273 12.870608 23.153111 9.128525 48.454633
1743735991.584569 0.011461 3.532722 12.401842 23.107576 9.609460 48.663061
1743735991.688549 0.011001 3.491407 12.684801 23.159066 9.452059 48.798334
1743735991.793339 0.011597 3.343782 12.677511 23.117576 9.258311 48.408777
1743735991.896739 0.011754 3.493741 12.285985 22.763225 9.504251 48.058956
1743735992.000699 0.011608 3.511706 12.827341 24.076210 9.473398 49.900263
1743735992.104839 0.010577 3.138326 12.503883 24.524640 8.780299 48.957725
1743735992.208829 0.011265 3.390507 12.568082 23.968868 9.217839 49.156561
1743735992.312829 0.011429 3.434689 12.279359 23.096092 9.129614 47.951183
1743735992.416839 0.011397 3.423202 12.747440 21.956061 9.342486 47.480586
1743735992.520939 0.011508 3.472830 12.389796 23.336533 9.354867 48.565534
1743735992.625819 0.010698 3.452669 12.505719 24.012360 9.584546 49.565992
1743735992.729759 0.010541 3.771291 13.057441 24.202832 9.578989 50.621094
1743735992.833019 0.010900 3.272224 12.804228 23.485670 9.248766 48.821788
1743735992.936959 0.010596 3.215650 12.823010 25.312776 8.949096 50.311128
1743735993.040949 0.010102 3.308427 13.049964 25.022470 9.178631 50.569594
1743735993.144959 0.008484 3.545470 12.546831 26.128286 8.644710 50.873781
1743735993.248959 0.011440 3.640068 13.083456 24.781823 9.584431 51.101218
1743735993.353149 0.010273 3.374628 12.489193 23.850189 9.078933 48.803216
1743735993.457049 0.010863 3.483436 12.973003 24.627766 9.234715 50.329783
1743735993.561059 0.010981 3.347647 12.526338 23.956568 8.942000 48.783534
1743735993.665049 0.011514 3.514262 12.499189 24.044147 9.444988 49.514100
1743735993.769189 0.010498 3.370548 13.048189 23.987143 9.200515 49.616893
1743735993.873189 0.015215 3.408289 12.636590 24.957973 9.287330 50.305397
1743735993.977179 0.010034 3.303113 12.494495 24.629411 9.124042 49.561095
1743735994.081299 0.011467 3.536882 13.386429 26.980223 7.328604 51.243605
1743735994.185519 0.010586 3.390146 12.876743 23.374473 9.404912 49.056860
1743735994.289429 0.010265 3.579202 12.462402 25.530995 9.412972 50.995836
1743735994.393499 0.010596 3.440564 12.894130 24.627918 9.145837 50.119045
1743735994.500229 0.010524 3.327256 12.892143 25.000583 9.198155 50.428661
1743735994.601469 0.011060 3.455341 12.494384 25.127698 9.552064 50.640547
1743735994.705589 0.011571 3.346046 12.771338 26.032060 9.446267 51.607282
1743735994.809559 0.011520 3.225074 12.832640 24.430799 9.226741 49.726774
1743735994.914479 0.010792 3.390793 12.494917 24.797406 9.254326 49.948234
1743735995.017629 0.010286 3.397943 12.443402 24.407562 9.216720 49.475913
1743735995.121709 0.010918 3.399752 12.474506 24.435979 9.330729 49.651884
1743735995.225699 0.010083 3.298870 12.822707 24.987683 9.084874 50.204217
1743735995.329709 0.010423 3.592406 13.486082 25.924929 9.496455 52.510295
1743735995.433709 0.010728 3.316856 12.983126 25.096389 9.047047 50.454146
1743735995.537689 0.011060 3.466600 12.748703 25.668305 9.367122 51.261790
1743735995.641719 0.011283 3.479260 12.988913 23.172595 9.076719 48.728770
1743735995.745809 0.010668 3.140695 12.902675 24.643040 8.426501 49.123579
1743735995.849969 0.011960 3.416526 13.016087 25.116092 9.462246 51.022911
1743735995.954239 0.011283 3.421978 12.891750 25.023802 9.180507 50.529320
1743735996.057819 0.011343 3.506871 12.662527 26.371549 9.355113 51.907403
1743735996.161949 0.010421 3.122543 12.697376 23.400871 8.034650 47.265861
1743735996.265969 0.011071 3.467491 13.089532 25.114135 9.652013 51.334242
1743735996.370109 0.011715 3.304129 13.076490 23.885446 9.123623 49.401403
1743735996.474069 0.010857 3.402110 12.563724 23.983172 9.374529 49.334392
1743735996.578169 0.012465 3.410861 12.611194 24.465417 9.499815 49.999752
1743735996.682069 0.010899 3.440703 12.639282 24.207491 9.473986 49.772361
1743735996.786189 0.010814 3.336993 13.008456 22.979126 9.317314 48.652703
1743735996.890209 0.011679 3.345080 13.026422 25.049766 9.514730 50.947677
1743735996.994219 0.010758 3.236530 12.882923 22.912104 8.944086 47.986401
1743735997.098189 0.010758 3.433922 12.906564 24.135554 9.293839 49.780637
1743735997.202309 0.011293 3.555510 13.239100 23.065866 9.495926 49.367695
1743735997.306399 0.010565 3.549883 13.547669 24.384138 9.438969 50.931224
1743735997.410349 0.010546 3.324901 12.938146 23.285368 9.083983 48.642944
1743735997.514359 0.011554 3.411877 12.737562 22.366696 9.526922 48.054611
1743735997.618359 0.010898 3.456305 13.003188 23.493351 9.271218 49.234960
1743735997.722359 0.010730 3.353966 13.065777 24.705477 9.078044 50.213994
1743735997.826319 0.011188 3.495543 12.942210 22.981828 9.290217 48.720986
1743735997.930319 0.011386 3.448668 13.091293 23.260652 9.225571 49.037570
1743735998.034219 0.010610 3.607754 12.788125 25.370777 9.429592 51.206858
1743735998.138239 0.006263 5.954497 14.075010 23.853781 10.143222 54.032773
1743735998.242099 0.010292 3.313719 13.696506 21.843653 6.895103 45.759273
1743735998.346079 0.009813 3.525842 13.268280 21.991556 9.443453 48.238944
1743735998.449989 0.010429 3.457428 13.126705 21.219865 9.336331 47.150758
1743735998.553869 0.010467 3.768758 13.201423 22.368103 9.862510 49.211261
1743735998.657689 0.010687 3.467886 13.223622 22.916184 9.513043 49.131422
1743735998.761609 0.010046 3.550772 13.220303 21.377380 9.380022 47.538523
1743735998.865459 0.010471 3.385919 13.719340 22.558300 9.325322 48.999352
1743735998.969319 0.011406 3.487674 13.282192 21.762873 9.609081 48.153226
1743735999.073179 0.010596 3.723012 13.907233 22.661799 9.743672 50.046312
1743735999.177579 0.010403 3.460847 13.678529 22.932020 9.460677 49.542476
1743735999.280849 0.006275 3.278440 13.973204 23.433117 5.823025 46.514061
1743735999.384579 0.010084 3.655667 14.554413 25.674743 9.441299 53.336206
1743735999.488339 0.010374 3.511534 14.293597 25.298649 9.573757 52.687911
1743735999.592199 0.010237 3.829266 14.473068 23.545164 9.935080 51.792815
1743735999.695949 0.010385 3.402764 13.834262 23.141324 9.505506 49.894241
1743735999.799599 0.010098 3.537691 13.930039 20.427263 9.375024 47.280115
1743735999.903349 0.009257 3.386311 13.629250 21.620562 9.362456 48.007836
1743736000.006969 0.010373 3.623203 14.280211 21.038979 9.691186 48.643952
1743736000.110699 0.011184 3.444920 15.419984 20.165167 9.429058 48.470313
1743736000.214329 0.011206 3.490159 13.437826 20.369753 9.720073 47.029017
1743736000.317939 0.010207 3.503914 13.856264 20.040912 9.459982 46.871279
1743736000.421589 0.010518 3.132872 13.674570 19.401986 7.466434 43.686380
1743736000.525199 0.008611 3.775577 13.709717 22.177419 6.756814 46.428138
1743736000.629039 0.010193 3.776394 13.812079 21.370880 9.868094 48.837640
1743736000.732759 0.011071 3.615981 13.713132 21.388175 9.868811 48.597170
1743736000.836479 0.010183 3.509930 13.657977 20.900601 9.378887 47.457578
1743736000.940349 0.011380 3.425881 14.083653 20.591797 9.365079 47.477790
1743736001.044069 0.010649 3.419795 13.905112 19.289209 9.439507 46.064272
1743736001.147939 0.010868 3.493404 13.927059 20.415907 9.599715 47.446953
1743736001.251819 0.006966 4.024742 13.836065 19.735892 8.405502 46.009167
1743736001.355569 0.010668 3.579350 13.691366 20.588561 9.414450 47.284395
1743736001.459439 0.010802 3.838592 13.285680 19.455227 9.679259 46.269560
1743736001.563309 0.010969 3.077314 12.650808 18.782883 7.407145 41.929119
1743736001.667369 0.010167 3.223146 12.087540 17.213409 8.959620 41.493882
1743736001.771339 0.010566 4.021848 12.493808 18.053124 10.344556 44.923902
1743736001.875469 0.010598 3.372433 12.017450 16.476921 9.685339 41.562741
1743736001.979569 0.011014 5.507893 13.963758 16.619475 9.939263 46.041403
1743736002.083819 0.010715 3.441109 10.950719 15.466235 9.318035 39.186813
1743736002.188199 0.011666 3.388687 10.310482 14.776581 9.792902 38.280318
1743736002.292579 0.011740 3.643504 9.710545 13.732110 9.162975 36.260874
1743736002.396979 0.010242 3.430196 10.329793 13.912639 9.193324 36.876194
1743736002.501309 0.010387 3.571635 9.859719 14.948867 9.434797 37.825405
1743736002.605559 0.010221 3.586114 9.764608 15.029255 9.189253 37.579451
1743736002.709929 0.011364 3.758571 9.856442 15.464000 9.245506 38.335883
1743736002.814189 0.012887 3.802851 9.686028 14.710648 9.092356 37.304770
1743736002.918439 0.010120 3.513187 9.300582 15.335684 8.818057 36.977630
1743736003.022809 0.011173 3.805145 9.338475 14.299537 9.161980 36.616310
1743736003.127059 0.012500 3.833538 8.902814 14.257674 9.123625 36.130151
1743736003.231449 0.009130 3.890525 9.205997 14.280899 7.100949 34.487500
1743736003.335699 0.010684 3.483841 9.086891 15.217392 8.972314 36.771122
1743736003.439829 0.011116 3.549695 8.517189 13.845919 9.299056 35.222975
1743736003.543939 0.009814 3.610869 8.195540 13.609401 8.853694 34.279318
1743736003.648059 0.010195 4.875898 10.668846 13.296399 9.258256 38.109594
1743736003.752189 0.010429 3.352380 7.558831 12.727006 8.958026 32.606672
1743736003.856299 0.011230 3.191129 7.375277 11.556317 8.758953 30.892906
1743736003.960319 0.011283 2.819299 7.346553 13.229797 7.947528 31.354460
1743736004.064319 0.010513 3.012772 7.131316 11.949395 8.919737 31.023733
1743736004.168439 0.010574 3.686307 7.506232 12.388312 6.569199 30.160624
1743736004.272439 0.010777 4.854485 7.544839 13.061667 9.820684 35.292452
1743736004.376559 0.011520 3.548183 7.482773 11.750627 9.088957 31.882060
1743736004.480569 0.009619 4.309274 7.726033 12.342269 8.853598 33.240793
1743736004.584689 0.010453 3.518106 6.753149 12.061551 8.785725 31.128984
1743736004.688689 0.010893 3.240402 7.077974 11.286262 9.006796 30.622327
1743736004.792689 0.010548 2.729796 6.965884 11.682782 5.978138 27.367148
1743736004.896689 0.009500 3.557471 6.542515 11.400158 8.887990 30.397634
1743736005.000689 0.010396 3.520680 6.860629 12.333305 9.088352 31.813362
1743736005.104709 0.010463 3.578248 6.715426 12.283700 9.103462 31.691299
1743736005.208689 0.010723 3.566658 6.635192 10.858749 8.949092 30.020414
1743736005.312689 0.006780 3.837766 6.841490 10.808579 6.804735 28.299350
1743736005.416559 0.010162 3.765695 6.657558 10.626734 9.167908 30.228057
1743736005.520579 0.010489 3.666850 6.537520 10.637626 8.755961 29.608446
1743736005.624569 0.009957 3.645998 7.044966 11.769321 8.711823 31.182065
1743736005.728559 0.011389 3.231678 6.428232 10.667434 8.751615 29.090348
1743736005.832439 0.010222 4.139955 8.567608 11.671519 9.089924 33.479228
1743736005.936469 0.010887 3.248345 6.600881 12.360316 8.622693 30.843122
1743736006.040439 0.011208 3.055555 6.869224 12.874651 8.275538 31.086176
1743736006.144439 0.011472 3.192611 6.652924 11.126246 8.822536 29.805789
1743736006.248439 0.009447 4.293810 7.063818 11.264768 9.242506 31.874349
1743736006.352319 0.010291 3.054016 7.729864 12.824125 8.395083 32.013379
1743736006.456199 0.010339 5.010374 8.148285 12.047930 9.726799 34.943727
1743736006.560069 0.010035 3.128819 6.651246 12.070840 8.609242 30.470182
1743736006.664069 0.010585 3.070112 6.731305 11.154488 8.584860 29.551350
1743736006.768089 0.010383 3.120515 6.869382 10.860664 8.700812 29.561756
1743736006.872169 0.009724 3.532257 6.887437 11.302822 8.939607 30.671847
1743736006.975879 0.009479 4.859271 7.749757 12.325509 9.071100 34.015116
1743736007.079649 0.009894 3.263134 6.965466 12.245933 8.827831 31.312258
1743736007.183479 0.009556 3.502587 7.095263 13.125774 9.246598 32.979778
1743736007.287199 0.010195 3.390520 7.156176 12.715293 8.871524 32.143708
1743736007.391069 0.010223 3.686342 7.293794 14.167768 9.195208 34.353335
1743736007.494829 0.009936 3.494780 6.987279 13.667524 8.848938 33.008457
1743736007.598569 0.010912 3.707648 7.233996 12.735167 9.079029 32.766752
1743736007.702599 0.010218 3.789861 7.544296 13.936118 9.187767 34.468260
1743736007.806229 0.009586 3.884535 7.682511 13.996517 8.955167 34.528316
1743736007.909949 0.009984 3.347148 7.063313 13.183028 9.230796 32.834269
1743736008.013689 0.010204 4.912064 8.485577 12.566586 9.456147 35.430578
1743736008.117609 0.009578 4.093988 7.287237 12.676860 9.079736 33.147399
1743736008.221379 0.010080 4.455095 7.102840 13.556171 9.902619 35.026805
1743736008.325109 0.010281 2.831317 7.588113 14.081582 8.876357 33.387650
1743736008.428959 0.012175 3.532130 6.947379 12.499793 8.748776 31.740253
1743736008.532909 0.010029 3.634144 7.183662 14.001459 8.738448 33.567742
1743736008.636729 0.010665 3.551159 7.149187 13.753940 8.592728 33.057679
1743736008.740569 0.009841 3.626545 7.270560 13.952714 8.857617 33.717277
1743736008.844449 0.010651 3.625538 7.309637 12.798566 8.793571 32.537963
1743736008.948929 0.010755 3.767991 7.131796 14.069007 9.162614 34.142163
1743736009.052249 0.010536 3.642405 7.119033 13.686652 8.543050 33.001676
1743736009.156109 0.009974 2.908835 7.036721 13.281142 8.065968 31.302640
1743736009.259999 0.010690 3.564778 7.071473 12.366574 8.869327 31.882842
1743736009.363819 0.010758 3.320501 7.383172 17.374283 8.692071 36.780785
1743736009.468019 0.009639 3.316986 7.050530 13.152116 8.742607 32.271878
1743736009.571599 0.010851 3.622628 6.739553 12.923964 8.570462 31.867458
1743736009.675459 0.010535 3.682132 6.710689 13.645960 8.768594 32.817910
1743736009.779199 0.010367 3.656577 6.817051 12.812122 8.475830 31.771947
1743736009.883079 0.010130 2.716769 6.868828 13.319220 5.785999 28.700946
1743736009.986939 0.009920 4.134753 6.921672 13.267627 8.745754 33.079726
1743736010.090839 0.010554 3.712487 7.060918 13.465680 8.388788 32.638427
1743736010.194689 0.009956 4.380681 8.004038 15.468501 8.604491 36.467667
1743736010.298569 0.011298 3.408411 7.045430 15.253098 9.297524 35.015761
1743736010.402299 0.011106 3.731559 6.452459 13.209176 8.423176 31.827476
1743736010.506079 0.010840 2.629982 6.784883 12.834185 6.460650 28.720540
1743736010.609829 0.010898 3.683659 6.467326 12.862900 8.406321 31.431104
1743736010.713569 0.010433 3.569218 6.489190 14.195592 8.737579 33.002012
1743736010.817559 0.009980 3.991829 6.672447 13.393941 8.568602 32.636799
1743736010.921219 0.009948 3.989116 6.992336 15.375692 8.831510 35.198602
1743736011.025109 0.011328 3.967614 6.680054 13.664158 8.824037 33.147191
1743736011.128839 0.009126 4.186434 6.953361 13.716347 8.284537 33.149805
1743736011.232699 0.010170 4.324572 6.992491 15.234465 8.556629 35.118327
1743736011.336439 0.011852 4.055535 6.792154 14.019859 8.644055 33.523455
1743736011.440329 0.010938 4.106092 6.661669 13.997200 8.918170 33.694069
1743736011.544199 0.011967 2.974957 6.578336 13.435745 8.302687 31.303692
1743736011.648069 0.009678 3.449802 6.606140 13.752445 8.371199 32.189264
1743736011.751959 0.010319 3.433937 6.671233 13.774653 8.786787 32.676929
1743736011.855829 0.009755 3.316393 6.692154 13.932933 8.632174 32.583409
1743736011.959929 0.009903 3.514227 6.911427 14.477865 8.805322 33.718744
1743736012.063689 0.010983 3.594278 6.957963 14.401293 9.062291 34.026808
1743736012.167639 0.011084 3.620591 7.095670 14.498477 9.141121 34.366943
1743736012.271499 0.010838 2.941893 7.582155 15.782111 8.598452 34.915449
1743736012.375379 0.010623 3.146177 7.278226 15.069331 8.584775 34.089132
1743736012.479339 0.009650 4.492531 7.566188 15.204982 9.268094 36.541445
1743736012.583219 0.010176 4.329806 7.388215 15.179391 8.874571 35.782159
1743736012.687089 0.011162 3.572682 8.449568 16.213502 9.038910 37.285824
1743736012.791209 0.010140 4.598131 8.655616 16.526321 9.242220 39.032428
1743736012.895019 0.010893 4.645001 8.362341 15.600663 9.290086 37.908984
1743736012.999029 0.011400 4.558442 8.316581 15.875800 9.177515 37.939738
1743736013.102829 0.010508 3.454370 8.378139 16.196737 9.327659 37.367413
1743736013.206839 0.010661 3.451731 9.000382 22.233762 9.008379 43.704915
1743736013.310729 0.010411 3.981801 8.904826 17.971145 9.722862 40.591045
1743736013.414729 0.010336 3.459837 8.399583 17.053501 9.218615 38.141872
1743736013.518709 0.012008 3.619471 8.488696 18.509275 9.584817 40.214267
1743736013.622609 0.010395 3.349840 8.686276 16.432152 9.020008 37.498671
1743736013.726579 0.011477 4.968837 8.587772 17.660825 10.385457 41.614368
1743736013.830619 0.012248 3.564820 8.799319 17.011844 9.617962 39.006193
1743736013.934449 0.011085 3.393999 8.717682 15.592358 9.147879 36.863003
1743736014.038439 0.010668 3.893963 8.411762 17.696707 10.046286 40.059386
1743736014.142329 0.011334 3.462771 8.622342 18.278705 9.235044 39.610196
1743736014.246329 0.011089 4.039624 10.452954 17.276034 9.924332 41.704033
1743736014.350199 0.011404 3.304883 9.169731 17.715023 9.209894 39.410935
1743736014.454209 0.005885 3.368783 8.657085 17.153461 5.618386 34.803600
1743736014.558079 0.010120 3.581900 8.726022 16.822501 9.273617 38.414160
1743736014.662049 0.011034 3.471881 8.623565 16.906716 9.227972 38.241168
1743736014.766209 0.010882 3.271586 8.955096 17.190508 9.015606 38.443678
1743736014.869789 0.011123 3.590609 8.747788 17.411600 9.236534 38.997654
1743736014.974289 0.010076 3.391603 9.099747 17.771279 9.071502 39.344207
1743736015.077329 0.010717 3.549244 9.268145 17.791939 9.170419 39.790464
1743736015.181219 0.010273 3.484032 9.907050 18.819436 8.909433 41.130224
1743736015.289649 0.010678 3.650379 9.560407 19.072217 9.295079 41.588760
1743736015.388839 0.011670 3.202397 10.771115 21.279170 9.055975 44.320327
1743736015.495179 0.010995 3.569984 11.102448 20.696534 9.283986 44.663947
1743736015.596399 0.011111 3.286530 11.127783 22.592201 9.327375 46.345000
1743736015.700119 0.011141 3.423593 11.734765 24.610939 9.177491 48.957929
1743736015.803829 0.011098 3.469667 12.137732 24.275959 9.277416 49.171872
1743736015.907569 0.010768 3.362741 12.336537 24.781684 8.964869 49.456599
1743736016.011199 0.010363 3.416746 12.211126 25.495366 9.158680 50.292281
1743736016.114949 0.010019 3.790168 12.853096 25.514728 9.401072 51.569083
1743736016.218749 0.010906 3.385183 12.765597 27.724366 9.047491 52.933543
1743736016.322199 0.010962 3.799256 12.756035 28.402163 9.941038 54.909454
1743736016.425799 0.010038 3.285706 13.384557 27.747913 5.914767 50.342981
1743736016.529719 0.012558 3.225698 13.324821 26.564666 9.143979 52.271722
1743736016.633159 0.011143 3.337015 13.335482 26.071118 9.209878 51.964636
1743736016.736909 0.010959 3.541210 13.741371 26.209398 9.505135 53.008073
1743736016.840619 0.011924 3.322320 13.579627 26.055958 9.024598 51.994427
1743736016.944339 0.011200 3.260628 13.262034 26.667284 8.734913 51.936059
1743736017.048229 0.011410 3.420622 13.617954 27.268191 9.295533 53.613710
1743736017.151959 0.011205 3.390517 13.927732 27.156028 9.327391 53.812873
1743736017.255759 0.010777 3.353930 13.373583 25.034854 9.195118 50.968262
1743736017.359599 0.010614 3.469653 13.721734 25.520148 9.397405 52.119554
1743736017.463329 0.010791 3.399564 13.934659 26.043819 9.084868 52.473701
1743736017.567299 0.010938 3.288500 13.839665 26.085294 8.883630 52.108027
1743736017.671079 0.011208 3.400781 14.017453 25.091877 9.201559 51.722878
1743736017.774949 0.010544 3.321382 14.366330 23.846726 9.010906 50.555888
1743736017.878969 0.011396 3.500878 14.209547 25.834103 9.194451 52.750375
1743736017.982949 0.011769 3.408631 13.890772 25.414649 9.019412 51.745233
1743736018.087079 0.012434 3.453995 13.821659 25.033168 9.350590 51.671846
1743736018.191079 0.010906 3.282883 13.415526 25.252903 8.758463 50.720681
1743736018.295329 0.006737 3.735043 12.868932 24.027166 8.776305 49.414183
1743736018.399589 0.010325 3.307072 12.522840 23.470232 8.934957 48.245426
1743736018.503719 0.011330 3.014896 12.333348 20.660574 6.163022 42.183170
1743736018.607949 0.009871 3.488170 12.233668 18.450832 9.228819 43.411360
1743736018.712209 0.010671 3.368039 11.897716 21.032260 9.018698 45.327384
1743736018.816459 0.011739 3.394623 11.282914 18.092931 9.228517 42.010724
1743736018.920699 0.010098 3.514790 10.768395 17.558279 9.068229 40.919791
1743736019.024829 0.010120 3.642249 10.663406 16.236779 9.182928 39.735482
1743736019.128969 0.010367 3.736850 10.360770 14.170029 9.397532 37.675548
1743736019.233079 0.010017 3.779459 10.330285 13.922940 9.323644 37.366345
1743736019.337219 0.011453 3.620035 10.177683 14.398218 9.424428 37.631817
1743736019.441459 0.010261 3.019379 10.020711 16.455188 5.851239 35.356778
1743736019.545589 0.011190 3.626662 9.572395 13.971386 8.800031 35.981664
1743736019.649709 0.011395 3.740842 9.677581 14.760933 8.927096 37.117847
1743736019.753959 0.011689 3.734031 9.149595 15.097025 8.725566 36.717906
1743736019.858079 0.011255 3.681932 9.543569 14.599420 8.824463 36.660639
1743736019.962229 0.010677 3.681089 11.144644 14.504501 8.850083 38.190994
1743736020.066319 0.012593 3.668778 11.126467 15.411235 6.614693 36.833766
1743736020.170449 0.010799 3.482434 9.927636 14.985975 8.721459 37.128303
1743736020.274579 0.010946 3.592614 9.908044 15.726031 8.951628 38.189263
1743736020.378749 0.011069 3.723562 9.902575 15.071744 9.058943 37.767893
1743736020.482849 0.010786 3.522145 9.767274 14.052275 8.717658 36.070138
1743736020.586829 0.010308 3.842233 10.057366 17.953231 9.169418 41.032556
1743736020.690829 0.010368 3.534751 9.753963 13.925975 8.638604 35.863661
1743736020.794829 0.009425 4.972211 12.457777 15.247113 7.969524 40.656050
1743736020.898979 0.010427 3.483431 9.526195 14.318570 9.096341 36.434964
1743736021.002829 0.011220 3.593541 9.877651 12.940935 8.789490 35.212837
1743736021.106829 0.010739 4.335764 14.305006 16.665412 7.642567 42.959488
1743736021.210829 0.012127 3.444323 10.878183 13.624554 9.659866 37.619053
1743736021.314829 0.009840 3.213842 10.884553 14.841934 8.342328 37.292497
1743736021.418829 0.009775 3.623877 9.659278 12.996056 9.077632 35.366618
1743736021.522829 0.010262 3.503133 9.579585 13.415874 9.325770 35.834624
1743736021.626849 0.010744 3.547630 9.635327 12.973176 9.236098 35.402975
1743736021.730709 0.011610 3.737480 9.680089 13.197871 9.433606 36.060656
1743736021.834729 0.011051 3.787505 9.748737 13.667464 9.527607 36.742364
1743736021.938579 0.011139 3.942531 9.688033 10.932273 9.503791 34.077767
1743736022.042579 0.010434 3.028112 9.822753 12.946097 6.247599 32.054995
1743736022.146609 0.010064 3.562779 9.788671 12.847979 9.215055 35.424548
1743736022.250449 0.010994 3.426933 9.649566 12.009450 9.153897 34.250840
1743736022.354459 0.012260 5.944452 10.585330 11.771941 10.668975 38.982958
1743736022.458459 0.011856 3.488643 8.986064 10.163313 9.195137 31.845013
1743736022.562449 0.011470 3.540447 9.014584 11.161664 9.355186 33.083351
1743736022.666329 0.011458 3.661926 9.328613 9.579295 9.238554 31.819846
1743736022.770309 0.009982 3.617578 9.239904 10.518530 8.978125 32.364119
1743736022.874309 0.010391 5.431262 9.839146 10.564284 9.718643 35.563726
1743736022.978209 0.010043 4.415408 13.170922 11.445557 5.810399 34.852329
1743736023.082209 0.009440 3.745794 9.028349 9.751055 8.737708 31.272346
1743736023.186209 0.010366 3.893865 9.172546 10.324143 8.645983 32.046903
1743736023.290209 0.011722 3.890519 9.065105 8.600549 8.667073 30.234968
1743736023.394109 0.011645 4.721884 9.617492 8.549923 8.850099 31.751043
1743736023.498109 0.010199 2.832779 9.430845 9.161680 6.975082 28.410585
1743736023.602109 0.011049 3.771394 9.378886 7.360619 8.915352 29.437300
1743736023.706109 0.009748 4.014596 9.750506 7.367790 8.446648 29.589288
1743736023.809909 0.010090 4.744764 13.001135 7.990465 8.667238 34.413692
1743736023.914009 0.010297 3.855761 10.178568 8.015842 8.528112 30.588580
1743736024.017909 0.009700 4.840818 9.761406 7.523630 8.562847 30.698401
1743736024.121809 0.011053 6.160660 11.505429 7.701663 10.187390 35.566195
1743736024.225809 0.008772 4.993311 15.921139 7.441780 7.270705 35.635707
1743736024.329709 0.010536 3.687730 10.143890 8.092846 8.836032 30.771034
1743736024.433709 0.010081 3.780352 8.625361 7.294746 8.806360 28.516900
1743736024.537609 0.009785 3.785764 8.851953 5.738528 8.689606 27.075636
1743736024.641609 0.010285 3.956517 9.548300 6.021652 8.918635 28.455389
1743736024.745409 0.009744 5.351106 9.852327 6.042192 9.663619 30.918988
1743736024.849409 0.010565 3.708726 9.120347 6.483010 8.945986 28.268634
1743736024.953309 0.009579 3.501973 8.790485 7.270029 8.657847 28.229913
1743736025.057309 0.009513 4.670435 8.870073 8.082658 8.827061 30.459740
1743736025.161209 0.010257 3.774338 8.878066 6.469974 8.644828 27.777463
1743736025.265209 0.009856 3.787933 9.211921 7.425755 9.309356 29.744821
1743736025.369109 0.010250 5.270565 9.644552 7.190056 9.355399 31.470822
1743736025.473109 0.010158 3.915629 8.719217 7.654119 8.811570 29.110693
1743736025.576909 0.010472 3.740157 8.307611 7.083007 8.854168 27.995415
1743736025.681009 0.010477 3.832302 8.610575 7.374456 8.708102 28.535912
1743736025.784909 0.009916 4.005973 8.525624 6.975717 9.179437 28.696667
1743736025.889009 0.009950 4.070150 8.511789 6.160748 9.112241 27.864878
1743736025.992809 0.010421 4.603615 11.632508 7.995305 9.430076 33.671925
1743736026.096809 0.009816 3.943307 8.681670 7.231081 8.847151 28.713025
1743736026.200809 0.009599 4.561862 9.014982 7.825200 8.787831 30.199474
1743736026.304809 0.012340 3.797780 12.632716 7.992542 9.674425 34.109803
1743736026.408809 0.006362 5.608463 13.857433 9.595395 7.928774 36.996427
1743736026.512809 0.009943 3.711411 9.553015 10.427869 9.072608 32.774846
1743736026.616809 0.009569 3.782527 10.240650 9.592559 8.801113 32.426418
1743736026.720909 0.010529 4.145714 10.591774 9.020246 8.773497 32.541760
1743736026.824809 0.010238 3.957456 9.563413 9.009360 8.687601 31.228068
1743736026.933509 0.010891 4.208232 9.602794 9.443235 9.004168 32.269320
1743736027.033109 0.010288 4.683327 11.607563 9.171196 6.941767 32.414141
1743736027.137709 0.010570 3.874466 9.703583 8.574058 8.762702 30.925379
1743736027.240709 0.010874 4.008826 9.604202 9.658544 8.781066 32.063512
1743736027.344709 0.011527 5.050270 10.890903 9.782536 9.495592 35.230828
1743736027.448709 0.009400 3.533113 10.209007 8.018953 8.324897 30.095370
1743736027.552709 0.009875 3.791073 10.212727 7.636210 8.626762 30.276647
1743736027.656709 0.008844 4.523535 9.898035 8.491279 8.381842 31.303535
1743736027.761109 0.010055 4.050597 9.224290 8.305262 8.701007 30.291211
1743736027.864409 0.010714 3.670436 9.249709 8.052749 8.525452 29.509060
1743736027.968509 0.010131 3.752113 9.843135 7.001075 8.508500 29.114954
1743736028.072509 0.009852 3.792123 8.813996 7.277746 8.575462 28.469179
1743736028.176509 0.010918 3.703993 9.621185 7.906817 8.658470 29.901383
1743736028.280409 0.009620 3.899071 9.646715 6.813559 8.246733 28.615698
1743736028.384309 0.006997 4.164629 9.242905 6.887546 6.560304 26.862381
1743736028.488209 0.010254 2.834736 9.257219 7.868006 6.381294 26.351509
1743736028.592209 0.010375 4.212851 9.571252 6.716302 8.623535 29.134315
1743736028.696209 0.010785 3.931677 9.386942 8.599396 8.784274 30.713074
1743736028.800109 0.010821 3.808841 9.190151 7.491501 8.724485 29.225799
1743736028.904009 0.010143 3.675089 9.156398 7.838271 8.416472 29.096373
1743736029.008009 0.010240 5.073528 12.473379 6.787629 6.814530 31.159306
1743736029.111809 0.009931 3.823957 9.693862 7.549086 8.429246 29.506082
1743736029.215709 0.011812 3.907140 9.632944 8.585021 8.988807 31.125724
1743736029.320209 0.011200 3.718261 9.949818 8.045055 8.818941 30.543275
1743736029.423509 0.011337 3.863214 9.002238 7.137658 8.458933 28.473380
1743736029.527509 0.010165 3.996528 9.492900 8.010001 8.625243 30.134837
1743736029.631909 0.010360 4.086510 9.758117 8.203172 8.694979 30.753138
1743736029.735409 0.009704 4.217368 9.565232 9.664252 8.563263 32.019819
1743736029.839309 0.010870 3.649861 9.683794 8.991195 8.549950 30.885670
1743736029.943209 0.009742 3.660373 9.319230 8.431980 8.699111 30.120436
1743736030.047209 0.012137 3.931882 9.286635 8.615427 8.616681 30.462762
1743736030.151309 0.010572 4.102516 9.323124 9.279333 8.990950 31.706495
1743736030.255309 0.010561 3.835077 9.340364 7.200420 8.432086 28.818508
1743736030.359309 0.009926 4.054727 9.482254 9.213238 8.583764 31.343909
1743736030.463409 0.012019 4.473468 10.056922 8.404914 9.123705 32.071028
1743736030.567509 0.010956 3.672692 9.075427 8.832080 8.831457 30.422612
1743736030.671509 0.010584 3.730908 9.091416 8.788410 8.931355 30.552673
1743736030.775509 0.011431 3.793786 9.238125 9.022387 8.980266 31.045995
1743736030.879609 0.010242 3.627289 9.119628 8.417288 8.847360 30.021807
1743736030.983609 0.014546 3.553463 9.769088 9.294827 8.792068 31.423992
1743736031.087609 0.009611 3.596171 9.176120 8.944131 8.605513 30.331546
1743736031.191609 0.005864 4.732000 9.529874 8.745138 8.521554 31.534430
1743736031.295509 0.009282 2.683229 8.848365 9.223839 6.158372 26.923087
1743736031.399509 0.013859 4.257599 9.322463 8.923627 8.485044 31.002592
1743736031.503509 0.011018 4.732513 9.655846 10.092599 9.179797 33.671773
1743736031.607509 0.012066 3.112180 10.910705 9.944683 8.737680 32.717314
1743736031.711309 0.006662 4.715673 9.852654 10.069691 6.956593 31.601273
1743736031.815309 0.009619 3.717382 9.155650 10.310369 9.037971 32.230991
1743736031.919309 0.010642 3.370217 9.470371 10.518689 8.787145 32.157064
1743736032.023209 0.010039 3.949541 9.772499 9.894697 8.648079 32.274855
1743736032.127209 0.009938 3.871518 9.226877 10.733483 8.747582 32.589398
1743736032.231109 0.010142 3.941291 9.802610 10.996851 8.790913 33.541807
1743736032.335109 0.010503 3.674471 9.705651 10.937170 8.933990 33.261785
1743736032.439009 0.009988 3.095234 11.430706 11.511890 8.652653 34.700471
1743736032.543009 0.010783 4.476324 9.793828 11.115014 9.079682 34.475631
1743736032.646909 0.010378 3.510910 9.978979 12.338872 8.927503 34.766642
1743736032.750709 0.010819 2.854496 10.226996 14.251019 5.980060 33.323390
1743736032.854609 0.010354 3.642516 10.369452 13.492418 8.977543 36.492283
1743736032.958509 0.010962 3.761195 10.931481 13.997422 9.138473 37.839533
1743736033.062509 0.010917 4.942971 11.306091 14.859594 9.514904 40.634477
1743736033.166509 0.009984 3.141757 11.411958 15.237472 6.604340 36.405511
1743736033.270309 0.010461 4.289150 12.345640 14.736666 9.896165 41.278082
1743736033.374209 0.011611 3.788951 12.508121 16.054373 10.116165 42.479221
1743736033.478109 0.011110 3.578139 12.055292 15.560339 9.184412 40.389292
1743736033.581709 0.010465 3.888446 12.486304 15.025525 9.587121 40.997861
1743736033.685409 0.011811 3.559188 11.663942 15.683829 9.528612 40.447382
1743736033.789109 0.014854 3.673094 12.198993 16.524622 9.374062 41.785625
1743736033.892709 0.011262 3.739446 12.360151 15.774202 9.152559 41.037620
1743736033.996509 0.010511 5.733412 15.052149 16.903593 10.302293 48.001958
1743736034.100209 0.011353 3.367763 12.629015 15.761421 9.083487 40.853039
1743736034.203809 0.010504 3.704453 13.020762 16.263551 9.284743 42.284013
1743736034.307609 0.010287 3.476022 12.359949 14.908082 9.047317 39.801657
1743736034.411209 0.011337 3.496880 14.419613 16.414351 9.093364 43.435545
1743736034.515009 0.011998 3.739559 13.035513 16.255275 9.624621 42.666966
1743736034.618909 0.010617 3.608145 12.898620 16.826808 9.436161 42.780351
1743736034.722709 0.011156 3.850084 12.561552 15.266548 9.206596 40.895936
1743736034.826709 0.010949 5.481694 15.626126 16.395066 9.827916 47.341751
1743736034.930809 0.010229 3.901942 14.071156 15.598004 9.415941 42.997272
1743736035.035009 0.010573 3.922315 12.858815 14.767131 9.328572 40.887406
1743736035.139209 0.009880 3.725409 13.237550 15.518775 9.151742 41.643356
1743736035.243509 0.010906 4.563711 12.692103 14.618952 10.128517 42.014189
1743736035.347609 0.010894 3.694735 13.008936 15.828270 9.201945 41.744780
1743736035.451709 0.011790 3.912218 12.668119 14.972668 9.161363 40.726158
1743736035.555809 0.011439 3.855799 12.857732 15.960339 9.038589 41.723898
1743736035.660009 0.010828 3.560716 13.369603 15.392307 8.660583 40.994037
1743736035.764109 0.010446 3.822833 13.546329 15.680750 9.177884 42.238242
1743736035.868209 0.010375 5.530330 13.361423 15.613994 9.354453 43.870575
1743736035.972209 0.010367 3.767264 12.605686 15.986097 8.895297 41.264711
1743736036.076209 0.016255 3.685335 12.514736 14.339274 8.896816 39.452416
1743736036.180209 0.011925 3.845973 12.859999 14.566569 9.197169 40.481635
1743736036.284209 0.011422 3.627393 12.604946 13.211782 8.788676 38.244219
1743736036.388209 0.011461 3.655243 13.003445 14.686429 9.032661 40.389239
1743736036.492209 0.010840 5.715113 14.115848 15.532812 10.098961 45.473574
1743736036.596109 0.010580 3.633900 13.009960 13.853320 9.036140 39.543900
1743736036.700109 0.011182 3.990046 13.257743 14.337444 8.902954 40.499369
1743736036.804109 0.007669 4.354251 13.117958 13.116044 8.297336 38.893258
1743736036.908109 0.011259 3.835417 13.380688 13.526154 9.015748 39.769266
1743736037.012109 0.010659 3.637513 12.949141 12.463074 9.062633 38.123020
