1743735922.682509 0.000000 0.000000 0.000000 0.000000 0.000000 0.000000 1.000000
1743735922.786384 0.092909 0.008962 0.001077 -0.000205 0.000073 0.003270 0.999995
1743735922.890403 0.184342 0.012124 0.001735 -0.000494 0.000084 0.006604 0.999978
1743735922.994259 0.288844 0.019124 0.003168 -0.000625 -0.000321 0.010514 0.999944
1743735923.098131 0.393543 0.026917 0.002624 -0.000885 -0.001061 0.015094 0.999885
1743735923.202008 0.512367 0.040323 0.002237 -0.000978 -0.001834 0.020750 0.999783
1743735923.305886 0.640897 0.059086 0.002916 -0.001004 -0.002415 0.027523 0.999618
1743735923.409631 0.779636 0.078544 0.003038 -0.000901 -0.002490 0.035605 0.999362
1743735923.513383 0.933070 0.109158 0.002673 -0.000330 -0.002546 0.044933 0.998987
1743735923.617131 1.100900 0.135626 0.008257 0.000394 -0.002691 0.054903 0.998488
1743735923.720913 1.263802 0.175703 0.011294 0.000215 -0.002965 0.065756 0.997831
1743735923.824636 1.447871 0.249601 0.017203 -0.001384 -0.003913 0.077666 0.996971
1743735923.928382 1.625906 0.317915 0.018623 -0.003436 -0.005083 0.090186 0.995906
1743735924.032136 1.801930 0.351824 0.024629 -0.004958 -0.005782 0.104317 0.994515
1743735924.135762 1.992431 0.409287 0.032704 -0.005620 -0.006086 0.119464 0.992804
1743735924.239506 2.177758 0.479386 0.039190 -0.006381 -0.006259 0.135244 0.990772
1743735924.343281 2.384853 0.582521 0.040239 -0.007343 -0.006121 0.151392 0.988428
1743735924.446883 2.578056 0.676233 0.050330 -0.008198 -0.005957 0.168960 0.985571
1743735924.550511 2.765231 0.758541 0.051807 -0.009454 -0.006402 0.186680 0.982355
1743735924.654259 2.974361 0.897985 0.053720 -0.010895 -0.006738 0.204103 0.978866
1743735924.758007 3.168082 1.020251 0.046967 -0.011562 -0.006916 0.222721 0.974789
1743735924.861635 3.341373 1.126400 0.048644 -0.009443 -0.007261 0.242595 0.970054
1743735924.965384 3.548288 1.284204 0.057931 -0.007450 -0.007171 0.263350 0.964645
1743735925.069013 3.727752 1.415142 0.066075 -0.007762 -0.006242 0.285880 0.958214
1743735925.172653 3.928735 1.623443 0.070221 -0.010272 -0.005547 0.309781 0.950736
1743735925.276129 4.106719 1.821524 0.079760 -0.011923 -0.005740 0.334669 0.942243
1743735925.379838 4.263523 1.984689 0.073328 -0.011700 -0.006159 0.360183 0.932788
1743735925.483399 4.446631 2.231841 0.083463 -0.009482 -0.004980 0.386588 0.922190
1743735925.587150 4.600138 2.453018 0.083477 -0.007529 -0.004122 0.412996 0.910692
1743735925.690757 4.739922 2.670922 0.083808 -0.006761 -0.003116 0.439013 0.898450
1743735925.794510 4.917333 2.983727 0.080811 -0.006220 -0.001865 0.465380 0.885087
1743735925.898260 5.045894 3.262636 0.085539 -0.006177 -0.000902 0.491820 0.870674
1743735926.001883 5.149262 3.529695 0.082281 -0.006324 -0.000312 0.517709 0.855533
1743735926.105635 5.294418 3.895286 0.083918 -0.006756 0.000720 0.543259 0.839538
1743735926.209402 5.357422 4.192709 0.083387 -0.007321 0.001419 0.567972 0.823014
1743735926.313157 5.472750 4.595527 0.083521 -0.007558 0.002930 0.591806 0.806040
1743735926.416904 5.542085 4.976262 0.082744 -0.006843 0.004990 0.614134 0.789156
1743735926.520760 5.568794 5.318399 0.090933 -0.006598 0.005861 0.634255 0.773073
1743735926.624631 5.630621 5.738985 0.085093 -0.007627 0.005145 0.652804 0.757471
1743735926.728793 5.639548 6.147904 0.071689 -0.008553 0.003886 0.668842 0.743346
1743735926.832775 5.665493 6.615788 0.061615 -0.008776 0.002692 0.682987 0.730373
1743735926.936889 5.664673 7.082744 0.056714 -0.007721 0.001789 0.695618 0.718368
1743735927.041021 5.653843 7.534418 0.057609 -0.006849 0.000914 0.706824 0.707355
1743735927.145155 5.632678 8.040173 0.056649 -0.006267 -0.000160 0.716403 0.697659
1743735927.249394 5.608306 8.551563 0.051320 -0.005939 -0.001254 0.723807 0.689976
1743735927.353759 5.549918 9.107599 0.043328 -0.005448 -0.001627 0.729232 0.684243
1743735927.458009 5.505903 9.638073 0.045674 -0.005468 -0.001246 0.733785 0.679358
1743735927.562468 5.450205 10.191568 0.044074 -0.006331 -0.001448 0.737043 0.675814
1743735927.666759 5.387633 10.774913 0.045968 -0.006880 -0.000922 0.739403 0.673227
1743735927.771011 5.325903 11.345683 0.045285 -0.007156 -0.000385 0.740869 0.671611
1743735927.875387 5.260209 11.963842 0.044304 -0.006933 0.000288 0.741444 0.670979
1743735927.979663 5.201257 12.586041 0.037429 -0.006737 0.001969 0.741140 0.671314
1743735928.084010 5.138685 13.231853 0.036298 -0.007116 0.003345 0.740639 0.671857
1743735928.188258 5.067440 13.885235 0.035782 -0.007827 0.002550 0.740038 0.672514
1743735928.292517 4.992473 14.534003 0.033050 -0.008793 0.000120 0.739486 0.673115
1743735928.396762 4.923412 15.228106 0.023011 -0.008949 -0.000184 0.739031 0.673612
1743735928.500886 4.855002 15.913222 0.014809 -0.010356 0.000228 0.738420 0.674262
1743735928.605032 4.788787 16.638793 0.009276 -0.011784 0.001248 0.737796 0.674919
1743735928.709281 4.717127 17.364725 0.005957 -0.011573 0.002951 0.737169 0.675602
1743735928.813385 4.646662 18.113175 -0.004605 -0.012553 0.001691 0.736528 0.676289
1743735928.917532 4.576099 18.890524 -0.010280 -0.013014 -0.000604 0.735960 0.676899
1743735929.021534 4.509736 19.642974 -0.024512 -0.013753 -0.001728 0.735432 0.677456
1743735929.125652 4.446960 20.437440 -0.036166 -0.013376 -0.000038 0.734932 0.678008
1743735929.229780 4.380433 21.247522 -0.044862 -0.013672 0.001227 0.734516 0.678453
1743735929.333789 4.317202 22.012812 -0.066020 -0.014064 0.001572 0.734086 0.678910
1743735929.437889 4.254259 22.819747 -0.072491 -0.012780 0.000131 0.733826 0.679217
1743735929.541886 4.190077 23.617795 -0.069025 -0.010237 -0.002114 0.733736 0.679355
1743735929.645887 4.132036 24.447966 -0.069816 -0.007364 -0.002440 0.733828 0.679291
1743735929.749886 4.064714 25.266289 -0.076075 -0.008069 -0.002561 0.734018 0.679078
1743735929.853765 3.989192 26.102073 -0.093040 -0.010705 -0.000690 0.733989 0.679077
1743735929.957781 3.905364 26.952475 -0.099685 -0.013777 0.001197 0.733966 0.679045
1743735930.061781 3.836386 27.794626 -0.103552 -0.016286 0.002449 0.734128 0.678812
1743735930.165760 3.760688 28.641074 -0.112532 -0.017026 0.002387 0.734219 0.678695
1743735930.269780 3.687965 29.513780 -0.114938 -0.016185 0.001313 0.734383 0.678541
1743735930.373638 3.615512 30.318936 -0.119324 -0.015408 0.000377 0.734463 0.678474
1743735930.477640 3.543977 31.159258 -0.130927 -0.016213 0.000179 0.734526 0.678387
1743735930.581512 3.476150 32.003437 -0.145779 -0.017252 0.000672 0.734353 0.678548
1743735930.685513 3.402367 32.816739 -0.153570 -0.016151 0.000694 0.734396 0.678528
1743735930.789514 3.332252 33.639367 -0.156193 -0.015176 -0.001611 0.734178 0.678786
1743735930.893513 3.263367 34.470761 -0.160793 -0.014376 -0.003301 0.734133 0.678846
1743735930.997515 3.188309 35.331331 -0.168731 -0.013847 -0.002563 0.733837 0.679179
1743735931.101389 3.121725 36.153248 -0.165196 -0.014001 -0.000922 0.733620 0.679415
1743735931.205386 3.056890 36.977411 -0.171362 -0.015114 0.001308 0.733421 0.679605
1743735931.309408 2.994301 37.792347 -0.186937 -0.016054 0.003909 0.733169 0.679846
1743735931.413260 2.928273 38.637408 -0.195711 -0.016851 0.005597 0.733179 0.679804
1743735931.517265 2.862384 39.494819 -0.205561 -0.017254 0.005205 0.733229 0.679743
1743735931.621265 2.792772 40.319460 -0.216123 -0.016752 0.003071 0.733176 0.679825
1743735931.725267 2.720838 41.180664 -0.225545 -0.015776 0.001235 0.733052 0.679989
1743735931.829140 2.648147 42.027215 -0.234734 -0.015823 -0.001046 0.733088 0.679949
1743735931.933161 2.578372 42.856354 -0.247829 -0.015994 -0.002436 0.733205 0.679815
1743735932.037014 2.512982 43.676404 -0.249880 -0.014549 -0.002629 0.733484 0.679546
1743735932.141038 2.455107 44.468688 -0.248409 -0.012654 -0.003163 0.733940 0.679089
1743735932.245012 2.392202 45.298093 -0.247754 -0.011471 -0.002841 0.734282 0.678742
1743735932.348894 2.319159 46.109394 -0.249028 -0.011547 -0.000589 0.734786 0.678201
1743735932.452889 2.251947 46.942274 -0.254324 -0.012464 0.002441 0.735478 0.677429
1743735932.556758 2.180553 47.755669 -0.254820 -0.012635 0.005012 0.736074 0.676765
1743735932.660642 2.111801 48.561543 -0.261710 -0.012955 0.004266 0.736620 0.676169
1743735932.764639 2.029586 49.388268 -0.264137 -0.012188 0.002549 0.736935 0.675849
1743735932.868519 1.942633 50.200603 -0.265597 -0.012296 -0.000085 0.737262 0.675495
1743735932.972519 1.861072 50.981464 -0.275065 -0.012692 -0.001426 0.737728 0.674978
1743735933.076389 1.782445 51.795217 -0.276950 -0.013350 -0.001138 0.738049 0.674615
1743735933.180269 1.705533 52.562227 -0.278369 -0.014001 -0.000851 0.738401 0.674216
1743735933.284259 1.629023 53.341847 -0.276942 -0.014811 -0.001908 0.738711 0.673856
1743735933.388139 1.549712 54.109354 -0.280766 -0.015150 -0.002022 0.738896 0.673646
1743735933.492159 1.473633 54.880257 -0.285649 -0.015049 -0.000801 0.739012 0.673523
1743735933.596019 1.402903 55.653521 -0.288744 -0.015902 0.000444 0.739145 0.673358
1743735933.700019 1.319969 56.418120 -0.300710 -0.017569 0.001566 0.739178 0.673279
1743735933.803889 1.244666 57.196420 -0.306744 -0.018662 0.002092 0.739354 0.673055
1743735933.907889 1.171805 57.943016 -0.316211 -0.018275 0.002640 0.739597 0.672797
1743735934.011789 1.095807 58.702797 -0.321141 -0.017511 0.002015 0.739716 0.672688
1743735934.115769 1.015765 59.424021 -0.329175 -0.016378 0.000775 0.739732 0.672702
1743735934.219659 0.945171 60.152680 -0.334946 -0.015281 -0.000185 0.739670 0.672796
1743735934.323639 0.870379 60.854175 -0.338675 -0.014822 -0.001314 0.739267 0.673248
1743735934.427639 0.803608 61.503428 -0.339155 -0.015222 -0.002156 0.738453 0.674130
1743735934.531649 0.748337 62.141477 -0.340212 -0.015804 -0.002139 0.737106 0.675589
1743735934.635769 0.695986 62.819476 -0.343973 -0.016596 -0.001901 0.735138 0.677712
1743735934.739769 0.634304 63.486937 -0.341618 -0.016405 -0.000737 0.732693 0.680361
1743735934.843889 0.582575 64.157123 -0.345501 -0.017264 -0.000516 0.729632 0.683622
1743735934.948019 0.542307 64.788273 -0.348878 -0.018751 -0.000932 0.725504 0.687962
1743735935.052139 0.505416 65.401315 -0.354864 -0.020927 -0.001962 0.720264 0.693382
1743735935.156419 0.483464 65.977576 -0.359724 -0.021280 -0.001564 0.713784 0.700041
1743735935.260639 0.487439 66.529694 -0.364364 -0.021817 -0.001636 0.705971 0.707903
1743735935.364899 0.504503 67.074506 -0.372224 -0.021538 -0.001455 0.696879 0.716864
1743735935.469289 0.565308 67.576916 -0.368847 -0.020977 -0.000802 0.686663 0.726672
1743735935.573639 0.612528 68.092548 -0.370456 -0.020329 -0.000131 0.674053 0.738403
1743735935.678019 0.680125 68.573418 -0.376444 -0.019689 0.000406 0.659991 0.751016
1743735935.782389 0.785969 69.022253 -0.370518 -0.019321 0.001023 0.644682 0.764206
1743735935.886889 0.881977 69.479636 -0.383542 -0.018757 0.001833 0.626834 0.778925
1743735935.991269 1.049400 69.895706 -0.388783 -0.016984 0.002744 0.607961 0.793780
1743735936.095769 1.197113 70.324457 -0.384399 -0.012864 0.004383 0.586931 0.809523
1743735936.200139 1.413349 70.723979 -0.378251 -0.009625 0.005083 0.565357 0.824775
1743735936.304639 1.600844 71.123606 -0.373324 -0.006597 0.006320 0.541652 0.840553
1743735936.409019 1.868071 71.497352 -0.389204 -0.006293 0.006250 0.518300 0.855153
1743735936.513269 2.081807 71.863004 -0.401703 -0.005107 0.006914 0.494325 0.869235
1743735936.617639 2.344358 72.209987 -0.405231 -0.001905 0.009458 0.470936 0.882115
1743735936.721889 2.662896 72.534771 -0.388566 0.002852 0.012774 0.447377 0.894250
1743735936.826159 2.933652 72.847110 -0.387384 0.004496 0.012142 0.422841 0.906111
1743735936.930389 3.256640 73.144841 -0.405982 0.005193 0.008162 0.397955 0.917354
1743735937.034659 3.550670 73.420081 -0.395185 0.005480 0.002833 0.371514 0.928407
1743735937.138889 3.940568 73.701791 -0.400234 0.004968 -0.001770 0.344438 0.938794
1743735937.243139 4.299478 73.955342 -0.403075 0.004894 -0.003537 0.316398 0.948607
1743735937.347389 4.701232 74.210349 -0.402797 0.005212 -0.004186 0.288218 0.957541
1743735937.451519 5.150450 74.446016 -0.404983 0.004334 -0.005779 0.260504 0.965446
1743735937.555669 5.598870 74.663792 -0.381047 0.003461 -0.004833 0.234106 0.972193
1743735937.659659 6.110785 74.890983 -0.383076 0.000894 -0.005111 0.209907 0.977708
1743735937.763669 6.602889 75.079773 -0.377386 -0.001995 -0.006225 0.187753 0.982195
1743735937.867519 7.161358 75.265042 -0.378872 -0.003645 -0.005980 0.168680 0.985646
1743735937.971269 7.733188 75.444482 -0.370088 -0.003805 -0.004890 0.152691 0.988255
1743735938.074989 8.277069 75.600693 -0.350019 -0.003752 -0.003642 0.139859 0.990158
1743735938.178699 8.888807 75.766927 -0.344138 -0.003677 -0.002497 0.128828 0.991657
1743735938.282419 9.497001 75.907686 -0.338273 -0.004548 -0.001136 0.119500 0.992823
1743735938.386119 10.118857 76.052461 -0.329835 -0.007001 -0.000490 0.111749 0.993712
1743735938.489829 10.751194 76.203167 -0.329566 -0.008505 0.000053 0.104828 0.994454
1743735938.593519 11.410422 76.320220 -0.323422 -0.008238 0.000150 0.098452 0.995108
1743735938.697269 12.075058 76.447983 -0.320634 -0.008213 0.000084 0.091471 0.995774
1743735938.801059 12.773821 76.567789 -0.315504 -0.008637 0.000549 0.084097 0.996420
1743735938.904869 13.487421 76.683971 -0.311887 -0.008952 0.000838 0.076913 0.996997
1743735939.008649 14.211959 76.782703 -0.304068 -0.009170 -0.000416 0.070631 0.997460
1743735939.112399 14.932811 76.862595 -0.298080 -0.009615 -0.002885 0.065344 0.997812
1743735939.216269 15.666464 76.956629 -0.283677 -0.010030 -0.005758 0.060384 0.998108
1743735939.320029 16.421288 77.052557 -0.273916 -0.010756 -0.006053 0.056115 0.998348
1743735939.423769 17.190880 77.131856 -0.264412 -0.010686 -0.003113 0.052831 0.998541
1743735939.527649 17.962189 77.205042 -0.257124 -0.010702 0.000802 0.050630 0.998660
1743735939.631399 18.713165 77.287824 -0.251831 -0.010195 0.002829 0.048447 0.998770
1743735939.735139 19.494579 77.370802 -0.232978 -0.011627 0.002583 0.046586 0.998843
1743735939.838929 20.328766 77.460243 -0.224733 -0.012012 0.002170 0.044860 0.998919
1743735939.942789 21.077937 77.528465 -0.223634 -0.010828 0.003227 0.043428 0.998993
1743735940.046509 21.861590 77.591163 -0.213314 -0.009069 0.004827 0.042213 0.999056
1743735940.150399 22.629459 77.654806 -0.215580 -0.008201 0.005612 0.040675 0.999123
1743735940.254169 23.396957 77.714566 -0.208692 -0.007865 0.003989 0.039359 0.999186
1743735940.358019 24.149356 77.776087 -0.202669 -0.010307 0.000356 0.038650 0.999200
1743735940.461899 24.900206 77.844876 -0.189619 -0.010699 -0.003340 0.037641 0.999228
1743735940.565649 25.626728 77.907452 -0.172115 -0.011350 -0.005228 0.036825 0.999244
1743735940.669519 26.408418 77.968011 -0.164855 -0.011442 -0.004663 0.035939 0.999278
1743735940.773389 27.166776 78.028263 -0.148913 -0.012654 -0.002729 0.034721 0.999313
1743735940.877269 27.930865 78.086502 -0.142732 -0.012976 -0.000559 0.033673 0.999349
1743735940.981019 28.666697 78.135896 -0.127605 -0.011928 0.000669 0.032476 0.999401
1743735941.084899 29.412646 78.186223 -0.112032 -0.010981 0.000786 0.031801 0.999434
1743735941.188769 30.154874 78.233734 -0.104302 -0.009981 0.000751 0.031310 0.999460
1743735941.292639 30.917384 78.280585 -0.092848 -0.010369 0.000081 0.030773 0.999473
1743735941.396419 31.676318 78.340364 -0.086283 -0.010048 -0.000577 0.030127 0.999495
1743735941.500269 32.448170 78.390980 -0.071627 -0.008787 -0.000486 0.029654 0.999521
1743735941.604149 33.219250 78.443409 -0.066231 -0.008801 -0.000152 0.029414 0.999529
1743735941.708019 33.994785 78.487171 -0.056301 -0.009206 -0.000379 0.029346 0.999527
1743735941.811899 34.752915 78.541612 -0.055525 -0.009117 -0.000423 0.030028 0.999507
1743735941.915769 35.555578 78.595118 -0.036053 -0.007493 -0.000436 0.031147 0.999487
1743735942.019519 36.352834 78.656907 -0.027856 -0.007438 -0.000192 0.032535 0.999443
1743735942.123399 37.163083 78.723616 -0.026573 -0.008449 -0.000552 0.034008 0.999386
1743735942.227269 37.943695 78.787138 -0.020524 -0.009514 -0.002689 0.035232 0.999330
1743735942.331019 38.736697 78.855055 -0.008861 -0.010556 -0.004812 0.036362 0.999271
1743735942.434899 39.584254 78.920004 0.008662 -0.011204 -0.005405 0.037387 0.999223
1743735942.538769 40.372178 78.995011 0.019824 -0.009648 -0.004982 0.038427 0.999202
1743735942.642649 41.219128 79.061169 0.044859 -0.008952 -0.004287 0.039561 0.999168
1743735942.746519 42.068036 79.136970 0.066619 -0.008822 -0.003389 0.040420 0.999138
1743735942.850439 42.893236 79.208888 0.073764 -0.007864 -0.001744 0.040922 0.999130
1743735942.954399 43.722135 79.279174 0.088809 -0.007006 0.000457 0.041477 0.999115
1743735943.058269 44.579456 79.356779 0.098488 -0.006921 0.001884 0.041070 0.999131
1743735943.162259 45.449122 79.431696 0.109775 -0.009004 0.001855 0.040137 0.999152
1743735943.266149 46.313406 79.503606 0.115390 -0.009505 0.001200 0.039384 0.999178
1743735943.370019 47.195480 79.575756 0.121419 -0.009609 -0.000022 0.038372 0.999217
1743735943.474039 48.050412 79.640600 0.132832 -0.008785 -0.000700 0.037444 0.999260
1743735943.577899 48.956345 79.712892 0.139775 -0.008712 -0.000798 0.036501 0.999295
1743735943.681769 49.838264 79.779634 0.144427 -0.007883 0.000299 0.036028 0.999320
1743735943.785779 50.706137 79.843952 0.156804 -0.007238 0.001812 0.035481 0.999343
1743735943.889649 51.566528 79.906544 0.163165 -0.007550 0.002038 0.035016 0.999356
1743735943.993629 52.425548 79.976581 0.174034 -0.008181 0.000186 0.034603 0.999368
1743735944.097549 53.305648 80.053478 0.195798 -0.009552 -0.002317 0.034323 0.999362
1743735944.201519 54.171623 80.118297 0.212747 -0.009585 -0.005004 0.033680 0.999374
1743735944.305409 55.043636 80.194058 0.236137 -0.011328 -0.007818 0.033270 0.999352
1743735944.409399 55.902813 80.252796 0.252445 -0.011325 -0.008320 0.032841 0.999362
1743735944.513269 56.725902 80.312104 0.273752 -0.013267 -0.005777 0.032664 0.999362
1743735944.617149 57.566020 80.363499 0.292142 -0.013487 -0.001659 0.032820 0.999369
1743735944.721169 58.407999 80.417005 0.282691 -0.009801 0.001913 0.033492 0.999389
1743735944.825129 59.281674 80.478930 0.325586 -0.010147 0.001634 0.034677 0.999346
1743735944.929049 60.123436 80.534216 0.349672 -0.009805 0.000130 0.035612 0.999318
1743735945.032899 60.939769 80.596590 0.353883 -0.006483 -0.000453 0.036928 0.999297
1743735945.136899 61.785135 80.662764 0.371261 -0.001605 -0.001144 0.038489 0.999257
1743735945.240879 62.607747 80.735415 0.383818 -0.001480 -0.002704 0.040000 0.999195
1743735945.344779 63.412343 80.812526 0.391996 -0.003203 -0.004653 0.041950 0.999104
1743735945.448649 64.250736 80.895184 0.424191 -0.008774 -0.006636 0.043480 0.998994
1743735945.552669 65.049863 80.983475 0.439140 -0.010584 -0.007149 0.045025 0.998904
1743735945.656529 65.876859 81.073331 0.464438 -0.013810 -0.006295 0.046826 0.998788
1743735945.760519 66.683695 81.163946 0.478409 -0.015447 -0.003867 0.048771 0.998683
1743735945.864499 67.475173 81.247001 0.497878 -0.013981 -0.000719 0.050856 0.998608
1743735945.968419 68.286500 81.333568 0.511314 -0.012409 0.001066 0.053316 0.998500
1743735946.072279 69.053157 81.431671 0.531556 -0.013604 0.001680 0.056395 0.998314
1743735946.176269 69.845737 81.528636 0.529438 -0.011182 0.003299 0.059572 0.998156
1743735946.280149 70.641942 81.639114 0.543730 -0.010906 0.003505 0.062714 0.997966
1743735946.384019 71.370281 81.747460 0.547311 -0.012681 0.002716 0.065712 0.997754
1743735946.488049 72.141866 81.862012 0.560867 -0.014894 0.001077 0.068549 0.997536
1743735946.591899 72.914111 81.979221 0.559988 -0.013772 -0.000486 0.071506 0.997345
1743735946.695899 73.656656 82.105192 0.576003 -0.015192 -0.001039 0.074144 0.997131
1743735946.799779 74.444972 82.232812 0.576759 -0.014797 0.001151 0.076702 0.996944
1743735946.903779 75.214374 82.362444 0.587263 -0.014975 0.003478 0.079753 0.996696
1743735947.007649 75.975112 82.488259 0.598275 -0.013592 0.004683 0.082881 0.996456
1743735947.111649 76.715966 82.623189 0.599282 -0.012633 0.002770 0.086354 0.996181
1743735947.215529 77.452760 82.768289 0.609023 -0.012592 -0.001025 0.090584 0.995809
1743735947.319399 78.189394 82.910891 0.612830 -0.011961 -0.002271 0.095312 0.995373
1743735947.423269 78.955335 83.071775 0.626157 -0.011856 -0.000579 0.100894 0.994826
1743735947.527149 79.716042 83.246916 0.634846 -0.011686 0.002228 0.106882 0.994201
1743735947.631019 80.493286 83.433599 0.639362 -0.010944 0.006343 0.113210 0.993491
1743735947.734899 81.253178 83.618400 0.649367 -0.009021 0.008499 0.118739 0.992848
1743735947.838779 81.963056 83.819657 0.644136 -0.011481 0.005864 0.124884 0.992088
1743735947.942649 82.655398 84.016209 0.646217 -0.013396 0.000637 0.130533 0.991353
1743735948.046519 83.337535 84.209623 0.656730 -0.013786 -0.001978 0.136921 0.990484
1743735948.150399 84.049074 84.420329 0.647540 -0.013486 -0.000059 0.143194 0.989603
1743735948.254299 84.759264 84.639736 0.662577 -0.011861 0.004134 0.148898 0.988773
1743735948.358149 85.503257 84.882781 0.668889 -0.011128 0.007150 0.155158 0.987801
1743735948.462029 86.211950 85.119469 0.671152 -0.009893 0.006395 0.161678 0.986773
1743735948.565899 86.904326 85.369669 0.663587 -0.009578 0.003925 0.167654 0.985791
1743735948.669899 87.598439 85.620013 0.671125 -0.008527 0.000645 0.172378 0.984994
1743735948.773779 88.323601 85.895916 0.673132 -0.007502 -0.002482 0.176159 0.984330
1743735948.877779 89.039524 86.170760 0.681984 -0.006964 -0.003410 0.180030 0.983631
1743735948.981799 89.726574 86.456804 0.675840 -0.007465 -0.003787 0.184029 0.982885
1743735949.085649 90.430283 86.737322 0.697462 -0.008862 -0.002982 0.188203 0.982086
1743735949.189529 91.127137 87.027073 0.696614 -0.008916 0.000053 0.192475 0.981261
1743735949.293529 91.817669 87.319911 0.711747 -0.008571 0.004312 0.196091 0.980539
1743735949.397399 92.515215 87.633099 0.721177 -0.010021 0.008003 0.199326 0.979849
1743735949.501399 93.205817 87.958015 0.722152 -0.014232 0.005963 0.202291 0.979204
1743735949.605399 93.898834 88.269128 0.709818 -0.015735 0.001139 0.205113 0.978611
1743735949.709399 94.613526 88.586404 0.721099 -0.013689 -0.002322 0.207695 0.978095
1743735949.813399 95.313356 88.900505 0.724876 -0.014171 -0.002844 0.209691 0.977661
1743735949.917279 96.031280 89.236270 0.720261 -0.016040 -0.000926 0.212004 0.977137
1743735950.021149 96.740654 89.580735 0.734032 -0.016568 0.001372 0.214923 0.976489
1743735950.125169 97.402782 89.891570 0.751851 -0.014288 0.001302 0.217814 0.975885
1743735950.229029 98.092154 90.221468 0.756383 -0.015498 -0.002296 0.220241 0.975320
1743735950.333029 98.811351 90.565143 0.766081 -0.016043 -0.006047 0.222689 0.974739
1743735950.436899 99.520383 90.942130 0.774784 -0.016785 -0.007097 0.225369 0.974103
1743735950.540919 100.210841 91.289260 0.781195 -0.016094 -0.004917 0.227604 0.973608
1743735950.644809 100.863933 91.621428 0.794355 -0.016897 -0.003826 0.229693 0.973109
1743735950.748659 101.559621 91.986541 0.809787 -0.017330 -0.003598 0.232206 0.972506
1743735950.852529 102.259544 92.340692 0.822944 -0.016649 -0.003791 0.234941 0.971860
1743735950.956549 102.936613 92.691139 0.838590 -0.016253 -0.004080 0.237147 0.971329
1743735951.060399 103.599552 93.059642 0.845128 -0.015309 -0.003521 0.239359 0.970804
1743735951.164399 104.247879 93.411846 0.856860 -0.015734 -0.003379 0.241495 0.970269
1743735951.268279 104.910459 93.769248 0.863950 -0.015470 -0.003314 0.243835 0.969688
1743735951.372169 105.565086 94.137187 0.881716 -0.014898 -0.005144 0.246292 0.969068
1743735951.476179 106.251388 94.522384 0.896541 -0.013874 -0.007407 0.248689 0.968456
1743735951.580029 106.886843 94.890315 0.913338 -0.013803 -0.008760 0.250738 0.967917
1743735951.684029 107.529534 95.257612 0.922820 -0.014626 -0.007247 0.252738 0.967397
1743735951.787899 108.151145 95.614754 0.931538 -0.013894 -0.002692 0.254578 0.966949
1743735951.891899 108.777389 95.969868 0.942429 -0.012681 0.002596 0.255873 0.966624
1743735951.995779 109.418775 96.331927 0.955020 -0.011156 0.005615 0.257611 0.966168
1743735952.099779 110.015523 96.668934 0.962090 -0.010446 0.005694 0.259081 0.965782
1743735952.203649 110.583984 97.019357 0.964719 -0.010482 0.003831 0.260941 0.965290
1743735952.307529 111.137370 97.355911 0.967607 -0.010069 0.002356 0.262500 0.964877
1743735952.411549 111.677383 97.674935 0.973784 -0.009274 0.001943 0.263717 0.964553
1743735952.515409 112.227207 98.011255 0.978230 -0.008533 0.001936 0.265120 0.964176
1743735952.619279 112.756958 98.324080 0.986001 -0.008467 0.002460 0.266293 0.963852
1743735952.723279 113.281463 98.638767 0.992879 -0.007976 0.003364 0.267519 0.963514
1743735952.827159 113.771079 98.942293 0.999854 -0.007511 0.003781 0.268776 0.963166
1743735952.931029 114.209224 99.204718 1.009894 -0.006442 0.004278 0.269855 0.962870
1743735953.034909 114.648486 99.486099 1.013880 -0.005785 0.003935 0.271132 0.962517
1743735953.138779 115.069112 99.757732 1.021844 -0.006520 0.002048 0.272290 0.962191
1743735953.242779 115.458081 100.007807 1.028192 -0.006015 0.000083 0.273595 0.961826
1743735953.346549 115.863606 100.253834 1.034253 -0.004078 -0.000534 0.275606 0.961262
1743735953.450409 116.224398 100.467251 1.041583 -0.002136 0.000114 0.277905 0.960606
1743735953.554299 116.581561 100.706083 1.045906 -0.002102 0.000797 0.280964 0.959716
1743735953.658159 116.921202 100.947911 1.054495 -0.003724 0.001311 0.284364 0.958708
1743735953.762049 117.226544 101.165465 1.060842 -0.006475 0.002704 0.287578 0.957732
1743735953.865779 117.528368 101.384184 1.066000 -0.008483 0.005692 0.290874 0.956707
1743735953.969649 117.809167 101.568081 1.072153 -0.008882 0.007809 0.294480 0.955584
1743735954.073409 118.054746 101.752914 1.072753 -0.007068 0.008925 0.298992 0.954188
1743735954.177169 118.312422 101.928819 1.075500 -0.005538 0.009773 0.304426 0.952470
1743735954.280899 118.534015 102.092571 1.080013 -0.004363 0.010687 0.311188 0.950278
1743735954.384659 118.735384 102.260228 1.081151 -0.004452 0.011096 0.318817 0.947741
1743735954.488279 118.928650 102.453403 1.082161 -0.005305 0.010560 0.328231 0.944523
1743735954.592029 119.103549 102.602340 1.089111 -0.005024 0.009393 0.338166 0.941026
1743735954.695659 119.265050 102.758182 1.089603 -0.004647 0.006681 0.348665 0.937212
1743735954.799409 119.422121 102.900030 1.092728 -0.003461 0.004100 0.359195 0.933247
1743735954.903159 119.556646 103.065146 1.088909 -0.004537 0.001299 0.369265 0.929312
1743735955.006909 119.674820 103.242475 1.083476 -0.007470 -0.001187 0.379386 0.925208
1743735955.110679 119.791617 103.394703 1.073656 -0.008898 -0.001922 0.390160 0.920702
1743735955.214279 119.945128 103.567524 1.082108 -0.007774 -0.000915 0.401510 0.915821
1743735955.318039 120.085328 103.735698 1.079906 -0.006768 0.000024 0.413345 0.910549
1743735955.421779 120.202525 103.902832 1.087586 -0.007264 0.000996 0.426361 0.904523
1743735955.525409 120.310225 104.091532 1.075899 -0.009467 0.001421 0.439603 0.898141
1743735955.629159 120.417182 104.272634 1.079522 -0.011292 0.002376 0.453241 0.891313
1743735955.732909 120.504132 104.469459 1.080854 -0.012692 0.003001 0.466508 0.884421
1743735955.836529 120.604227 104.665977 1.083953 -0.014531 0.002808 0.479771 0.877269
1743735955.940279 120.691280 104.851534 1.080357 -0.017011 0.002711 0.493273 0.869704
1743735956.044159 120.771560 105.063216 1.079565 -0.018708 0.003128 0.506761 0.861878
1743735956.147779 120.853186 105.265285 1.088596 -0.018494 0.003282 0.520896 0.853413
1743735956.251529 120.929472 105.449716 1.092139 -0.017773 0.001950 0.535805 0.844152
1743735956.355299 121.005689 105.703339 1.085384 -0.016494 -0.000047 0.551386 0.834087
1743735956.458929 121.065410 105.937820 1.082136 -0.015826 -0.001118 0.568362 0.822626
1743735956.562549 121.141822 106.216039 1.077729 -0.015449 -0.001260 0.585974 0.810182
1743735956.666159 121.196612 106.519585 1.069458 -0.014814 -0.001684 0.604091 0.796776
1743735956.769909 121.241245 106.787201 1.065688 -0.013829 -0.002426 0.622792 0.782262
1743735956.873529 121.273872 107.129807 1.058203 -0.013059 -0.003068 0.642077 0.766522
1743735956.977279 121.283729 107.476154 1.050360 -0.012829 -0.003000 0.661174 0.750117
1743735957.080929 121.279904 107.789530 1.042596 -0.012980 -0.002208 0.680176 0.732930
1743735957.184649 121.266433 108.178187 1.037385 -0.012808 -0.000153 0.699446 0.714570
1743735957.288409 121.213354 108.527048 1.039621 -0.012401 0.001929 0.718170 0.695755
1743735957.392169 121.172830 108.947890 1.031887 -0.011692 0.003631 0.736760 0.676044
1743735957.495909 121.095706 109.341591 1.031923 -0.011387 0.005213 0.754530 0.656147
1743735957.599659 120.986632 109.704338 1.019238 -0.011154 0.006178 0.771094 0.636594
1743735957.703529 120.879132 110.148182 1.011262 -0.010563 0.007392 0.787334 0.616392
1743735957.807279 120.738349 110.563077 1.002905 -0.009356 0.009175 0.802541 0.596452
1743735957.911179 120.566944 110.950529 0.999692 -0.008124 0.010860 0.816675 0.576938
1743735958.015029 120.354633 111.461475 0.990020 -0.006934 0.012573 0.830548 0.556762
1743735958.118909 120.112732 111.870089 0.976473 -0.006061 0.013720 0.842758 0.538084
1743735958.222929 119.881462 112.336927 0.967155 -0.005418 0.014688 0.854438 0.519317
1743735958.326909 119.591399 112.812548 0.955882 -0.005192 0.014816 0.864431 0.502507
1743735958.431159 119.274466 113.289433 0.944509 -0.005243 0.014399 0.872547 0.488289
1743735958.535279 118.939534 113.782336 0.931674 -0.005265 0.013587 0.879293 0.476058
1743735958.639559 118.600610 114.277570 0.923101 -0.005454 0.012428 0.884461 0.466417
1743735958.743799 118.234157 114.797352 0.907861 -0.005701 0.011870 0.888583 0.458528
1743735958.848179 117.873331 115.299286 0.899434 -0.005812 0.012264 0.891998 0.451836
1743735958.952409 117.467504 115.826183 0.889615 -0.005888 0.012804 0.894663 0.446519
1743735959.056679 117.051578 116.350837 0.882046 -0.005980 0.013504 0.896839 0.442110
1743735959.160929 116.610771 116.908214 0.868758 -0.006347 0.013481 0.898568 0.438581
1743735959.265179 116.152467 117.459153 0.857119 -0.006668 0.013272 0.900114 0.435401
1743735959.369409 115.705260 118.025835 0.844707 -0.006878 0.013303 0.901356 0.432819
1743735959.473619 115.256996 118.559784 0.833121 -0.006801 0.013866 0.902271 0.430892
1743735959.577659 114.777113 119.152309 0.821094 -0.006793 0.014474 0.902882 0.429590
1743735959.681999 114.310877 119.714988 0.804335 -0.006761 0.014606 0.903163 0.428997
1743735959.786059 113.794910 120.342389 0.793335 -0.006473 0.014686 0.903361 0.428582
1743735959.890159 113.272807 120.985844 0.778456 -0.005878 0.014795 0.903580 0.428123
1743735959.994289 112.731251 121.631880 0.765233 -0.005707 0.014385 0.903713 0.427858
1743735960.098399 112.196857 122.275667 0.750566 -0.005975 0.014789 0.903876 0.427497
1743735960.202539 111.651295 122.936261 0.734127 -0.007279 0.014630 0.904076 0.427059
1743735960.306659 111.103686 123.601136 0.722041 -0.007914 0.015475 0.904316 0.426509
1743735960.410659 110.547522 124.274014 0.708119 -0.007808 0.015618 0.904499 0.426119
1743735960.514789 109.976484 124.953306 0.690557 -0.007353 0.014559 0.904667 0.425807
1743735960.618789 109.392363 125.649807 0.672618 -0.006557 0.014722 0.904820 0.425490
1743735960.722789 108.808189 126.353969 0.657471 -0.005934 0.015859 0.905020 0.425033
1743735960.826789 108.226991 127.059607 0.649271 -0.004967 0.016926 0.905227 0.424562
1743735960.930789 107.605148 127.791529 0.630400 -0.003873 0.016355 0.905527 0.423955
1743735961.034789 107.007023 128.508443 0.622369 -0.002097 0.015214 0.905815 0.423395
1743735961.138659 106.357370 129.258103 0.616600 -0.001396 0.013172 0.905982 0.423108
1743735961.242659 105.731605 130.003620 0.606185 -0.001237 0.012262 0.906009 0.423078
1743735961.346659 105.087323 130.763487 0.601347 -0.002214 0.012065 0.905931 0.423249
1743735961.450659 104.444566 131.532918 0.595025 -0.003347 0.012714 0.905966 0.423146
1743735961.554539 103.795412 132.283790 0.591212 -0.004417 0.013624 0.905952 0.423138
1743735961.658529 103.173983 133.038575 0.584727 -0.004958 0.014740 0.906061 0.422861
1743735961.762409 102.526161 133.807883 0.577422 -0.005362 0.015045 0.906106 0.422749
1743735961.866439 101.881591 134.568538 0.570995 -0.005599 0.015156 0.906072 0.422815
1743735961.970289 101.247642 135.311982 0.561485 -0.006029 0.014791 0.906156 0.422641
1743735962.074259 100.617908 136.059382 0.553768 -0.006460 0.015078 0.906163 0.422611
1743735962.178339 99.957392 136.828637 0.541047 -0.007074 0.015566 0.906256 0.422383
1743735962.282089 99.303184 137.612921 0.529392 -0.007335 0.015972 0.906320 0.422227
1743735962.386139 98.657216 138.367886 0.521363 -0.007392 0.015682 0.906449 0.421960
1743735962.490379 98.009654 139.130354 0.508869 -0.006932 0.015837 0.906577 0.421687
1743735962.593789 97.374515 139.874559 0.500356 -0.006741 0.015728 0.906865 0.421074
1743735962.697789 96.735315 140.622127 0.486784 -0.006315 0.016564 0.907080 0.420585
1743735962.801649 96.081661 141.394083 0.478152 -0.006386 0.016157 0.907308 0.420107
1743735962.905539 95.442479 142.144492 0.467770 -0.006226 0.015706 0.907503 0.419706
1743735963.009439 94.776657 142.915545 0.458750 -0.006225 0.014888 0.907640 0.419439
1743735963.113279 94.153315 143.641346 0.447898 -0.006278 0.014556 0.907671 0.419384
1743735963.217499 93.537257 144.349074 0.439960 -0.007183 0.013157 0.907719 0.419311
1743735963.321179 92.887134 145.108686 0.428316 -0.006862 0.013389 0.907494 0.419796
1743735963.425049 92.242437 145.863402 0.413140 -0.006874 0.012350 0.907267 0.420316
1743735963.528919 91.599097 146.598851 0.408519 -0.006526 0.011593 0.906860 0.421222
1743735963.632909 90.971765 147.343538 0.399294 -0.006728 0.011601 0.906508 0.421976
1743735963.737109 90.360072 148.085589 0.394562 -0.007001 0.013098 0.906210 0.422567
1743735963.840739 89.722313 148.846417 0.380590 -0.008877 0.014794 0.905857 0.423232
1743735963.944969 89.088549 149.589021 0.368544 -0.010674 0.017847 0.905635 0.423548
1743735964.048439 88.454238 150.359148 0.354545 -0.011156 0.018902 0.905487 0.423806
1743735964.152329 87.814362 151.117098 0.336401 -0.010018 0.017300 0.905453 0.423975
1743735964.256089 87.172759 151.876035 0.315045 -0.008441 0.015679 0.905456 0.424067
1743735964.359919 86.542080 152.629851 0.299843 -0.008225 0.015831 0.905443 0.424092
1743735964.463719 85.915769 153.374178 0.283211 -0.009193 0.016740 0.905488 0.423943
1743735964.567569 85.290196 154.121981 0.273221 -0.009521 0.017622 0.905522 0.423827
1743735964.671309 84.669307 154.859765 0.256197 -0.008992 0.017503 0.905690 0.423484
1743735964.775249 84.041158 155.603543 0.242700 -0.008413 0.017125 0.905859 0.423150
1743735964.878959 83.415416 156.335853 0.225135 -0.008681 0.017575 0.906046 0.422725
1743735964.982679 82.790491 157.071484 0.208980 -0.010222 0.018603 0.906131 0.422464
1743735965.086589 82.169384 157.807512 0.193038 -0.011264 0.019930 0.906266 0.422088
1743735965.190299 81.561682 158.521910 0.174386 -0.011447 0.020470 0.906401 0.421768
1743735965.294059 80.934815 159.263723 0.155762 -0.010712 0.020662 0.906581 0.421390
1743735965.397799 80.307090 159.997315 0.137293 -0.010087 0.020212 0.906751 0.421060
1743735965.501699 79.698458 160.718031 0.119239 -0.009834 0.019278 0.906757 0.421097
1743735965.605429 79.075409 161.440472 0.104610 -0.009841 0.018398 0.906576 0.421526
1743735965.709359 78.464214 162.155096 0.088739 -0.009806 0.017854 0.906448 0.421826
1743735965.813059 77.836936 162.896486 0.075057 -0.010277 0.017086 0.906288 0.422189
1743735965.916939 77.239291 163.604328 0.056791 -0.010711 0.016696 0.906147 0.422498
1743735966.020839 76.635373 164.317358 0.042724 -0.010768 0.016791 0.905959 0.422895
1743735966.124559 76.024972 165.039209 0.027764 -0.010412 0.016330 0.905897 0.423055
1743735966.228419 75.435338 165.738003 0.015050 -0.009930 0.015930 0.905677 0.423552
1743735966.332279 74.839520 166.440782 -0.003124 -0.009733 0.016193 0.905602 0.423708
1743735966.436159 74.241733 167.168443 -0.025110 -0.009773 0.017494 0.905447 0.423987
1743735966.540009 73.639641 167.892966 -0.037838 -0.009673 0.017979 0.905297 0.424287
1743735966.643789 73.061401 168.583376 -0.050557 -0.008915 0.017236 0.905287 0.424357
1743735966.747699 72.477290 169.287784 -0.059407 -0.007014 0.017194 0.905087 0.424822
1743735966.851559 71.891164 169.984250 -0.068803 -0.006289 0.016683 0.904833 0.425393
1743735966.955299 71.320320 170.658992 -0.083878 -0.006797 0.016037 0.904745 0.425597
1743735967.059169 70.737349 171.362571 -0.091270 -0.007307 0.015972 0.904629 0.425838
1743735967.163049 70.186001 172.019954 -0.094472 -0.007544 0.015736 0.904669 0.425758
1743735967.266819 69.624365 172.686456 -0.100322 -0.007194 0.015933 0.904705 0.425681
1743735967.370729 69.078577 173.345575 -0.107152 -0.007150 0.015882 0.904608 0.425889
1743735967.474689 68.541366 173.986607 -0.114555 -0.007258 0.015670 0.904647 0.425811
1743735967.578379 68.001576 174.634547 -0.121930 -0.007374 0.015384 0.904610 0.425900
1743735967.682219 67.459684 175.263112 -0.125242 -0.007516 0.015255 0.904696 0.425719
1743735967.786059 66.963440 175.861857 -0.131752 -0.007859 0.015705 0.904757 0.425566
1743735967.889839 66.452482 176.485912 -0.140197 -0.008631 0.016025 0.904756 0.425541
1743735967.993729 65.937673 177.097914 -0.154182 -0.009585 0.016670 0.904794 0.425415
1743735968.097749 65.445292 177.681570 -0.161576 -0.010216 0.017422 0.904809 0.425339
1743735968.201449 64.962471 178.271495 -0.170853 -0.010334 0.018650 0.904824 0.425252
1743735968.305489 64.481265 178.852418 -0.182673 -0.010289 0.019672 0.904951 0.424937
1743735968.409049 64.012203 179.405160 -0.190579 -0.010267 0.020166 0.905099 0.424598
1743735968.513599 63.545514 179.968873 -0.204345 -0.010186 0.020480 0.905343 0.424064
1743735968.616819 63.098566 180.507179 -0.215711 -0.009882 0.020933 0.905606 0.423489
1743735968.720689 62.666276 181.024678 -0.225519 -0.008968 0.021594 0.906139 0.422333
1743735968.824559 62.225942 181.538322 -0.235390 -0.007838 0.022589 0.907112 0.420210
1743735968.928429 61.796381 182.038543 -0.245239 -0.006835 0.023886 0.908496 0.417154
1743735969.032189 61.361638 182.532297 -0.253577 -0.006373 0.024760 0.910584 0.412532
1743735969.135939 60.938114 183.018614 -0.262090 -0.005895 0.026112 0.912986 0.407112
1743735969.239729 60.515198 183.472034 -0.269084 -0.005584 0.027112 0.915777 0.400733
1743735969.343479 60.078003 183.921797 -0.277823 -0.005058 0.028412 0.918979 0.393250
1743735969.447059 59.656309 184.348793 -0.283661 -0.004297 0.030118 0.922769 0.384150
1743735969.550819 59.226529 184.763517 -0.288041 -0.003654 0.031586 0.927160 0.373315
1743735969.654439 58.767707 185.158650 -0.296162 -0.003744 0.032061 0.931911 0.361248
1743735969.758069 58.342296 185.529915 -0.301674 -0.004534 0.031209 0.937189 0.347393
1743735969.861679 57.872706 185.880738 -0.307760 -0.005541 0.030020 0.942421 0.333032
1743735969.965429 57.414527 186.193231 -0.310191 -0.006352 0.028689 0.947981 0.316968
1743735970.069049 56.974899 186.475097 -0.313851 -0.007134 0.027593 0.953918 0.298710
1743735970.172669 56.498428 186.753046 -0.314506 -0.007978 0.027755 0.959768 0.279305
1743735970.276379 56.035258 186.985412 -0.314262 -0.008608 0.025777 0.965884 0.257545
1743735970.379919 55.603027 187.193352 -0.316835 -0.008732 0.021819 0.971851 0.234422
1743735970.483669 55.111834 187.357105 -0.322581 -0.008649 0.016167 0.977076 0.212098
1743735970.587419 54.631083 187.502602 -0.327638 -0.008238 0.011556 0.981797 0.189403
1743735970.691109 54.187118 187.638734 -0.326049 -0.006871 0.008303 0.986152 0.165492
1743735970.794799 53.702102 187.737111 -0.328277 -0.006016 0.006871 0.989929 0.141273
1743735970.898569 53.249265 187.834552 -0.325980 -0.006142 0.006517 0.993199 0.116082
1743735971.002289 52.748305 187.894687 -0.325225 -0.007011 0.006014 0.995758 0.091543
1743735971.106139 52.258287 187.932264 -0.326060 -0.009060 0.002564 0.997751 0.066360
1743735971.209929 51.809200 187.939719 -0.333583 -0.011371 -0.001477 0.999091 0.041060
1743735971.313699 51.304021 187.909252 -0.342639 -0.012859 -0.002728 0.999789 0.015786
1743735971.417419 50.841009 187.880106 -0.347079 -0.012789 -0.000914 0.999865 -0.010248
1743735971.521289 50.406751 187.843697 -0.325253 -0.012151 0.002296 0.999270 -0.036133
1743735971.625039 49.948221 187.772185 -0.339139 -0.010907 0.004131 0.998043 -0.061429
1743735971.728919 49.526234 187.677689 -0.335105 -0.010216 0.005123 0.996170 -0.086683
1743735971.832789 49.089734 187.558365 -0.343881 -0.008878 0.004947 0.993721 -0.111428
1743735971.936539 48.655131 187.408851 -0.349918 -0.007889 0.005350 0.990593 -0.136511
1743735972.040419 48.270571 187.267734 -0.359786 -0.007876 0.008121 0.986782 -0.161657
1743735972.144289 47.849130 187.095951 -0.343178 -0.008016 0.009096 0.982667 -0.184981
1743735972.248289 47.441191 186.887888 -0.352863 -0.008236 0.007178 0.978300 -0.206905
1743735972.352289 47.006734 186.645239 -0.359458 -0.010158 0.006218 0.973713 -0.227467
1743735972.456289 46.577612 186.401254 -0.357804 -0.012476 0.007235 0.969147 -0.246062
1743735972.560539 46.195837 186.175092 -0.351443 -0.014335 0.008987 0.964819 -0.262369
1743735972.664689 45.782140 185.900794 -0.350713 -0.014899 0.008834 0.960756 -0.276854
1743735972.768919 45.397727 185.619133 -0.362084 -0.015009 0.008321 0.957114 -0.289203
1743735972.873199 45.004290 185.330001 -0.367171 -0.014690 0.007443 0.953961 -0.299479
1743735972.977559 44.609851 185.035764 -0.372932 -0.014381 0.007204 0.951290 -0.307877
1743735973.081809 44.213114 184.725373 -0.374614 -0.014072 0.007001 0.949196 -0.314292
1743735973.186189 43.789598 184.376848 -0.383548 -0.013177 0.006054 0.947499 -0.319429
1743735973.290539 43.387797 184.054798 -0.388222 -0.011857 0.005346 0.946086 -0.323655
1743735973.394899 42.979188 183.732210 -0.392562 -0.011028 0.005228 0.944906 -0.327115
1743735973.499239 42.549048 183.387608 -0.399625 -0.011097 0.006387 0.943990 -0.329727
1743735973.603429 42.089328 183.033953 -0.399679 -0.011495 0.007750 0.943202 -0.331931
1743735973.707789 41.662438 182.683360 -0.403376 -0.010669 0.007640 0.942628 -0.333586
1743735973.812039 41.242629 182.315730 -0.403897 -0.009068 0.005089 0.942238 -0.334783
1743735973.916309 40.817072 181.939407 -0.412031 -0.008587 0.003750 0.942023 -0.335419
1743735974.020539 40.364135 181.558635 -0.418065 -0.009655 0.005332 0.941887 -0.335749
1743735974.124669 39.897917 181.186943 -0.422349 -0.010491 0.007309 0.941916 -0.335605
1743735974.228909 39.402310 180.769536 -0.424264 -0.010299 0.008252 0.942116 -0.335029
1743735974.333039 38.909817 180.361429 -0.432038 -0.007843 0.007494 0.942205 -0.334861
1743735974.437159 38.405190 179.954875 -0.424303 -0.004262 0.006322 0.942247 -0.334831
1743735974.541289 37.867040 179.511084 -0.432006 -0.001544 0.005738 0.942343 -0.334597
1743735974.645289 37.328759 179.093969 -0.425788 -0.001941 0.006679 0.942395 -0.334431
1743735974.749419 36.781760 178.618255 -0.427354 -0.003108 0.007172 0.942570 -0.333918
1743735974.853539 36.228061 178.158351 -0.429951 -0.003311 0.003972 0.942603 -0.333876
1743735974.957539 35.651977 177.673347 -0.425006 -0.003478 0.002250 0.942580 -0.333955
1743735975.061539 35.063976 177.197195 -0.424681 -0.003871 0.000793 0.942492 -0.334206
1743735975.165669 34.461204 176.695830 -0.430757 -0.005030 -0.000197 0.942533 -0.334074
1743735975.269669 33.852501 176.200935 -0.432276 -0.007304 0.000234 0.942596 -0.333857
1743735975.373689 33.215244 175.668482 -0.441913 -0.007916 -0.000486 0.942594 -0.333848
1743735975.477659 32.556252 175.117280 -0.443475 -0.006416 -0.001737 0.942479 -0.334199
1743735975.581669 31.913294 174.593258 -0.441332 -0.004738 -0.002750 0.942431 -0.334357
1743735975.685669 31.265108 174.058770 -0.446844 -0.005621 -0.001827 0.942335 -0.334619
1743735975.789669 30.589285 173.515490 -0.466485 -0.008597 0.000109 0.942396 -0.334390
1743735975.893689 29.899275 172.966420 -0.469564 -0.010358 0.001193 0.942324 -0.334540
1743735975.997669 29.223742 172.407559 -0.476323 -0.010179 0.001583 0.942285 -0.334653
1743735976.101669 28.527004 171.827218 -0.473387 -0.009075 0.002853 0.942353 -0.334485
1743735976.205659 27.819747 171.274786 -0.480976 -0.007353 0.004309 0.942314 -0.334622
1743735976.309549 27.107366 170.688973 -0.488371 -0.006707 0.006199 0.942411 -0.334333
1743735976.413549 26.366657 170.089888 -0.480724 -0.006439 0.005899 0.942513 -0.334056
1743735976.517559 25.627932 169.491518 -0.487081 -0.007283 0.005375 0.942603 -0.333792
1743735976.621419 24.909774 168.892295 -0.492310 -0.008464 0.003861 0.942709 -0.333486
1743735976.725419 24.195563 168.311546 -0.495275 -0.009592 0.003431 0.942773 -0.333281
1743735976.829289 23.485377 167.742063 -0.495271 -0.011159 0.005493 0.942856 -0.332969
1743735976.933309 22.750340 167.160994 -0.489022 -0.013258 0.008825 0.942848 -0.332843
1743735977.037169 21.991890 166.555001 -0.489408 -0.015795 0.010864 0.942825 -0.332737
1743735977.141169 21.242044 165.945164 -0.504102 -0.018839 0.011508 0.942863 -0.332448
1743735977.245039 20.496298 165.356053 -0.524820 -0.022080 0.013424 0.942740 -0.332526
1743735977.348919 19.794319 164.795047 -0.533847 -0.021853 0.013649 0.942770 -0.332447
1743735977.452929 19.069925 164.205912 -0.542096 -0.018137 0.014068 0.942905 -0.332270
1743735977.556799 18.361027 163.635062 -0.544387 -0.013502 0.013084 0.943212 -0.331660
1743735977.661039 17.660124 163.060835 -0.553785 -0.012182 0.014054 0.943357 -0.331259
1743735977.764549 16.926332 162.472502 -0.555054 -0.013526 0.014568 0.943489 -0.330807
1743735977.868429 16.203068 161.894348 -0.557130 -0.015008 0.014965 0.943688 -0.330158
1743735977.973289 15.485886 161.316877 -0.554868 -0.015811 0.015047 0.943775 -0.329867
1743735978.076239 14.783440 160.749918 -0.559592 -0.015452 0.013267 0.944323 -0.328389
1743735978.180189 14.071504 160.174283 -0.565148 -0.015059 0.011547 0.945425 -0.325286
1743735978.284209 13.360146 159.619397 -0.568775 -0.015164 0.011460 0.946831 -0.321169
1743735978.388179 12.641962 159.073418 -0.569612 -0.014848 0.010812 0.948737 -0.315534
1743735978.492199 11.916662 158.537808 -0.578114 -0.015482 0.011551 0.950980 -0.308648
1743735978.596319 11.177569 158.033547 -0.587060 -0.017164 0.012577 0.953636 -0.300211
1743735978.700439 10.444719 157.527637 -0.591723 -0.019151 0.014003 0.956685 -0.290156
1743735978.804559 9.697911 157.046086 -0.604429 -0.020058 0.014837 0.960193 -0.278222
1743735978.908699 8.905795 156.585611 -0.613212 -0.020633 0.016096 0.963859 -0.265124
1743735979.013019 8.103024 156.148833 -0.639890 -0.021222 0.017587 0.967864 -0.249959
1743735979.117179 7.355908 155.766331 -0.644579 -0.021915 0.017992 0.971863 -0.233836
1743735979.221449 6.600219 155.414735 -0.677716 -0.021217 0.020758 0.975507 -0.217957
1743735979.325539 5.815657 155.072100 -0.676159 -0.017754 0.022043 0.979035 -0.201716
1743735979.429799 5.004023 154.752393 -0.675396 -0.013571 0.022455 0.982324 -0.185340
1743735979.533939 4.221439 154.457050 -0.680316 -0.010068 0.021352 0.985361 -0.168838
1743735979.638059 3.407397 154.214385 -0.694904 -0.009026 0.019214 0.987965 -0.153215
1743735979.742159 2.588358 153.971279 -0.700815 -0.008468 0.018326 0.990094 -0.138947
1743735979.846069 1.741764 153.758595 -0.699960 -0.007817 0.018925 0.991800 -0.126150
1743735979.949979 0.892577 153.564315 -0.687092 -0.007280 0.019912 0.993116 -0.115197
1743735980.053799 0.070761 153.380884 -0.681268 -0.008195 0.019210 0.994194 -0.105556
1743735980.157659 -0.787327 153.208087 -0.709252 -0.009888 0.018508 0.995164 -0.095955
1743735980.261579 -1.686607 153.039708 -0.713626 -0.010944 0.018066 0.996027 -0.086505
1743735980.365439 -2.551096 152.896730 -0.723022 -0.010833 0.018119 0.996758 -0.077636
1743735980.469199 -3.470690 152.761071 -0.723165 -0.009100 0.017222 0.997398 -0.069406
1743735980.573079 -4.363892 152.656160 -0.719510 -0.007766 0.017920 0.997858 -0.062428
1743735980.677399 -5.285776 152.555437 -0.728856 -0.009423 0.019784 0.998127 -0.057111
1743735980.780579 -6.230270 152.458423 -0.744754 -0.013727 0.023512 0.998206 -0.053319
1743735980.884359 -7.147060 152.357176 -0.771342 -0.017765 0.025941 0.998175 -0.051566
1743735980.987949 -8.118213 152.256196 -0.780558 -0.018616 0.025069 0.998225 -0.050723
1743735981.091739 -9.061868 152.161187 -0.802964 -0.017272 0.023298 0.998312 -0.050320
1743735981.195319 -10.022655 152.055753 -0.816409 -0.015326 0.020585 0.998426 -0.049861
1743735981.299069 -11.018147 151.922753 -0.843444 -0.013937 0.016434 0.998551 -0.049303
1743735981.402959 -11.996131 151.824394 -0.859498 -0.013752 0.013983 0.998579 -0.049551
1743735981.506539 -12.989043 151.713853 -0.876743 -0.014617 0.013340 0.998563 -0.049799
1743735981.610329 -14.001512 151.608652 -0.895266 -0.015346 0.012486 0.998550 -0.050057
1743735981.714209 -15.008582 151.500308 -0.914075 -0.015769 0.012322 0.998504 -0.050877
1743735981.817929 -16.019053 151.388812 -0.930399 -0.015159 0.011495 0.998495 -0.051428
1743735981.921679 -17.043021 151.276160 -0.951544 -0.014363 0.010575 0.998485 -0.052053
1743735982.025579 -18.067762 151.158369 -0.967286 -0.013477 0.009389 0.998488 -0.052456
1743735982.129289 -19.118092 151.033013 -0.984838 -0.012899 0.007511 0.998523 -0.052238
1743735982.233189 -20.146371 150.930614 -0.997885 -0.013035 0.006540 0.998548 -0.051866
1743735982.337059 -21.202069 150.821280 -1.011694 -0.013369 0.005639 0.998589 -0.051088
1743735982.440929 -22.272824 150.696247 -1.019058 -0.013461 0.005786 0.998637 -0.050100
1743735982.544969 -23.329339 150.580054 -1.033515 -0.013662 0.005008 0.998667 -0.049520
1743735982.648499 -24.392586 150.471180 -1.047655 -0.014466 0.004733 0.998688 -0.048894
1743735982.752199 -25.423943 150.358699 -1.060700 -0.015550 0.005048 0.998696 -0.048373
1743735982.855959 -26.469496 150.263789 -1.078003 -0.016245 0.005189 0.998699 -0.048060
1743735982.959699 -27.534751 150.145187 -1.096495 -0.015858 0.004331 0.998747 -0.047263
1743735983.063559 -28.568259 150.050770 -1.114151 -0.014752 0.003566 0.998775 -0.047092
1743735983.167309 -29.603945 149.945097 -1.127852 -0.014033 0.003261 0.998811 -0.046582
1743735983.271049 -30.659017 149.835247 -1.134979 -0.013853 0.003644 0.998844 -0.045880
1743735983.375109 -31.684952 149.737198 -1.149526 -0.014613 0.002779 0.998871 -0.045111
1743735983.479509 -32.723947 149.640425 -1.163703 -0.015301 0.003139 0.998924 -0.043676
1743735983.582709 -33.756057 149.540879 -1.178504 -0.015382 0.003218 0.998978 -0.042388
1743735983.686429 -34.778173 149.450907 -1.195327 -0.015079 0.001319 0.999053 -0.040788
1743735983.790209 -35.785932 149.364677 -1.203782 -0.014663 0.000871 0.999122 -0.039231
1743735983.894089 -36.835270 149.278347 -1.224352 -0.015137 0.000580 0.999174 -0.037694
1743735983.997799 -37.828115 149.199594 -1.234870 -0.015939 0.001059 0.999214 -0.036272
1743735984.101709 -38.881138 149.116183 -1.251051 -0.016633 0.001686 0.999254 -0.034824
1743735984.205459 -39.911242 149.039115 -1.266639 -0.016865 0.002119 0.999292 -0.033564
1743735984.309299 -40.908104 148.971878 -1.283223 -0.016623 0.001742 0.999332 -0.032504
1743735984.413499 -41.912983 148.908876 -1.298155 -0.016321 0.002676 0.999364 -0.031605
1743735984.517019 -42.943856 148.836089 -1.317341 -0.016176 0.000003 0.999394 -0.030813
1743735984.620899 -43.946491 148.771433 -1.332527 -0.016322 0.000844 0.999411 -0.030163
1743735984.724579 -44.935091 148.704694 -1.347351 -0.015628 0.001550 0.999433 -0.029798
1743735984.828439 -45.907778 148.639795 -1.351481 -0.014107 -0.000128 0.999463 -0.029589
1743735984.932419 -46.918331 148.573449 -1.369961 -0.012290 -0.000601 0.999490 -0.029451
1743735985.036169 -47.900228 148.513406 -1.378543 -0.011761 -0.000607 0.999489 -0.029725
1743735985.139929 -48.888819 148.446949 -1.390098 -0.012167 0.000271 0.999480 -0.029857
1743735985.243799 -49.882001 148.389894 -1.399137 -0.012581 0.000903 0.999461 -0.030306
1743735985.347799 -50.879300 148.325101 -1.407499 -0.013181 0.001148 0.999444 -0.030589
1743735985.451559 -51.866667 148.256602 -1.415272 -0.013686 0.003016 0.999417 -0.031123
1743735985.555309 -52.830173 148.192247 -1.425714 -0.014109 0.002629 0.999399 -0.031562
1743735985.659179 -53.786022 148.126421 -1.438139 -0.014122 0.002865 0.999382 -0.032071
1743735985.763169 -54.779549 148.054961 -1.447465 -0.013864 0.002727 0.999371 -0.032526
1743735985.866969 -55.722609 147.993007 -1.455004 -0.013172 0.003098 0.999350 -0.033407
1743735985.970749 -56.686607 147.916920 -1.464988 -0.012620 0.002690 0.999313 -0.034744
1743735986.074579 -57.628115 147.845587 -1.477775 -0.012346 0.002553 0.999265 -0.036214
1743735986.178329 -58.574232 147.773804 -1.485092 -0.011819 0.001619 0.999227 -0.037447
1743735986.282229 -59.522657 147.696746 -1.487175 -0.011528 0.002748 0.999191 -0.038432
1743735986.386149 -60.482765 147.611150 -1.497304 -0.011881 0.003476 0.999167 -0.038874
1743735986.489949 -61.407905 147.537704 -1.506669 -0.012683 0.002728 0.999153 -0.039056
1743735986.593929 -62.302952 147.459251 -1.512098 -0.013674 0.001992 0.999150 -0.038843
1743735986.698279 -63.220435 147.383608 -1.521059 -0.014201 0.002065 0.999161 -0.038349
1743735986.801969 -64.118031 147.312291 -1.525407 -0.014311 0.000899 0.999187 -0.037680
1743735986.905919 -65.008075 147.236896 -1.533155 -0.014331 0.000609 0.999229 -0.036547
1743735987.009939 -65.877166 147.167248 -1.545781 -0.014544 0.000871 0.999294 -0.034617
1743735987.113959 -66.732522 147.106881 -1.553038 -0.014634 0.000733 0.999382 -0.031958
1743735987.218069 -67.573382 147.046309 -1.559179 -0.014717 0.000325 0.999491 -0.028286
1743735987.322099 -68.360143 147.009962 -1.564156 -0.014990 0.001714 0.999588 -0.024415
1743735987.426089 -69.173426 146.976081 -1.577121 -0.015594 0.002910 0.999667 -0.020370
1743735987.530099 -69.954099 146.952892 -1.578566 -0.015871 0.004399 0.999730 -0.016380
1743735987.634059 -70.695442 146.936716 -1.588662 -0.016078 0.005065 0.999779 -0.012527
1743735987.738009 -71.398001 146.922310 -1.598843 -0.016387 0.005903 0.999810 -0.008771
1743735987.842029 -72.080281 146.913560 -1.602948 -0.016555 0.006423 0.999828 -0.005380
1743735987.945969 -72.733941 146.915735 -1.607853 -0.016270 0.006942 0.999841 -0.002303
1743735988.049989 -73.383578 146.916675 -1.614684 -0.016113 0.007397 0.999843 0.000715
1743735988.153979 -73.999249 146.921459 -1.624183 -0.015863 0.007941 0.999837 0.003351
1743735988.257829 -74.564427 146.929283 -1.624473 -0.015736 0.008499 0.999823 0.005763
1743735988.361819 -75.116078 146.943661 -1.631924 -0.016267 0.009357 0.999791 0.008103
1743735988.465809 -75.670086 146.957746 -1.643177 -0.017065 0.009322 0.999758 0.010265
1743735988.569809 -76.156109 146.973314 -1.643822 -0.017644 0.010249 0.999718 0.012184
1743735988.673679 -76.627171 146.989497 -1.647550 -0.017961 0.010071 0.999693 0.013788
1743735988.777849 -77.047343 147.008903 -1.653146 -0.018317 0.010799 0.999659 0.015141
1743735988.881589 -77.457317 147.022526 -1.656516 -0.018622 0.012004 0.999626 0.016034
1743735988.985579 -77.819292 147.014908 -1.657636 -0.019066 0.012548 0.999604 0.016473
1743735989.089559 -78.161627 147.042010 -1.669000 -0.019536 0.012700 0.999586 0.016900
1743735989.195439 -78.467250 147.043542 -1.676068 -0.019710 0.012323 0.999590 0.016745
1743735989.297309 -78.741763 147.051755 -1.676789 -0.019565 0.011385 0.999612 0.016246
1743735989.401309 -78.986201 147.054710 -1.678779 -0.019296 0.010314 0.999642 0.015372
1743735989.506649 -79.209420 147.058246 -1.682402 -0.019038 0.009434 0.999673 0.014201
1743735989.609269 -79.420313 147.056349 -1.687438 -0.018401 0.009097 0.999706 0.012893
1743735989.714119 -79.606965 147.057739 -1.685540 -0.017215 0.008740 0.999746 0.011619
1743735989.817159 -79.804114 147.058077 -1.685542 -0.016256 0.009001 0.999773 0.010395
1743735989.920979 -79.991595 147.060923 -1.688490 -0.016085 0.009487 0.999783 0.009250
1743735990.025029 -80.166125 147.059129 -1.694553 -0.016494 0.009040 0.999791 0.007959
1743735990.128989 -80.339490 147.058178 -1.700777 -0.016644 0.008125 0.999806 0.006705
1743735990.232839 -80.501377 147.055473 -1.701481 -0.016378 0.007214 0.999826 0.005168
1743735990.336799 -80.656680 147.050524 -1.702816 -0.016071 0.007539 0.999837 0.003315
1743735990.440719 -80.810623 147.045958 -1.704310 -0.015710 0.007964 0.999844 0.000963
1743735990.544699 -80.928743 147.043250 -1.704859 -0.015464 0.008183 0.999846 -0.001683
1743735990.648589 -81.046578 147.036577 -1.710453 -0.015478 0.007666 0.999839 -0.004903
1743735990.752699 -81.177562 147.019352 -1.711504 -0.015422 0.006670 0.999820 -0.008865
1743735990.856489 -81.279064 147.012180 -1.711100 -0.015541 0.005579 0.999783 -0.012691
1743735990.960439 -81.372229 146.996919 -1.713556 -0.015912 0.005055 0.999730 -0.016189
1743735991.064309 -81.458652 146.987094 -1.713863 -0.016222 0.004249 0.999672 -0.019336
1743735991.168439 -81.518895 146.984194 -1.717402 -0.016260 0.004039 0.999623 -0.021734
1743735991.272489 -81.569459 146.978677 -1.715303 -0.015962 0.004070 0.999581 -0.023795
1743735991.376479 -81.608741 146.968729 -1.718525 -0.015765 0.004146 0.999544 -0.025416
1743735991.480479 -81.633352 146.966204 -1.718651 -0.015728 0.004187 0.999516 -0.026516
1743735991.584569 -81.651526 146.961361 -1.718703 -0.015483 0.003963 0.999495 -0.027475
1743735991.688549 -81.657736 146.961183 -1.719082 -0.015579 0.003819 0.999484 -0.027841
1743735991.793339 -81.660003 146.962664 -1.718086 -0.015597 0.003743 0.999485 -0.027786
1743735991.896739 -81.657745 146.960997 -1.716908 -0.015254 0.004014 0.999488 -0.027824
1743735992.000699 -81.649695 146.964355 -1.714794 -0.014642 0.004194 0.999493 -0.027947
1743735992.104839 -81.654509 146.964129 -1.713429 -0.014391 0.004158 0.999501 -0.027814
1743735992.208829 -81.653682 146.961015 -1.716040 -0.014567 0.003981 0.999498 -0.027848
1743735992.312829 -81.653403 146.962541 -1.714961 -0.014445 0.003977 0.999498 -0.027909
1743735992.416839 -81.656288 146.961343 -1.715112 -0.014426 0.003995 0.999500 -0.027833
1743735992.520939 -81.654477 146.961728 -1.715186 -0.014590 0.004052 0.999496 -0.027893
1743735992.625819 -81.654155 146.966312 -1.714246 -0.014519 0.003990 0.999497 -0.027900
1743735992.729759 -81.653877 146.964340 -1.716972 -0.014457 0.004018 0.999496 -0.027966
1743735992.833019 -81.653999 146.962634 -1.717748 -0.014546 0.004138 0.999494 -0.027998
1743735992.936959 -81.656578 146.963090 -1.715954 -0.014521 0.004164 0.999494 -0.027976
1743735993.040949 -81.655783 146.962293 -1.715870 -0.014536 0.004241 0.999491 -0.028065
1743735993.144959 -81.656399 146.962572 -1.716671 -0.014513 0.004411 0.999490 -0.028118
1743735993.248959 -81.656295 146.962114 -1.715087 -0.014505 0.004365 0.999487 -0.028220
1743735993.353149 -81.655369 146.963848 -1.716318 -0.014527 0.004373 0.999486 -0.028250
1743735993.457049 -81.655793 146.959262 -1.716030 -0.014476 0.004330 0.999486 -0.028280
1743735993.561059 -81.654135 146.964279 -1.717196 -0.014474 0.004330 0.999484 -0.028363
1743735993.665049 -81.654843 146.961340 -1.714936 -0.014501 0.004392 0.999480 -0.028474
1743735993.769189 -81.654611 146.960829 -1.715348 -0.014429 0.004469 0.999476 -0.028615
1743735993.873189 -81.653294 146.963017 -1.714991 -0.014438 0.004542 0.999470 -0.028822
1743735993.977179 -81.655197 146.961458 -1.714512 -0.014417 0.004672 0.999464 -0.029017
1743735994.081299 -81.654194 146.960407 -1.715370 -0.014397 0.004711 0.999458 -0.029238
1743735994.185519 -81.653600 146.963476 -1.714482 -0.014448 0.004796 0.999452 -0.029386
1743735994.289429 -81.653513 146.961712 -1.713764 -0.014448 0.004852 0.999451 -0.029403
1743735994.393499 -81.654785 146.961950 -1.714500 -0.014458 0.004820 0.999452 -0.029395
1743735994.500229 -81.653602 146.961309 -1.715051 -0.014480 0.004812 0.999448 -0.029527
1743735994.601469 -81.653188 146.962134 -1.715514 -0.014431 0.004919 0.999446 -0.029584
1743735994.705589 -81.655134 146.962307 -1.714385 -0.014467 0.004958 0.999443 -0.029669
1743735994.809559 -81.651896 146.963479 -1.713996 -0.014470 0.005068 0.999439 -0.029787
1743735994.914479 -81.655116 146.963593 -1.715032 -0.014470 0.005106 0.999438 -0.029808
1743735995.017629 -81.652010 146.960130 -1.713540 -0.014471 0.005106 0.999436 -0.029882
1743735995.121709 -81.654379 146.964540 -1.714911 -0.014475 0.005067 0.999435 -0.029909
1743735995.225699 -81.653165 146.961603 -1.713994 -0.014472 0.005113 0.999434 -0.029925
1743735995.329709 -81.654963 146.961364 -1.714508 -0.014454 0.005154 0.999432 -0.030014
1743735995.433709 -81.654834 146.962955 -1.715243 -0.014469 0.005183 0.999429 -0.030085
1743735995.537689 -81.654866 146.959317 -1.716049 -0.014490 0.005357 0.999425 -0.030186
1743735995.641719 -81.654471 146.959991 -1.715638 -0.014500 0.005311 0.999423 -0.030268
1743735995.745809 -81.655548 146.960826 -1.715961 -0.014454 0.005335 0.999423 -0.030273
1743735995.849969 -81.655875 146.958424 -1.714157 -0.014446 0.005322 0.999421 -0.030351
1743735995.954239 -81.655792 146.959299 -1.714045 -0.014506 0.005316 0.999420 -0.030342
1743735996.057819 -81.655661 146.960579 -1.716060 -0.014453 0.005374 0.999421 -0.030336
1743735996.161949 -81.653191 146.961066 -1.715843 -0.014471 0.005400 0.999420 -0.030347
1743735996.265969 -81.655077 146.962084 -1.715895 -0.014466 0.005363 0.999421 -0.030319
1743735996.370109 -81.654133 146.962322 -1.715418 -0.014502 0.005319 0.999420 -0.030359
1743735996.474069 -81.654768 146.960250 -1.714760 -0.014503 0.005356 0.999420 -0.030340
1743735996.578169 -81.655033 146.963859 -1.714373 -0.014521 0.005343 0.999419 -0.030352
1743735996.682069 -81.655265 146.962502 -1.714242 -0.014484 0.005340 0.999420 -0.030359
1743735996.786189 -81.653958 146.962072 -1.714142 -0.014458 0.005320 0.999421 -0.030333
1743735996.890209 -81.655536 146.960210 -1.714751 -0.014444 0.005323 0.999421 -0.030337
1743735996.994219 -81.654030 146.961941 -1.714991 -0.014485 0.005368 0.999420 -0.030357
1743735997.098189 -81.655021 146.963679 -1.715955 -0.014403 0.005139 0.999423 -0.030334
1743735997.202309 -81.660186 146.960951 -1.715413 -0.014334 0.005179 0.999411 -0.030732
1743735997.306399 -81.659440 146.954879 -1.715726 -0.014122 0.005108 0.999379 -0.031891
1743735997.410349 -81.670243 146.957135 -1.714530 -0.013959 0.004795 0.999351 -0.032850
1743735997.514359 -81.690092 146.952493 -1.716409 -0.013877 0.004571 0.999301 -0.034399
1743735997.618359 -81.702457 146.949911 -1.716181 -0.013924 0.004709 0.999213 -0.036847
1743735997.722359 -81.727215 146.940272 -1.714782 -0.013879 0.004762 0.999107 -0.039635
1743735997.826319 -81.754034 146.929928 -1.717337 -0.013899 0.004458 0.998979 -0.042764
1743735997.930319 -81.778489 146.927428 -1.717209 -0.013973 0.004349 0.998803 -0.046673
1743735998.034219 -81.815159 146.913502 -1.715274 -0.013896 0.004294 0.998584 -0.051180
1743735998.138239 -81.847295 146.904737 -1.715569 -0.013906 0.004194 0.998324 -0.056024
1743735998.242099 -81.893143 146.888830 -1.717067 -0.014023 0.004049 0.998013 -0.061293
1743735998.346079 -81.942869 146.875846 -1.717481 -0.014011 0.004017 0.997630 -0.067251
1743735998.449989 -81.983992 146.862970 -1.717269 -0.013924 0.003878 0.997170 -0.073772
1743735998.553869 -82.046352 146.834543 -1.718799 -0.013462 0.003776 0.996625 -0.080895
1743735998.657689 -82.105131 146.817435 -1.718709 -0.012526 0.003454 0.995954 -0.088917
1743735998.761609 -82.187980 146.779290 -1.724406 -0.011406 0.002937 0.995159 -0.097571
1743735998.865459 -82.299713 146.734715 -1.725159 -0.010939 0.002195 0.994244 -0.106561
1743735998.969319 -82.368704 146.735048 -1.732604 -0.011227 0.001970 0.993204 -0.115831
1743735999.073179 -82.524824 146.666015 -1.732596 -0.011988 0.002507 0.992031 -0.125398
1743735999.177579 -82.656857 146.628905 -1.728660 -0.012839 0.003163 0.990614 -0.136050
1743735999.280849 -82.819517 146.551192 -1.732832 -0.013524 0.002752 0.988972 -0.147460
1743735999.384579 -82.979642 146.476518 -1.736935 -0.014778 0.001994 0.987078 -0.159543
1743735999.488339 -83.134545 146.412733 -1.744615 -0.015992 0.002057 0.984962 -0.172019
1743735999.592199 -83.330595 146.313111 -1.745294 -0.016514 0.002861 0.982602 -0.184964
1743735999.695949 -83.519843 146.206843 -1.750675 -0.017772 0.003403 0.979873 -0.198798
1743735999.799599 -83.696809 146.120133 -1.751939 -0.019305 0.003841 0.976624 -0.214051
1743735999.903349 -83.907809 145.978735 -1.755241 -0.020214 0.004255 0.972848 -0.230521
1743736000.006969 -84.108975 145.836856 -1.759170 -0.020033 0.004500 0.968346 -0.248765
1743736000.110699 -84.289911 145.717806 -1.764043 -0.018736 0.003998 0.962993 -0.268843
1743736000.214329 -84.535471 145.499954 -1.773365 -0.017545 0.002986 0.956825 -0.290120
1743736000.317939 -84.741690 145.320931 -1.780527 -0.016549 0.003126 0.949495 -0.313329
1743736000.421589 -85.006904 145.060139 -1.787596 -0.016035 0.005072 0.941069 -0.337796
1743736000.525199 -85.258630 144.805608 -1.790424 -0.014947 0.006924 0.931754 -0.362715
1743736000.629039 -85.481770 144.548814 -1.803920 -0.013583 0.007955 0.921857 -0.387210
1743736000.732759 -85.787556 144.174050 -1.817940 -0.013164 0.008167 0.911381 -0.411272
1743736000.836479 -86.054969 143.800270 -1.824741 -0.013548 0.009060 0.900111 -0.435356
1743736000.940349 -86.284142 143.431220 -1.823669 -0.014816 0.009285 0.888157 -0.459207
1743736001.044069 -86.571000 142.954185 -1.842288 -0.015975 0.008817 0.875468 -0.482931
1743736001.147939 -86.782702 142.509504 -1.846696 0.018325 -0.008699 -0.862104 0.506325
1743736001.251819 -87.052853 141.969555 -1.856684 0.021443 -0.009330 -0.847704 0.529955
1743736001.355569 -87.260433 141.436511 -1.860890 0.024100 -0.009918 -0.832713 0.553092
1743736001.459439 -87.409571 140.905581 -1.873264 0.025848 -0.009733 -0.817549 0.575196
1743736001.563309 -87.609555 140.265883 -1.893829 0.027470 -0.009749 -0.801881 0.596772
1743736001.667369 -87.708146 139.681283 -1.911248 0.028839 -0.010334 -0.786727 0.616541
1743736001.771339 -87.850433 139.000449 -1.921988 0.029234 -0.011676 -0.771965 0.634885
1743736001.875469 -87.943067 138.323873 -1.931551 0.028441 -0.012294 -0.758838 0.650542
1743736001.979569 -88.003719 137.635731 -1.956347 0.027037 -0.012468 -0.747833 0.663218
1743736002.083819 -88.083822 136.853470 -1.969955 0.025369 -0.012908 -0.738309 0.673862
1743736002.188199 -88.162882 136.087169 -1.981415 0.024366 -0.013560 -0.730557 0.682282
1743736002.292579 -88.212271 135.280090 -1.993566 0.024259 -0.014474 -0.724532 0.688662
1743736002.396979 -88.235992 134.457952 -2.002238 0.024190 -0.015456 -0.719301 0.694106
1743736002.501309 -88.241882 133.628535 -2.008547 0.023933 -0.017130 -0.714543 0.698972
1743736002.605559 -88.242489 132.775967 -2.009619 0.022965 -0.018757 -0.709559 0.704021
1743736002.709929 -88.230446 131.907366 -2.011846 0.021109 -0.019422 -0.704636 0.708989
1743736002.814189 -88.198850 130.991640 -2.013390 0.020035 -0.019199 -0.700163 0.713444
1743736002.918439 -88.169427 130.057699 -2.015069 0.018526 -0.017730 -0.696770 0.716836
1743736003.022809 -88.127108 129.108959 -2.009154 0.017169 -0.016489 -0.694843 0.718767
1743736003.127059 -88.082438 128.152263 -2.004623 0.015483 -0.015065 -0.694004 0.719647
1743736003.231449 -88.038532 127.141991 -2.001889 0.015962 -0.014980 -0.693752 0.719881
1743736003.335699 -88.002795 126.148419 -1.998403 0.016402 -0.014656 -0.693276 0.720336
1743736003.439829 -87.944171 125.079103 -1.996785 0.016760 -0.014768 -0.692296 0.721268
1743736003.543939 -87.894407 124.037655 -1.994296 0.017051 -0.015010 -0.690758 0.722729
1743736003.648059 -87.835134 122.959708 -1.991342 0.016948 -0.015185 -0.689113 0.724296
1743736003.752189 -87.768696 121.862737 -1.989679 0.017146 -0.015520 -0.687468 0.725846
1743736003.856299 -87.690756 120.736760 -1.982190 0.016486 -0.014643 -0.685714 0.727537
1743736003.960319 -87.622185 119.621563 -1.975909 0.017632 -0.014334 -0.683855 0.729264
1743736004.064319 -87.537038 118.473882 -1.977568 0.019342 -0.013632 -0.682029 0.730942
1743736004.168439 -87.457531 117.332160 -1.970795 0.020786 -0.013291 -0.680436 0.732392
1743736004.272439 -87.362371 116.173403 -1.972569 0.020536 -0.013328 -0.679722 0.733062
1743736004.376559 -87.266796 114.996576 -1.973673 0.019368 -0.013258 -0.679776 0.733044
1743736004.480569 -87.178417 113.798620 -1.973820 0.018832 -0.012999 -0.680242 0.732630
1743736004.584689 -87.080123 112.629061 -1.972185 0.020208 -0.012761 -0.680496 0.732362
1743736004.688689 -86.981629 111.409818 -1.968715 0.021656 -0.012813 -0.680781 0.732055
1743736004.792689 -86.894949 110.180374 -1.964856 0.022439 -0.012492 -0.681000 0.731833
1743736004.896689 -86.804446 108.961454 -1.960713 0.022619 -0.012291 -0.681227 0.731620
1743736005.000689 -86.718957 107.767242 -1.960984 0.023385 -0.012924 -0.681483 0.731346
1743736005.104709 -86.623853 106.593773 -1.957461 0.022955 -0.013397 -0.681726 0.731125
1743736005.208689 -86.538010 105.423573 -1.949299 0.021512 -0.013484 -0.682063 0.730853
1743736005.312689 -86.445932 104.221214 -1.945189 0.020917 -0.013085 -0.682269 0.730685
1743736005.416559 -86.367164 103.013013 -1.941213 0.021877 -0.012630 -0.682495 0.730454
1743736005.520579 -86.280129 101.797749 -1.939769 0.023099 -0.012472 -0.682703 0.730224
1743736005.624569 -86.192532 100.616446 -1.932033 0.022210 -0.012368 -0.682915 0.730055
1743736005.728559 -86.105138 99.401874 -1.930186 0.021673 -0.013361 -0.683133 0.729850
1743736005.832439 -86.027137 98.239693 -1.916375 0.020860 -0.013414 -0.683262 0.729752
1743736005.936469 -85.942872 97.122570 -1.918069 0.021688 -0.012864 -0.683386 0.729622
1743736006.040439 -85.860186 95.962989 -1.914389 0.022266 -0.011037 -0.683567 0.729465
1743736006.144439 -85.780181 94.775711 -1.917727 0.023719 -0.010881 -0.683691 0.729305
1743736006.248439 -85.700278 93.613316 -1.913741 0.021926 -0.009632 -0.683956 0.729130
1743736006.352319 -85.619709 92.476892 -1.912822 0.020959 -0.009682 -0.684114 0.729010
1743736006.456199 -85.544930 91.319826 -1.912895 0.019952 -0.009259 -0.684243 0.728922
1743736006.560069 -85.463826 90.203020 -1.911755 0.019960 -0.008815 -0.684352 0.728825
1743736006.664069 -85.383260 89.032702 -1.908920 0.021077 -0.008842 -0.684399 0.728750
1743736006.768089 -85.302768 87.867784 -1.905713 0.021464 -0.009485 -0.684443 0.728689
1743736006.872169 -85.233509 86.687069 -1.903402 0.021188 -0.010646 -0.684416 0.728706
1743736006.975879 -85.166291 85.582808 -1.900249 0.021199 -0.011474 -0.684298 0.728804
1743736007.079649 -85.094046 84.403333 -1.893540 0.022475 -0.012481 -0.683655 0.729353
1743736007.183479 -85.008490 83.274277 -1.893088 0.023340 -0.012771 -0.682661 0.730251
1743736007.287199 -84.923563 82.163070 -1.889335 0.024216 -0.012849 -0.681502 0.731303
1743736007.391069 -84.840620 81.035337 -1.887883 0.023869 -0.012049 -0.680409 0.732344
1743736007.494829 -84.757679 79.918569 -1.884008 0.022783 -0.011569 -0.679395 0.733328
1743736007.598569 -84.661184 78.816128 -1.880428 0.021440 -0.011463 -0.678383 0.734306
1743736007.702599 -84.559155 77.694147 -1.873437 0.021124 -0.011332 -0.677477 0.735153
1743736007.806229 -84.461407 76.593157 -1.869920 0.021981 -0.011248 -0.676652 0.735889
1743736007.909949 -84.362735 75.460884 -1.873753 0.022709 -0.011522 -0.675960 0.736498
1743736008.013689 -84.256421 74.336626 -1.870373 0.022618 -0.010925 -0.675424 0.737002
1743736008.117609 -84.158331 73.216656 -1.866873 0.023084 -0.010947 -0.674969 0.737403
1743736008.221379 -84.053183 72.174275 -1.862152 0.022680 -0.009839 -0.674635 0.737737
1743736008.325109 -83.948791 71.103545 -1.862982 0.022113 -0.009188 -0.674685 0.737717
1743736008.428959 -83.846200 69.979333 -1.861864 0.021171 -0.008817 -0.674985 0.737475
1743736008.532909 -83.741541 68.831545 -1.861568 0.020839 -0.008816 -0.675501 0.737012
1743736008.636729 -83.648006 67.739256 -1.862540 0.021508 -0.009102 -0.676066 0.736471
1743736008.740569 -83.558140 66.669761 -1.863920 0.022606 -0.010530 -0.676827 0.735720
1743736008.844449 -83.464430 65.570157 -1.861080 0.023050 -0.011884 -0.677623 0.734952
1743736008.948929 -83.375842 64.464903 -1.857674 0.023504 -0.013034 -0.678542 0.734069
1743736009.052249 -83.300490 63.379364 -1.851574 0.024036 -0.012958 -0.679372 0.733286
1743736009.156109 -83.212652 62.289644 -1.853623 0.025264 -0.012879 -0.680194 0.732483
1743736009.259999 -83.129295 61.207918 -1.853331 0.025406 -0.012133 -0.681045 0.731700
1743736009.363819 -83.050796 60.123041 -1.852850 0.024467 -0.011219 -0.681913 0.730938
1743736009.468019 -82.966781 59.042788 -1.855181 0.023758 -0.011332 -0.682728 0.730198
1743736009.571599 -82.892268 57.960085 -1.852829 0.022955 -0.011953 -0.683423 0.729564
1743736009.675459 -82.813482 56.884185 -1.854904 0.021932 -0.013121 -0.684077 0.728962
1743736009.779199 -82.745126 55.811679 -1.848325 0.021207 -0.013695 -0.684619 0.728464
1743736009.883079 -82.675148 54.735619 -1.841378 0.021285 -0.013980 -0.684947 0.728148
1743736009.986939 -82.605916 53.673128 -1.841655 0.022632 -0.014016 -0.685092 0.727970
1743736010.090839 -82.543581 52.597255 -1.834725 0.023546 -0.013023 -0.685003 0.728044
1743736010.194689 -82.469935 51.517709 -1.831433 0.023345 -0.011609 -0.684873 0.728196
1743736010.298569 -82.388160 50.433734 -1.830941 0.022196 -0.009764 -0.684662 0.728457
1743736010.402299 -82.314125 49.352077 -1.826266 0.020467 -0.008125 -0.684509 0.728672
1743736010.506079 -82.234923 48.288405 -1.824149 0.018327 -0.006401 -0.684365 0.728881
1743736010.609829 -82.155941 47.247412 -1.828955 0.017361 -0.005877 -0.684274 0.728994
1743736010.713569 -82.079309 46.187740 -1.822480 0.016088 -0.005608 -0.684151 0.729141
1743736010.817559 -82.004306 45.150713 -1.822412 0.014448 -0.005195 -0.683839 0.729471
1743736010.921219 -81.930746 44.097447 -1.809228 0.014071 -0.005324 -0.683639 0.729665
1743736011.025109 -81.858551 43.002058 -1.814718 0.016574 -0.004977 -0.683408 0.729831
1743736011.128839 -81.783652 41.938236 -1.824034 0.021309 -0.005523 -0.683022 0.730066
1743736011.232699 -81.718850 40.902692 -1.832505 0.022634 -0.006089 -0.682533 0.730479
1743736011.336439 -81.645964 39.848368 -1.827158 0.021061 -0.007547 -0.682225 0.730800
1743736011.440329 -81.568033 38.793095 -1.827847 0.018632 -0.008085 -0.681979 0.731090
1743736011.544199 -81.486147 37.745350 -1.830023 0.018671 -0.009046 -0.681870 0.731179
1743736011.648069 -81.406965 36.732507 -1.826978 0.018601 -0.009208 -0.681639 0.731394
1743736011.751959 -81.328684 35.697571 -1.823590 0.019317 -0.010106 -0.681511 0.731483
1743736011.855829 -81.259386 34.639763 -1.817996 0.019337 -0.011669 -0.681521 0.731450
1743736011.959929 -81.192179 33.608479 -1.807093 0.018726 -0.012978 -0.681659 0.731315
1743736012.063689 -81.118402 32.568017 -1.794690 0.018865 -0.013552 -0.681845 0.731128
1743736012.167639 -81.040304 31.540379 -1.791353 0.021006 -0.014186 -0.682054 0.730863
1743736012.271499 -80.975320 30.499348 -1.788824 0.023361 -0.013856 -0.682276 0.730590
1743736012.375379 -80.902342 29.464948 -1.782630 0.024416 -0.013651 -0.682576 0.730279
1743736012.479339 -80.822167 28.441831 -1.777320 0.023375 -0.013301 -0.683029 0.729896
1743736012.583219 -80.749368 27.423022 -1.772699 0.021985 -0.013002 -0.683438 0.729561
1743736012.687089 -80.676748 26.408659 -1.769938 0.021771 -0.012373 -0.683851 0.729192
1743736012.791209 -80.609465 25.378291 -1.766284 0.022496 -0.011747 -0.684262 0.728795
1743736012.895019 -80.541476 24.368494 -1.764115 0.023110 -0.011409 -0.684657 0.728409
1743736012.999029 -80.478387 23.385485 -1.759284 0.023478 -0.011867 -0.684958 0.728107
1743736013.102829 -80.411247 22.389201 -1.757437 0.023592 -0.011974 -0.685230 0.727846
1743736013.206839 -80.352672 21.386667 -1.755093 0.023366 -0.011784 -0.685501 0.727601
1743736013.310729 -80.287157 20.435711 -1.754542 0.023275 -0.010565 -0.685821 0.727321
1743736013.414729 -80.224570 19.451410 -1.751289 0.023238 -0.010098 -0.686110 0.727057
1743736013.518709 -80.165497 18.477100 -1.748777 0.023294 -0.009751 -0.686448 0.726740
1743736013.622609 -80.107636 17.548447 -1.747211 0.023456 -0.008887 -0.686624 0.726580
1743736013.726579 -80.053581 16.629355 -1.747073 0.023491 -0.007893 -0.686604 0.726609
1743736013.830619 -79.998074 15.722390 -1.745397 0.023762 -0.007935 -0.686325 0.726863
1743736013.934449 -79.941319 14.881356 -1.742322 0.023282 -0.008303 -0.685478 0.727674
1743736014.038439 -79.884081 14.030815 -1.740750 0.022752 -0.008450 -0.684382 0.728720
1743736014.142329 -79.824345 13.213916 -1.739499 0.022119 -0.007896 -0.682944 0.730093
1743736014.246329 -79.759329 12.413112 -1.737731 0.021281 -0.007538 -0.681334 0.731625
1743736014.350199 -79.692222 11.614390 -1.731924 0.020641 -0.007795 -0.679456 0.733384
1743736014.454209 -79.626741 10.836847 -1.729534 0.020319 -0.008750 -0.676830 0.735807
1743736014.558079 -79.555631 10.123704 -1.726249 0.020371 -0.010116 -0.673541 0.738800
1743736014.662049 -79.478236 9.422008 -1.717473 0.020259 -0.011345 -0.669441 0.742503
1743736014.766209 -79.393032 8.725536 -1.709071 0.020019 -0.011684 -0.664925 0.746550
1743736014.869789 -79.298906 8.034850 -1.698547 0.019912 -0.011776 -0.660180 0.750751
1743736014.974289 -79.200831 7.354870 -1.694751 0.020112 -0.011796 -0.654969 0.755296
1743736015.077329 -79.101558 6.711093 -1.680175 0.021174 -0.011596 -0.649069 0.760347
1743736015.181219 -78.983921 6.112657 -1.672140 0.020537 -0.011133 -0.642646 0.765807
1743736015.289649 -78.861440 5.518966 -1.665945 0.018989 -0.010834 -0.635487 0.771802
1743736015.388839 -78.724806 4.941188 -1.654731 0.017317 -0.009833 -0.627662 0.778231
1743736015.495179 -78.590517 4.417588 -1.652420 0.017067 -0.009594 -0.619164 0.785018
1743736015.596399 -78.449726 3.849205 -1.642724 0.016827 -0.008917 -0.609884 0.792262
1743736015.700119 -78.293630 3.318648 -1.636150 0.016044 -0.008442 -0.600168 0.799668
1743736015.803829 -78.082905 2.828258 -1.625869 0.015378 -0.008632 -0.589817 0.807344
1743736015.907569 -77.906553 2.334401 -1.614589 0.014416 -0.009780 -0.577277 0.816363
1743736016.011199 -77.686427 1.849252 -1.604660 0.013471 -0.011321 -0.563170 0.826153
1743736016.114949 -77.474600 1.391545 -1.599007 0.012948 -0.012868 -0.547289 0.836745
1743736016.218749 -77.264046 0.940099 -1.586974 0.014444 -0.014179 -0.528889 0.848450
1743736016.322199 -76.983759 0.499877 -1.566837 0.016093 -0.013890 -0.507921 0.861142
1743736016.425799 -76.710068 0.091648 -1.545205 0.015600 -0.012844 -0.485409 0.874054
1743736016.529719 -76.447840 -0.263426 -1.541003 0.012895 -0.011906 -0.462748 0.886316
1743736016.633159 -76.086224 -0.653229 -1.528645 0.010978 -0.012581 -0.439736 0.897972
1743736016.736909 -75.770039 -0.994509 -1.519298 0.011131 -0.014714 -0.415864 0.909240
1743736016.840619 -75.473847 -1.302482 -1.490269 0.012120 -0.015708 -0.391874 0.919805
1743736016.944339 -75.079119 -1.619910 -1.473942 0.010319 -0.014490 -0.368298 0.929538
1743736017.048229 -74.720654 -1.871803 -1.459273 0.006550 -0.012586 -0.344641 0.938627
1743736017.151959 -74.291664 -2.150153 -1.454237 0.003508 -0.009827 -0.320343 0.947244
1743736017.255759 -73.905922 -2.399010 -1.438172 0.004150 -0.007534 -0.295739 0.955230
1743736017.359599 -73.522207 -2.596694 -1.416874 0.005925 -0.004708 -0.271252 0.962479
1743736017.463329 -73.068198 -2.833734 -1.389891 0.005149 -0.001026 -0.246591 0.969105
1743736017.567299 -72.662823 -2.973357 -1.394098 0.000850 0.001934 -0.222229 0.974992
1743736017.671079 -72.171567 -3.149546 -1.387421 -0.001270 0.003482 -0.197730 0.980250
1743736017.774949 -71.734607 -3.272236 -1.391045 -0.002245 0.002886 -0.173685 0.984795
1743736017.878969 -71.312706 -3.369095 -1.377534 -0.001842 0.001742 -0.151774 0.988412
1743736017.982949 -70.799640 -3.517365 -1.365305 -0.002260 0.001218 -0.131703 0.991286
1743736018.087079 -70.338288 -3.581980 -1.376557 -0.004811 0.001582 -0.113510 0.993524
1743736018.191079 -69.830132 -3.658921 -1.385946 -0.007906 0.001232 -0.096455 0.995305
1743736018.295329 -69.344741 -3.720609 -1.383733 -0.008775 0.001098 -0.082331 0.996566
1743736018.399589 -68.849294 -3.788527 -1.368636 -0.009103 0.001739 -0.071049 0.997430
1743736018.503719 -68.306610 -3.847195 -1.383618 -0.009267 0.002187 -0.060529 0.998121
1743736018.607949 -67.796218 -3.874936 -1.359284 -0.008077 0.001485 -0.051615 0.998633
1743736018.712209 -67.240529 -3.931504 -1.357574 -0.007897 0.000752 -0.043908 0.999004
1743736018.816459 -66.670936 -3.967722 -1.363030 -0.008299 0.000309 -0.036805 0.999288
1743736018.920699 -66.095581 -3.986667 -1.358264 -0.008637 -0.000027 -0.029893 0.999516
1743736019.024829 -65.487848 -4.015187 -1.353190 -0.008547 -0.000382 -0.022938 0.999700
1743736019.128969 -64.856957 -4.024631 -1.350361 -0.008515 -0.000541 -0.016084 0.999834
1743736019.233079 -64.223056 -4.039158 -1.353683 -0.006997 -0.000015 -0.008887 0.999936
1743736019.337219 -63.597734 -4.021255 -1.344039 -0.007099 -0.000449 -0.002652 0.999971
1743736019.441459 -62.950400 -4.011475 -1.335141 -0.007450 -0.001176 0.002429 0.999969
1743736019.545589 -62.278253 -3.990788 -1.331078 -0.008071 -0.001924 0.006702 0.999943
1743736019.649709 -61.584097 -3.961822 -1.322237 -0.008522 -0.002462 0.009759 0.999913
1743736019.753959 -60.883428 -3.951283 -1.325374 -0.007852 -0.002543 0.011856 0.999896
1743736019.858079 -60.175822 -3.924718 -1.306735 -0.008590 -0.002851 0.013432 0.999869
1743736019.962229 -59.453995 -3.898771 -1.302944 -0.008353 -0.002235 0.014935 0.999851
1743736020.066319 -58.688070 -3.873207 -1.291034 -0.007922 -0.001356 0.016342 0.999834
1743736020.170449 -57.923805 -3.827309 -1.293567 -0.007128 0.000177 0.017989 0.999813
1743736020.274579 -57.165192 -3.803567 -1.271495 -0.007093 0.001030 0.019402 0.999786
1743736020.378749 -56.400020 -3.764680 -1.256768 -0.006931 0.001994 0.021111 0.999751
1743736020.482849 -55.629723 -3.727224 -1.247638 -0.005511 0.002903 0.022863 0.999719
1743736020.586829 -54.858915 -3.685801 -1.237225 -0.004324 0.003256 0.024430 0.999687
1743736020.690829 -54.084459 -3.642911 -1.223794 -0.003523 0.003181 0.026128 0.999647
1743736020.794829 -53.341412 -3.601145 -1.221306 -0.003590 0.003163 0.027891 0.999600
1743736020.898979 -52.558810 -3.545837 -1.215216 -0.004343 0.003078 0.029593 0.999548
1743736021.002829 -51.807204 -3.494049 -1.214994 -0.004551 0.003283 0.031129 0.999500
1743736021.106829 -51.023054 -3.434728 -1.204576 -0.004470 0.003229 0.032103 0.999469
1743736021.210829 -50.250499 -3.380608 -1.203310 -0.005247 0.003278 0.032634 0.999448
1743736021.314829 -49.470657 -3.323335 -1.189843 -0.005825 0.003079 0.032967 0.999435
1743736021.418829 -48.725932 -3.271053 -1.176240 -0.005793 0.003055 0.033049 0.999432
1743736021.522829 -47.963854 -3.212250 -1.167666 -0.005418 0.003335 0.033266 0.999426
1743736021.626849 -47.202529 -3.150850 -1.162857 -0.006453 0.003902 0.033402 0.999414
1743736021.730709 -46.443983 -3.097960 -1.149907 -0.005625 0.004250 0.033450 0.999416
1743736021.834729 -45.698959 -3.040297 -1.139121 -0.006077 0.004434 0.033556 0.999409
1743736021.938579 -44.978555 -2.989993 -1.135776 -0.006880 0.004771 0.033502 0.999404
1743736022.042579 -44.226002 -2.929408 -1.132892 -0.007531 0.004515 0.033369 0.999405
1743736022.146609 -43.478407 -2.882088 -1.135660 -0.008255 0.004368 0.033007 0.999411
1743736022.250449 -42.725872 -2.827559 -1.100910 -0.009502 0.003447 0.032423 0.999423
1743736022.354459 -42.008876 -2.769074 -1.080408 -0.008760 0.003048 0.031922 0.999447
1743736022.458459 -41.262883 -2.717529 -1.078781 -0.010273 0.003245 0.031267 0.999453
1743736022.562449 -40.535804 -2.673024 -1.065590 -0.010208 0.003369 0.030710 0.999471
1743736022.666329 -39.790779 -2.629965 -1.039026 -0.010918 0.003825 0.030055 0.999481
1743736022.770309 -39.047560 -2.579864 -1.040180 -0.009931 0.004793 0.029681 0.999499
1743736022.874309 -38.338073 -2.531276 -1.024957 -0.010973 0.004521 0.029041 0.999508
1743736022.978209 -37.650721 -2.489002 -1.021029 -0.011113 0.003810 0.028805 0.999516
1743736023.082209 -36.999671 -2.436072 -1.034172 -0.007696 0.002732 0.028979 0.999547
1743736023.186209 -36.348269 -2.398556 -1.036391 -0.011516 0.001400 0.028223 0.999534
1743736023.290209 -35.698048 -2.353874 -1.015109 -0.011875 0.000135 0.028289 0.999529
1743736023.394109 -35.043073 -2.309628 -0.983601 -0.013448 -0.000695 0.028245 0.999510
1743736023.498109 -34.400598 -2.274604 -0.981819 -0.013294 -0.000721 0.027877 0.999523
1743736023.602109 -33.752491 -2.220969 -0.948692 -0.016552 -0.001993 0.027826 0.999474
1743736023.706109 -33.114723 -2.184622 -0.928729 -0.019217 -0.002707 0.027726 0.999427
1743736023.809909 -32.488566 -2.135320 -0.909494 -0.019946 -0.003359 0.027728 0.999411
1743736023.914009 -31.820002 -2.096907 -0.890807 -0.021356 -0.003558 0.027760 0.999380
1743736024.017909 -31.214923 -2.056431 -0.858221 -0.020682 -0.003692 0.028171 0.999382
1743736024.121809 -30.621907 -2.026067 -0.853260 -0.018075 -0.003057 0.028470 0.999427
1743736024.225809 -29.986447 -1.990528 -0.838673 -0.016299 -0.002884 0.028804 0.999448
1743736024.329709 -29.376038 -1.951428 -0.824098 -0.020175 -0.003125 0.029374 0.999360
1743736024.433709 -28.792206 -1.917498 -0.818252 -0.021523 -0.003530 0.030076 0.999310
1743736024.537609 -28.194974 -1.873428 -0.784089 -0.023323 -0.004571 0.030749 0.999245
1743736024.641609 -27.594504 -1.821251 -0.763029 -0.022741 -0.004809 0.031875 0.999222
1743736024.745409 -26.955859 -1.783970 -0.737975 -0.022833 -0.005019 0.032875 0.999186
1743736024.849409 -26.331488 -1.728772 -0.714381 -0.023028 -0.005220 0.033985 0.999143
1743736024.953309 -25.711517 -1.686896 -0.712357 -0.021534 -0.004590 0.034828 0.999151
1743736025.057309 -25.145553 -1.644920 -0.692723 -0.022214 -0.004165 0.035718 0.999106
1743736025.161209 -24.566761 -1.591811 -0.671523 -0.023595 -0.003916 0.036789 0.999037
1743736025.265209 -23.954283 -1.532540 -0.650987 -0.025057 -0.003638 0.037767 0.998966
1743736025.369109 -23.343154 -1.482575 -0.637005 -0.025770 -0.002991 0.038742 0.998912
1743736025.473109 -22.756966 -1.437078 -0.615288 -0.025554 -0.002708 0.039409 0.998893
1743736025.576909 -22.237688 -1.389393 -0.601504 -0.025217 -0.002623 0.039845 0.998884
1743736025.681009 -21.716277 -1.333284 -0.605365 -0.026251 -0.002361 0.039917 0.998855
1743736025.784909 -21.183420 -1.282696 -0.603621 -0.027265 -0.002185 0.039656 0.998839
1743736025.889009 -20.653859 -1.241495 -0.603403 -0.029263 -0.002157 0.038832 0.998815
1743736025.992809 -20.129028 -1.201125 -0.580466 -0.030473 -0.002570 0.038109 0.998806
1743736026.096809 -19.614650 -1.156065 -0.562230 -0.029227 -0.002756 0.037496 0.998865
1743736026.200809 -19.110754 -1.110214 -0.533609 -0.025514 -0.003088 0.037159 0.998979
1743736026.304809 -18.627724 -1.072033 -0.520887 -0.024119 -0.003614 0.036360 0.999041
1743736026.408809 -18.148636 -1.035242 -0.504458 -0.023369 -0.003923 0.035935 0.999073
1743736026.512809 -17.683009 -1.006670 -0.497136 -0.022662 -0.003742 0.035301 0.999113
1743736026.616809 -17.213781 -0.979012 -0.488939 -0.021668 -0.003755 0.034748 0.999154
1743736026.720909 -16.776610 -0.947790 -0.469253 -0.020901 -0.003563 0.034420 0.999183
1743736026.824809 -16.358402 -0.919369 -0.456660 -0.020037 -0.003460 0.034008 0.999215
1743736026.933509 -15.958810 -0.902310 -0.438310 -0.017842 -0.002997 0.033258 0.999283
1743736027.033109 -15.560185 -0.871968 -0.421345 -0.015856 -0.002363 0.033033 0.999326
1743736027.137709 -15.178585 -0.837216 -0.415297 -0.015102 -0.002002 0.032686 0.999350
1743736027.240709 -14.822627 -0.805427 -0.411071 -0.015124 -0.001864 0.032354 0.999360
1743736027.344709 -14.507154 -0.793261 -0.412851 -0.014056 -0.001938 0.031802 0.999393
1743736027.448709 -14.199361 -0.768197 -0.396885 -0.012225 -0.002376 0.031601 0.999423
1743736027.552709 -13.910473 -0.753778 -0.382388 -0.009603 -0.002522 0.031375 0.999458
1743736027.656709 -13.648532 -0.739055 -0.382875 -0.006928 -0.002604 0.031073 0.999490
1743736027.761109 -13.372415 -0.720505 -0.395983 -0.004978 -0.002921 0.030967 0.999504
1743736027.864409 -13.106066 -0.699960 -0.383233 -0.004485 -0.003962 0.030889 0.999505
1743736027.968509 -12.847497 -0.684148 -0.378057 -0.005734 -0.004735 0.030754 0.999499
1743736028.072509 -12.586709 -0.654958 -0.371715 -0.005152 -0.005069 0.030625 0.999505
1743736028.176509 -12.336506 -0.635169 -0.369902 -0.005244 -0.004571 0.030437 0.999512
1743736028.280409 -12.069893 -0.615563 -0.360559 -0.004296 -0.004497 0.030447 0.999517
1743736028.384309 -11.833737 -0.604402 -0.354017 -0.003343 -0.004228 0.030256 0.999528
1743736028.488209 -11.563310 -0.590492 -0.343439 -0.003423 -0.004151 0.030357 0.999525
1743736028.592209 -11.333224 -0.578370 -0.341988 -0.002871 -0.003956 0.030316 0.999528
1743736028.696209 -11.056406 -0.562150 -0.338115 -0.002740 -0.003872 0.030574 0.999521
1743736028.800109 -10.806232 -0.553286 -0.333034 -0.002682 -0.003817 0.030888 0.999512
1743736028.904009 -10.532006 -0.531529 -0.319751 -0.001654 -0.003717 0.032604 0.999460
1743736029.008009 -10.219501 -0.496472 -0.307808 -0.000981 -0.003655 0.034935 0.999382
1743736029.111809 -9.861803 -0.457896 -0.296287 -0.000979 -0.003747 0.038104 0.999266
1743736029.215709 -9.516058 -0.421889 -0.285700 -0.001640 -0.004132 0.041886 0.999113
1743736029.320209 -9.213737 -0.400908 -0.273737 -0.002767 -0.004057 0.045818 0.998938
1743736029.423509 -8.925072 -0.373454 -0.265354 -0.003462 -0.004167 0.048899 0.998789
1743736029.527509 -8.670615 -0.347079 -0.261416 -0.004446 -0.004242 0.051277 0.998666
1743736029.631909 -8.430573 -0.317183 -0.250503 -0.004657 -0.004314 0.053537 0.998546
1743736029.735409 -8.212423 -0.282193 -0.235471 -0.004172 -0.004163 0.055982 0.998414
1743736029.839309 -7.988947 -0.255909 -0.229493 -0.004519 -0.004294 0.057996 0.998297
1743736029.943209 -7.750545 -0.226257 -0.218663 -0.006316 -0.004309 0.059170 0.998219
1743736030.047209 -7.487937 -0.192965 -0.208357 -0.007759 -0.004466 0.059373 0.998196
1743736030.151309 -7.257171 -0.169143 -0.203279 -0.007897 -0.004618 0.059170 0.998206
1743736030.255309 -7.033143 -0.141291 -0.201855 -0.007431 -0.004546 0.058552 0.998246
1743736030.359309 -6.800752 -0.119182 -0.190784 -0.007285 -0.004231 0.057618 0.998303
1743736030.463409 -6.558917 -0.093848 -0.164730 -0.007715 -0.003505 0.056695 0.998356
1743736030.567509 -6.315045 -0.078899 -0.113887 -0.009094 -0.002029 0.055400 0.998421
1743736030.671509 -6.102067 -0.064204 -0.102176 -0.008450 -0.002120 0.054156 0.998494
1743736030.775509 -5.884629 -0.037924 -0.098126 -0.008023 -0.002163 0.052734 0.998574
1743736030.879609 -5.661316 -0.008798 -0.096927 -0.008038 -0.002058 0.051114 0.998658
1743736030.983609 -5.446404 0.014513 -0.087300 -0.008134 -0.001949 0.049197 0.998754
1743736031.087609 -5.224392 0.027694 -0.090498 -0.008024 -0.002169 0.047181 0.998852
1743736031.191609 -5.008234 0.050751 -0.083858 -0.007984 -0.002351 0.045029 0.998951
1743736031.295509 -4.780231 0.068519 -0.082006 -0.007871 -0.003313 0.042905 0.999043
1743736031.399509 -4.520411 0.090118 -0.076943 -0.007818 -0.004042 0.040832 0.999127
1743736031.503509 -4.266933 0.102583 -0.067347 -0.007475 -0.003963 0.038417 0.999226
1743736031.607509 -4.012344 0.120569 -0.063023 -0.007224 -0.003795 0.036086 0.999315
1743736031.711309 -3.717105 0.141237 -0.056722 -0.006764 -0.003629 0.033620 0.999405
1743736031.815309 -3.448071 0.153660 -0.051711 -0.005966 -0.003143 0.031028 0.999496
1743736031.919309 -3.126769 0.157368 -0.049433 -0.004710 -0.002583 0.028424 0.999582
1743736032.023209 -2.831646 0.169138 -0.040358 -0.004279 -0.001736 0.026011 0.999651
1743736032.127209 -2.526080 0.189865 -0.036495 -0.004074 -0.001268 0.023713 0.999710
1743736032.231109 -2.188274 0.205369 -0.032876 -0.004337 -0.000951 0.021550 0.999758
1743736032.335109 -1.840361 0.215537 -0.027360 -0.004404 -0.000384 0.019471 0.999801
1743736032.439009 -1.507910 0.222134 -0.025046 -0.004041 0.000203 0.017484 0.999839
1743736032.543009 -1.156870 0.226970 -0.021726 -0.003426 0.000361 0.015595 0.999872
1743736032.646909 -0.792941 0.236881 -0.011667 -0.002391 -0.000410 0.014384 0.999894
1743736032.750709 -0.430419 0.249642 -0.008090 -0.002058 -0.001545 0.013564 0.999905
1743736032.854609 -0.064191 0.262030 -0.002704 -0.002523 -0.002588 0.012857 0.999911
1743736032.958509 0.331778 0.284730 -0.000012 -0.004195 -0.002558 0.011369 0.999923
1743736033.062509 0.709834 0.301317 0.001078 -0.006606 -0.001970 0.008718 0.999938
1743736033.166509 1.108402 0.298354 0.000233 -0.005621 -0.001576 0.004769 0.999972
1743736033.270309 1.528551 0.271222 0.004757 -0.001376 -0.001626 0.001065 0.999997
1743736033.374209 1.925516 0.247771 0.020134 0.002705 -0.002929 -0.000511 0.999992
1743736033.478109 2.317752 0.246464 0.035307 0.004176 -0.004625 0.001265 0.999980
1743736033.581709 2.699234 0.267256 0.041598 0.002584 -0.005877 0.006929 0.999955
1743736033.685409 3.060662 0.306615 0.052831 -0.000247 -0.007555 0.015235 0.999855
1743736033.789109 3.422640 0.349867 0.047182 -0.003509 -0.009341 0.023986 0.999662
1743736033.892709 3.815566 0.371299 0.056550 -0.003725 -0.010102 0.033810 0.999370
1743736033.996509 4.175290 0.425122 0.066136 -0.001998 -0.009968 0.045103 0.998931
1743736034.100209 4.535878 0.477382 0.089657 -0.001959 -0.007320 0.057087 0.998340
1743736034.203809 4.886783 0.544414 0.098741 -0.004552 -0.004050 0.070047 0.997525
1743736034.307609 5.220131 0.619756 0.106898 -0.007133 -0.002244 0.083396 0.996488
1743736034.411209 5.568082 0.702323 0.110860 -0.008381 -0.001338 0.096498 0.995297
1743736034.515009 5.920944 0.797854 0.113271 -0.008641 0.000143 0.108580 0.994050
1743736034.618909 6.229308 0.863228 0.128658 -0.008831 0.001826 0.119124 0.992838
1743736034.722709 6.576107 0.973209 0.133855 -0.010924 0.003108 0.126171 0.991943
1743736034.826709 6.913426 1.084221 0.138780 -0.013915 0.004696 0.130059 0.991397
1743736034.930809 7.250198 1.196452 0.142966 -0.015955 0.005708 0.130886 0.991253
1743736035.035009 7.586171 1.289644 0.142058 -0.016748 0.005822 0.128523 0.991548
1743736035.139209 7.938738 1.376178 0.138387 -0.015769 0.005757 0.124365 0.992094
1743736035.243509 8.243473 1.426917 0.143165 -0.012898 0.007399 0.120363 0.992619
1743736035.347609 8.513012 1.481170 0.153526 -0.011636 0.008917 0.115606 0.993187
1743736035.451709 8.738508 1.529533 0.144096 -0.012151 0.009500 0.110579 0.993748
1743736035.555809 8.928122 1.569276 0.148132 -0.012599 0.009547 0.105585 0.994285
1743736035.660009 9.100948 1.592599 0.145055 -0.012431 0.008955 0.100844 0.994784
1743736035.764109 9.230964 1.608558 0.153738 -0.011035 0.008537 0.096998 0.995187
1743736035.868209 9.319719 1.623992 0.160050 -0.010213 0.008048 0.094305 0.995458
1743736035.972209 9.376016 1.630629 0.152242 -0.010384 0.007714 0.092388 0.995639
1743736036.076209 9.406274 1.637735 0.149270 -0.010697 0.007043 0.091453 0.995727
1743736036.180209 9.399237 1.641142 0.150960 -0.010674 0.006833 0.091511 0.995723
1743736036.284209 9.373368 1.638776 0.153995 -0.010811 0.006059 0.091654 0.995714
1743736036.388209 9.365288 1.642487 0.156508 -0.010951 0.003463 0.091598 0.995730
1743736036.492209 9.371386 1.640297 0.161230 -0.010799 0.001656 0.091698 0.995727
1743736036.596109 9.367869 1.640237 0.160154 -0.010601 0.002081 0.091728 0.995725
1743736036.700109 9.371892 1.637194 0.156738 -0.010563 0.002752 0.091614 0.995735
1743736036.804109 9.366947 1.638994 0.158788 -0.010624 0.002881 0.091731 0.995723
1743736036.908109 9.369580 1.639921 0.158562 -0.010759 0.003162 0.091678 0.995726
1743736037.012109 9.369833 1.640907 0.158899 -0.010827 0.003089 0.091614 0.995731
