1.000000000000000000 0.000000000000000000 0.000000000000000000 0.000000000000000000 0.000000000000000000 1.000000000000000000 0.000000000000000000 0.000000000000000000 0.000000000000000000 0.000000000000000000 1.000000000000000000 0.000000000000000000
0.999999996961945414 -0.000003417427757803 0.000077874451855631 -0.000088940263548186 0.000003407210214891 0.999999991386808729 0.000131205081827812 -0.000103479441171509 -0.000077874899568772 -0.000131204816094576 0.999999988360398051 0.000039865815336760
0.999999972086123678 -0.000234941477415983 0.000025104860007728 0.003818638195570468 0.000234968791568124 0.999999374418805043 -0.001093595750490437 0.003062453693768552 -0.000024847913301284 0.001093601618822559 0.999999401708861257 -0.003284818328924192
0.999999890020369153 0.000461647438045841 0.000082709688169366 -0.000384248429742844 -0.000461636195877663 0.999999884212849466 -0.000135890802683383 0.010868863426387671 -0.000082772412233560 0.000135852605952354 0.999999987346398500 0.001713799979234504
0.999999970765653168 0.000094109041228199 0.000222737920198586 0.000469364981263079 -0.000094021728695246 0.999999918757859763 -0.000391974729396361 0.008443299921072173 -0.000222774790468850 0.000391953775732932 0.999999898371810025 0.003647213804941530
0.999999955976997756 0.000173802428235552 0.000240496815824464 -0.001974966040031766 -0.000173679714641378 0.999999854777263386 -0.000510177232872730 0.009096884213720787 -0.000240585450940762 0.000510135440994852 0.999999840940223650 0.001614094301695567
0.999999928464761711 0.000286549323827469 0.000246900701796315 -0.002398929918444816 -0.000286427509552813 0.999999837323099605 -0.000493267732632326 0.011573967035788042 -0.000247042007166526 0.000493196978193178 0.999999847863482172 0.000497257617316414
0.999999931193965019 0.000183605723586845 0.000322336785813777 -0.002664941114622970 -0.000183606840829857 0.999999983138359139 0.000003436485366074 0.005962550428884539 -0.000322336149420268 -0.000003495668368550 0.999999948043592157 0.003015739795839424
0.999999942300815903 -0.000020969691371583 0.000339055507260818 -0.002543538965181869 0.000021048685530053 0.999999972638384582 -0.000232981078470128 0.000642106375687638 -0.000339050612442401 0.000232988201700059 0.999999915380586413 0.007007600710858338
0.999999812337850180 -0.000161109663466306 0.000591073549397833 -0.001599143121033305 0.000161265286226822 0.999999952346443455 -0.000263250106070425 0.000132031992331834 -0.000591031109095080 0.000263345376313469 0.999999790665698551 0.011876295791471921
0.999999895940895334 0.000299986353040521 0.000343695194190013 0.000780347820760749 -0.000299958685482027 0.999999951768321904 -0.000080548996751200 0.007581616087402506 -0.000343719341212793 0.000080445894010687 0.999999937692734320 0.006325403373195477
0.999999939851786923 0.000094303682717715 0.000333771235860439 0.002293886934881697 -0.000094111653998044 0.999999830086844121 -0.000575299295601365 0.009262574727375112 -0.000333825431990555 0.000575267849235077 0.999999778813716822 0.006971908076662110
0.999999846818145799 0.000226213937597643 0.000505164269645697 0.001897484368632609 -0.000225932350442629 0.999999819127370015 -0.000557404521181353 0.010685064972691498 -0.000505290270946878 0.000557290302846295 0.999999717054590231 0.004150824532110528
0.999999933287199938 0.000207992819329046 0.000300274179501088 0.001860027767441240 -0.000207886523289466 0.999999915739106737 -0.000353984424462383 0.008285557941576639 -0.000300347780418160 0.000353921977891881 0.999999892265216350 0.002057412312273184
0.999999900153854870 0.000235284477815764 0.000379912482977001 0.000138933578993859 -0.000235114063595192 0.999999871764750359 -0.000448544156029437 0.006670080242253838 -0.000380017969736357 0.000448454788476349 0.999999827237307737 0.005595110483325732
0.999999820027026143 0.000355283725919922 0.000483445332297994 -0.001193916846175621 -0.000355249677103893 0.999999934412750591 -0.000070513555536026 0.008458820354421755 -0.000483470352908883 0.000070341799047296 0.999999880654217410 0.005375811498427864
0.999999892614563568 0.000148268931577127 0.000439075375376434 -0.001150441406893443 -0.000148018267496050 0.999999826100000488 -0.000570868252179883 0.007102602857109024 -0.000439159941047048 0.000570803199700583 0.999999740661093095 0.005876303891967727
0.999999901703669036 0.000287287381709869 0.000337725646748934 -0.001233933069748622 -0.000287258807891285 0.999999955158201836 -0.000084652062593726 0.006932800119513002 -0.000337749951074127 0.000084555039606060 0.999999939387706038 0.006593782995635776
0.999999853131174010 0.000021100232680002 0.000541564779777025 -0.001690221878316144 -0.000020811571802246 0.999999857732133401 -0.000533012749759322 0.006350063801651838 -0.000541575949422801 0.000533001400662065 0.999999711302457239 0.006468701915305824
0.999999887411356148 0.000124409364981980 0.000457929672470624 -0.002366464709578088 -0.000124377534075724 0.999999989847327519 -0.000069538290660027 0.002570162627193794 -0.000457938319035997 0.000069481326667363 0.999999892732414852 0.006337805291533688
0.999999892510612165 0.000012126402287424 0.000463499422195857 -0.002348802928198091 -0.000012052234347614 0.999999987124205458 -0.000160019787745479 0.002443534572225432 -0.000463501356692254 0.000160014184341394 0.999999879780969381 0.009227382738209564
0.999999868078851550 0.000042244920131226 0.000511915663248812 -0.001050622774900896 -0.000042004057789994 0.999999888426402972 -0.000470513380092426 0.004826004669434321 -0.000511935482932703 0.000470491815486658 0.999999758279727202 0.009930012536966019
0.999999839884056052 0.000250841931691014 0.000507257516128948 -0.001232639781100359 -0.000250665764787223 0.999999908265449378 -0.000347326600203747 0.007534462215281299 -0.000507344593671231 0.000347199392497996 0.999999811027004748 0.009827468774067179
0.999999852508326570 0.000209048738879470 0.000501280310753742 -0.000643779429545126 -0.000208864440928410 0.999999910594024821 -0.000367678647386686 0.009074197555598502 -0.000501357128693836 0.000367573893525293 0.999999806765212496 0.009795742750207163
0.999999865776358243 0.000334696559607575 0.000395506609872287 0.000435140291782356 -0.000334477515748445 0.999999790733142824 -0.000553767516284306 0.011259265772739054 -0.000395691871188384 0.000553635153887281 0.999999768458002869 0.004056101111120733
0.999999861792050138 0.000378965749142285 0.000364418497863813 0.001130008601333884 -0.000378848803656064 0.999999876740243376 -0.000320925352574629 0.011921842052456420 -0.000364540072662335 0.000320787248708248 0.999999882103031257 0.004330867502782634
0.999999849533158347 0.000307063303923464 0.000454583092465259 0.001423427618777105 -0.000306814693768081 0.999999803401243614 -0.000546865813264906 0.011049633165917038 -0.000454750925518212 0.000546726258207428 0.999999747145965179 0.004308802956919755
0.999999876530671128 0.000315969434272749 0.000383538732333195 -0.000205784944292863 -0.000315868062307555 0.999999915176182697 -0.000264338787534137 0.009597733430631843 -0.000383622222777130 0.000264217607260203 0.999999891511517247 0.005608798321598063
0.999999863463852390 0.000231931143407454 0.000468273660740727 0.000553854765419038 -0.000231760394061876 0.999999906656135917 -0.000364657152893345 0.009693505107706033 -0.000468358192380677 0.000364548575816320 0.999999823872454230 0.005727773902652718
0.999999852324507610 0.000305017237447995 0.000449794895228100 -0.000585112863384680 -0.000304906315025363 0.999999923096813514 -0.000246654629036389 0.007430203784690653 -0.000449870094550992 0.000246517447307524 0.999999868423014471 0.006499361244736821
0.999999762075949206 0.000074096957478877 0.000685826279590223 -0.002211084121584598 -0.000073809004821991 0.999999909127271658 -0.000419878171776417 0.005781564457134352 -0.000685857328962358 0.000419827451722124 0.999999676672265303 0.008811711131690684
0.999999881113525557 0.000190258807039606 0.000448970512546499 -0.002141056157549330 -0.000190278830048879 0.999999980904395347 0.000044555310966105 0.004226108330410067 -0.000448962026932824 -0.000044640735252935 0.999999898220146344 0.009711282232318048
0.999999771273034410 0.000266863991716005 0.000621480079124269 -0.001973673112123146 -0.000266715398760710 0.999999935831284659 -0.000239165889578259 0.007234771955151502 -0.000621543864008666 0.000239000076567446 0.999999778281069673 0.010038832590251283
0.999999873662288263 0.000250004189166309 0.000436088652638224 -0.000994004727538654 -0.000249979207387743 0.999999967111283916 -0.000057339575104169 0.006731456421985550 -0.000436102973429810 0.000057230554764281 0.999999903269425450 0.009989362209859888
0.999999894182802551 0.000223576175973231 0.000402054818569868 -0.000386339512207057 -0.000223433536474822 0.999999912102109922 -0.000354786171081975 0.007297267557719308 -0.000402134104965517 0.000354696301009527 0.999999856239337515 0.008454896742833550
0.999999886033487884 0.000211192287065465 0.000428171494941943 0.000773247771147079 -0.000211012611843669 0.999999889689842436 -0.000419635533041505 0.010025013952844893 -0.000428260071498235 0.000419545135631642 0.999999820287579055 0.006916312609357630
0.999999836984935775 0.000469609346182186 0.000324803269509802 0.000540217402590510 -0.000469548060481449 0.999999871951638197 -0.000188736127963487 0.012650280439591741 -0.000324891860168929 0.000188583586451418 0.999999929440752555 0.005345905785019997
0.999999758891902957 0.000481028505374316 0.000500827029023943 0.000453641715683066 -0.000480780709863180 0.999999762023514593 -0.000494775528127211 0.014116246490526617 -0.000501064910971678 0.000494534620858292 0.999999752184701163 0.005996504430032779
0.999999794847128420 0.000504826759625177 0.000394278637199777 -0.000822826413245728 -0.000504722093398786 0.999999837378155898 -0.000265516986827229 0.012892744720651951 -0.000394412613161543 0.000265317931216507 0.999999887022536615 0.007593972959497388
0.999999733249217315 0.000551842448516385 0.000478509567531454 -0.000164716522604222 -0.000551749848302458 0.999999829040055688 -0.000193628418246175 0.013619509848496650 -0.000478616338105912 0.000193364349014346 0.999999866768305878 0.007520159040754332
0.999999761745389182 0.000438158452770546 0.000533410100433311 -0.000511580138141780 -0.000438012568388118 0.999999866649489699 -0.000273579956904059 0.012804650969073218 -0.000533529900673428 0.000273346251394278 0.999999820313819843 0.007708426967026424
0.999999801327905891 0.000421255328673786 0.000468922271614909 -0.000356544044385434 -0.000421104318765666 0.999999859465135810 -0.000322088281745511 0.012110302378857261 -0.000469057887119970 0.000321890752561815 0.999999838185507861 0.005743647318656718
0.999999842238708525 0.000255422420773911 0.000500281865579525 -0.001427601074108389 -0.000255274856006674 0.999999923903424848 -0.000295004902458259 0.009133755371636076 -0.000500357178376115 0.000294877146536706 0.999999831345066981 0.006658496415483554
0.999999873545693307 0.000291578302611579 0.000409744665406864 -0.002611509573745114 -0.000291575245216393 0.999999957463651334 -0.000007521424230627 0.004704962493597716 -0.000409746841061933 0.000007401951878219 0.999999916026365177 0.008037801529781041
0.999999834841592383 0.000305678829937191 0.000486700360535850 -0.002408592225994749 -0.000305632143231306 0.999999948686837725 -0.000095996432391106 0.005347477780320127 -0.000486729679638846 0.000095847665262186 0.999999876953714395 0.009125277782618716
0.999999815934636826 0.000242368360943478 0.000556226815348131 -0.001464686982763969 -0.000242243853309908 0.999999945593410877 -0.000223899733706618 0.006416688004458316 -0.000556281051297201 0.000223764949967368 0.999999820240303428 0.011097771000069520
0.999999865784038322 0.000241727161849517 0.000458257443584829 0.000027537549538942 -0.000241631926197609 0.999999949203021155 -0.000207865262404955 0.007769835788410693 -0.000458307666986663 0.000207754504877331 0.999999873396065997 0.011317183474354734
0.999999819524168831 0.000184638797368365 0.000571716839191203 -0.000419511279084403 -0.000184360581316633 0.999999864592894916 -0.000486647067016222 0.008002476164387687 -0.000571806615705877 0.000486541577139366 0.999999718157204232 0.010595796705338938
0.999999831938084616 0.000314714574645015 0.000486907115506707 -0.000255483286682727 -0.000314529394053277 0.999999878202561976 -0.000380349998640094 0.008507804271024358 -0.000487026757890706 0.000380196788117744 0.999999809127651518 0.008402612943705173
0.999999785491591187 0.000410545855480104 0.000510361511266611 0.000139349558022151 -0.000410492614113472 0.999999910296002881 -0.000104421262123244 0.009594776286390928 -0.000510404335201532 0.000104211740093103 0.999999864313654729 0.008982100770482806
0.999999749996396736 0.000424280443833363 0.000565679457760812 0.000993861436880132 -0.000424071807433028 0.999999842040379949 -0.000368893368452619 0.012067107762564885 -0.000565835882648394 0.000368653387517867 0.999999771962190920 0.008509013041643624
0.999999814398990550 0.000377742476910523 0.000478029921334995 0.000987329410615746 -0.000377601617007062 0.999999885277532363 -0.000294723499231327 0.012109821609574679 -0.000478141196078826 0.000294542939659074 0.999999842312714216 0.008915175060925058
0.999999769543228778 0.000462437766325005 0.000497056135373142 -0.000428190193854845 -0.000462332933624271 0.999999870863329643 -0.000211001380632271 0.011544014952136283 -0.000497153646192119 0.000210771526584331 0.999999854206797156 0.007309202094998378
0.999999751529576986 0.000504914242219858 0.000491937386653662 -0.001005549233551788 -0.000504884643803825 0.999999870728335960 -0.000060289367376451 0.009883024860006275 -0.000491967764020340 0.000060040980764092 0.999999877181392383 0.007348763061047594
0.999999847390023899 0.000299664542889180 0.000464134776268720 -0.001245637772963087 -0.000299596727807816 0.999999944437569122 -0.000146173387973229 0.006568812751957769 -0.000464178553461753 0.000146034312405480 0.999999881606118080 0.008414439960872166
0.999999823390194997 0.000253327076750229 0.000537629027397822 -0.002298822645413160 -0.000253231907782568 0.999999952258712965 -0.000177076742302182 0.006115970356315473 -0.000537673860064208 0.000176940566204406 0.999999839799415313 0.008031813511832837
0.999999858153044485 0.000203346211578064 0.000492284683113732 -0.001739142477726977 -0.000203212257356699 0.999999942321764812 -0.000272141958403117 0.005003709728281530 -0.000492339993755873 0.000272041881518891 0.999999841797260092 0.010488838781140404
0.999999705181804921 0.000164116781204906 0.000750134644844557 -0.001576534871201211 -0.000163949669113318 0.999999961733159526 -0.000222832191329916 0.004323232788729771 -0.000750171186641265 0.000222709141308119 0.999999693821867708 0.013236693310817709
0.999999721321266022 0.000396281085939471 0.000632707429482567 -0.002411998734792899 -0.000396225774739400 0.999999917670691407 -0.000087542822541527 0.005265113742171023 -0.000632742068956984 0.000087292103153774 0.999999796008760655 0.014315807157177337
0.999999779891615148 -0.000021980535476872 0.000663124104043004 -0.000117524996462280 0.000022418260718789 0.999999781885787087 -0.000660095295991520 0.005411156548113420 -0.000663109450158140 0.000660110016788064 0.999999562270215581 0.011863805864213412
0.999999758200586064 0.000164276825352836 0.000675730637245746 0.000490776416830723 -0.000164041676757902 0.999999925981913895 -0.000348032318939087 0.007734708363603762 -0.000675787760873933 0.000347921386798306 0.999999711130763691 0.009353189541991195
0.999999808178902883 0.000169070679577139 0.000595866816368226 0.001242966306067184 -0.000168753294508715 0.999999843900826524 -0.000532654342136232 0.008619154494163693 -0.000595956779585513 0.000532553685473541 0.999999680610993424 0.007418476551778051
0.999999761462563641 0.000493838059078264 0.000482906602924848 0.000123308737792449 -0.000493788268761808 0.999999872759455788 -0.000103219270388964 0.010332012945462992 -0.000482957515083697 0.000102980792151872 0.999999878073490112 0.008040186244385980
0.999999727326001064 0.000420198006503396 0.000607273874602561 -0.000360640012219079 -0.000420061471724149 0.999999886474641775 -0.000224942355784454 0.010470046387054016 -0.000607368325991055 0.000224687202091017 0.999999790309666903 0.009539135143631262
0.999999688726488145 0.000540526273398809 0.000574785416071165 -0.001200351945544006 -0.000540380506470724 0.999999821805638733 -0.000253727410980734 0.012955378835365116 -0.000574922459979561 0.000253416729167863 0.999999802622043688 0.007530818936226028
0.999999793776929602 0.000544996254153114 0.000339742816445582 -0.000813747952002073 -0.000544909855998095 0.999999819190842909 -0.000254345297402854 0.014242217273075121 -0.000339881372251316 0.000254160115741800 0.999999909941640119 0.006840581900453064
0.999999777697771486 0.000442615979014075 0.000498693796644806 -0.000494668651501406 -0.000442444579899507 0.999999843037971625 -0.000343754019471691 0.015183399826820850 -0.000498845869390684 0.000343533298687052 0.999999816568818867 0.006533490489141451
0.999999703382183358 0.000110505568677015 0.000762249345436818 -0.000296041178038908 -0.000109998660064359 0.999999772819892940 -0.000665026659039301 0.015806864541150226 -0.000762322661418073 0.000664942615373913 0.999999488357608213 0.005769599010244319
0.999996672035669665 0.000978982197617726 0.002386946049277131 -0.000501563990967054 -0.000978486852905570 0.999999499507662537 -0.000208681343494428 0.011820900852133252 -0.002387149149949180 0.000206345053682548 0.999997129466207335 0.008119611109405756
0.999435987170419815 -0.003758150619581996 0.033370403842459997 -0.001282222862128323 0.003796056345453630 0.999992219685277406 -0.001072625346536555 0.008268154405070598 -0.033366113122605012 0.001198696305336296 0.999442477395401263 0.001334532761301492
0.996594470705049362 -0.013687620460200296 0.081314881825284194 -0.004893339356002679 0.012982489883235013 0.999873454461592703 0.009194020854506421 0.007291553601778570 -0.081430436057742736 -0.008107040716494811 0.996646055515330365 0.012011367103907683
0.997503363053158454 -0.018132534766508637 0.068251387389416565 -0.012036272886356251 0.017610305752650806 0.999810926512936682 0.008245505238692588 0.010182331285764564 -0.068387994772013974 -0.007022991405698051 0.997634081095257308 0.032418324385115084
0.995293447581787172 -0.011162287144553263 0.096261916386817720 -0.012109928544463584 0.010095912187130055 0.999882237803112583 0.011557814799929921 0.011464897770556636 -0.096379592019627813 -0.010531565483927887 0.995288933109671370 0.053435224254627052
0.996306610775614887 0.004776710718638317 0.085734009351702431 -0.018968558043592345 -0.005450076269654753 0.999956101585135704 0.007621782686007708 0.011515175587944525 -0.085693838713540540 -0.008060889365834675 0.996288907932417644 0.083198029981155955
0.996165848459459435 0.011062768609368407 0.086782587618374568 -0.027160926710245718 -0.011541669038470440 0.999920798801343436 0.005018565560954502 0.008697621519223032 -0.086720195103860892 -0.006000939524671008 0.996214633744139211 0.113723299669736017
0.996184104104263501 0.015510258060598808 0.085887499817374952 -0.040525618099577838 -0.016076888692505859 0.999853294544935434 0.005909571694079916 0.006206390486272278 -0.085783240670627092 -0.007267825158348472 0.996287315154374964 0.147059738898923237
0.994294383749091182 0.018533700603553541 0.105048466847226199 -0.053160716271087934 -0.017749096249694264 0.999807194730236604 -0.008398984937105627 0.002121905613740892 -0.105183877221435559 0.006486548203203098 0.994431634988083735 0.179394649151687791
0.991427106674943270 0.019933964163777303 0.129131441651008733 -0.065969907460147012 -0.019491607237661544 0.999799026779236710 -0.004688635044854946 -0.001275374957976364 -0.129198952772239500 0.002131460534080802 0.991616401376332779 0.212711560255139598
0.988707423153516451 0.022715572366023912 0.148127087911756300 -0.080996008190918345 -0.023066552592663239 0.999733719206262639 0.000651792531022820 -0.004779134342628015 -0.148072838672807044 -0.004061213377492868 0.988968119300758453 0.248443825284710984
0.984536939508017350 0.027364580078534782 0.173026571662597078 -0.095671300414672769 -0.029115256977158131 0.999547262650190338 0.007587591163566570 -0.002133172055082485 -0.172740604825097316 -0.012507976880249107 0.984887929644293392 0.284115231762158860
0.979123530270367581 0.035649334505202884 0.200115560165192247 -0.103742485552496627 -0.038511907206892140 0.999203719444117788 0.010428808768433700 0.002107352036232310 -0.199584431943426538 -0.017917923941600519 0.979716797103858283 0.315029501312185878
0.977364348963598251 0.039121623825060216 0.207914472618555446 -0.110521392461789603 -0.044089895016963219 0.998840857644150093 0.019313784147387447 0.002286922071879725 -0.206917883548896564 -0.028043531339494204 0.977956312836956942 0.344925119102670819
0.977801995980432492 0.038519588496407332 0.205959942607171709 -0.114703451157157341 -0.044644334685212263 0.998685771742525707 0.025171664616201898 0.007143746582676522 -0.204719662067903929 -0.033807848513373956 0.978236622367870567 0.370535293693540768
0.979368143798540203 0.042576596782829719 0.197548151899717750 -0.119654207662512113 -0.046349222789557158 0.998819895423861626 0.014510894261561425 0.005492462186351348 -0.196697199927720445 -0.023367710881867631 0.980185779140227975 0.393008032874095359
0.981219395034363839 0.038959519882160433 0.188919704157476831 -0.126183419772127964 -0.040562162950786650 0.999166322751881109 0.004622814644528180 0.006448775576970864 -0.188582103459344341 -0.012198987213509944 0.981981657143255249 0.416128099683000463
0.982062151618224188 0.038118310669717007 0.184664357012042063 -0.131948149320130492 -0.038717284702697724 0.999250139071056087 -0.000362535136747542 0.001869015978722139 -0.184539703652721404 -0.006793670448444377 0.982801579067516307 0.440303521984699520
0.982741379543590532 0.042064488282481022 0.180138723650117766 -0.136225121484441547 -0.042372687825471170 0.999099585788608358 -0.002138458200754941 0.005003938872145387 -0.180066477333249458 -0.005531410540199078 0.983638890669858545 0.465966110323525418
0.981073464744686818 0.042828740125774596 0.188840026988704057 -0.138227973628866629 -0.042471787157744821 0.999080018561232630 -0.005938333715301627 0.003263206460024334 -0.188920629020450925 -0.002194431800245907 0.981989908501910813 0.495047787286594709
0.982281256088344157 0.041356597552223547 0.182792685237698149 -0.137409812787851165 -0.042833491492563942 0.999073658766787553 0.004137192876925811 0.005795913564839051 -0.182452256615425912 -0.011893535943858332 0.983142775927632329 0.525157847012210355
0.981259261940809702 0.029390221557556519 0.190437590123838013 -0.137124075659211919 -0.029705242994077504 0.999557980566500692 -0.001200843237848261 0.009478745113825291 -0.190388706056950768 -0.004478656340557566 0.981698569950747668 0.568511799523011896
0.982043578843779796 0.027462493927988576 0.186644637423516363 -0.134687588297667304 -0.027353223291138502 0.999620832065023390 -0.003161214515877474 0.012650124119767979 -0.186660682596217403 -0.002000882026873819 0.982422407136476439 0.623569429977857137
0.981789404848453562 0.029884346908128207 0.187607276876974816 -0.130831529857815321 -0.028943248078626468 0.999550979181428101 -0.007754250970100544 0.021326083765956936 -0.187754768029944674 0.002183077488974697 0.982213511032453024 0.683012775306929276
0.982386720356982601 0.027319190115544983 0.184851274049389225 -0.125782487611987126 -0.025682561367686423 0.999606925582083417 -0.011242791909936649 0.022609471431501667 -0.185085757712058208 0.006297315282390213 0.982702196045367238 0.746270837850875890
0.983580477037606205 0.028972284006409426 0.178129312438820603 -0.122782811413962578 -0.025924313311729976 0.999475350291825326 -0.019415306805410780 0.032636061742401190 -0.178598362729870147 0.014478636623830391 0.983815528395300731 0.813369324803343119
0.982773581658818673 0.036307014380570844 0.181212273039842137 -0.121290079568498022 -0.032249042702077672 0.999159834412122860 -0.025290799559106125 0.034821674038975174 -0.181978258147221655 0.019011207334315557 0.983118755571978031 0.886671531793509771
0.980924222154366920 0.044024945179542807 0.189339574819392509 -0.118558591232293467 -0.041139016535085393 0.998969950823826558 -0.019147288830733841 0.037278141340860931 -0.189987504087442693 0.010992795503411550 0.981724964915145715 0.961336387084291033
0.983252940463537173 0.048370210660168146 0.175709925133723355 -0.120848329835595264 -0.048373726457821557 0.998820197016498934 -0.004265749700345139 0.044874373854542765 -0.175708957251449083 -0.004305432918197249 0.984432743050024373 1.036146486674430101
0.982839020670982833 0.053192147058389781 0.176629711367657039 -0.121789102422716941 -0.054331985242662119 0.998521613166199584 0.001619697367311865 0.044104840247024213 -0.176282429147360975 -0.011188544645715396 0.984276039352079524 1.111402104426175930
0.985220695281454395 0.050185105967245645 0.163773125781319528 -0.124157267455193135 -0.051693712161587878 0.998650668589601498 0.004960065372225865 0.045756163769468089 -0.163303220152214046 -0.013352799878608913 0.986485560473806089 1.173336937643432831
0.991854974456515048 0.039887803737923007 0.120965585018346353 -0.132344250979996497 -0.040826000381496814 0.999152286139839085 0.005286472773319897 0.045604249654295964 -0.120652175026875766 -0.010181955337653273 0.992642624738020229 1.235475702015111032
0.992218680152625265 0.023273208707907295 0.122312912289015654 -0.138063788204551813 -0.022836914523878111 0.999726860334770207 -0.004967902999444057 0.045049050587799962 -0.122395122824446465 0.002135996634123791 0.992479154152452581 1.291158784805830351
0.993319200816421444 0.014780563201962407 0.114448679506836584 -0.143851677867742916 -0.014455780146505297 0.999888784553180532 -0.003667280343693702 0.043225363410163267 -0.114490155514706607 0.001988335031158919 0.993422392949757316 1.333501810077531990
0.993641938957721793 0.016001940525136711 0.111443416332097145 -0.151854214845204560 -0.017048330311128540 0.999819020630868249 0.008442773142399451 0.041577955562174820 -0.111288146619223594 -0.010289017648024180 0.993734916634157917 1.370608678711626283
0.995815986449810620 0.007859417155183129 0.091042576265017272 -0.160126201970950260 -0.008670443708226264 0.999926146803653659 0.008516122609526883 0.042238389058024080 -0.090968920719623536 -0.009269870569691278 0.995810586890262028 1.390162217191227789
0.998030359986862625 -0.007030156884310178 0.062337608541516328 -0.172108194346529131 0.006332267917651822 0.999915129176215167 0.011385816946186842 0.039865695735007915 -0.062412361976714369 -0.010968652546916794 0.997990173164942873 1.414216417214720911
0.999202587835915979 -0.021872502743572070 0.033403324471392756 -0.186231875881812337 0.022092642959141710 0.999736481992713033 -0.006235519217645511 0.040955767389589545 -0.033258135682695741 0.006968514659966823 0.999422501354830017 1.433629230124688236
0.999429943744734706 -0.031313743307571439 -0.012618915423444061 -0.205048326872113912 0.031222356457886742 0.999485253149741681 -0.007375174127671958 0.044997328560352330 0.012843364185958729 0.006976977588064112 0.999893179184717984 1.451238021703004311
0.998919788696630340 -0.034393222097557324 -0.031246792219803268 -0.220121468929357827 0.034304919785838092 0.999405772169598916 -0.003357831528672894 0.051522480291223520 0.031343711151787329 0.002282285660435706 0.999506059483081577 1.463441213554000253
0.998706327282833817 -0.042435351904540758 -0.028016294436828942 -0.232169355092007812 0.042414379177152878 0.999099203083203657 -0.001342697852885095 0.057569178587763697 0.028048035301068839 0.000152667105922994 0.999606564808627529 1.472100202305965055
0.998133997501988168 -0.053329072579317315 -0.029741100324818245 -0.240925185691956728 0.053537382462813136 0.998546275312073295 0.006251778900084012 0.060975820527821981 0.029364463382317529 -0.007832373727994134 0.999538084423026607 1.476754077261160925
0.996455149051706957 -0.073736204656138407 -0.040498247508360168 -0.251603614546465737 0.073773008745873905 0.997274886209136624 -0.000586955820161496 0.070391318281302240 0.040431165070048881 -0.002402802418361045 0.999179437054034225 1.482908133915931792
0.994379947632803241 -0.091751821034675926 -0.052821615675822241 -0.261027128423118149 0.091560606848512346 0.995781225886930743 -0.006033692455991269 0.075166818824359397 0.053152375481398971 0.001163403602423842 0.998585735664565877 1.485348084368233623
0.991512698198888653 -0.112867815474813601 -0.064524611895794823 -0.267946437849239882 0.112346614355248023 0.993600650455138901 -0.011661288866930073 0.077957708193301264 0.065427880550058284 0.004313194299847558 0.997847978803213853 1.492358496096607867
0.988748224896416561 -0.134338315684721460 -0.065803986985419588 -0.272234594458271528 0.133750806308911646 0.990926095870457768 -0.013273821403357356 0.080290116335735282 0.066990070726199086 0.004323131032520611 0.997744276336464120 1.497082339918291538
0.984273227642718185 -0.162991315040591195 -0.068117872596877210 -0.273645458319455748 0.162391335398815367 0.986622926812689705 -0.014291762485822167 0.087183067818742382 0.069536087991596857 0.003005246895089980 0.997574909948082289 1.502584022190506463
0.977596358756337436 -0.197096679811272685 -0.073880025404183730 -0.275224734475813193 0.196151401812879628 0.980371440344946166 -0.019911467118666808 0.097375059608303269 0.076354350977481389 0.004973707203703328 0.997068340347570858 1.503282559395884954
0.968816611978743025 -0.235788372575901184 -0.076146015733177586 -0.276189840313724289 0.234370057319578717 0.971767353224660235 -0.027182484043136404 0.106156238813558720 0.080405525842734887 0.008488496023795165 0.996726089178570307 1.503925642710398858
0.958645684251669961 -0.274449976261433859 -0.075336993540660036 -0.278378581038379702 0.272433200697040356 0.961498853113954111 -0.036056991257126400 0.120411060273636003 0.082332273280975116 0.014041580774570012 0.996506011414752035 1.501166000557360380
0.947834437740096125 -0.310447140760126583 -0.072335685714433773 -0.282554538987804416 0.308041386492735492 0.950418180085302544 -0.042612054291877713 0.135008629563012711 0.081977941188763337 0.018106787600315248 0.996469649011573644 1.498200555252012123
0.936336043890535263 -0.344793043911478470 -0.066276464764484636 -0.284678566704427538 0.342162479045451384 0.938415044951092403 -0.047979592983992195 0.150442605002489821 0.078737861571747905 0.022247702795924588 0.996647073379244075 1.493843184383423894
0.924946512623131323 -0.375975330272215802 -0.055825619683123127 -0.287227839501547011 0.373663595484327760 0.926338270979088163 -0.047675204553280212 0.165203319016047706 0.069638108791315503 0.023237012419214345 0.997301646974373623 1.488176472533985439
0.914320326416486751 -0.403122023364078097 -0.038871261627320457 -0.285870637758170176 0.401412797643737718 0.914788292997328334 -0.045057129101405191 0.173930898049971472 0.053722496121044079 0.025593227109622068 0.998227869845677906 1.481523844353415553
0.906856490545608129 -0.420970318398159959 -0.019882066870774030 -0.283682620223045689 0.420055018688975046 0.906691749498696353 -0.038260327562590797 0.182314176187572508 0.034133368270754021 0.026345064409557965 0.999069992919289551 1.474099526141787964
0.900578834592143385 -0.434692370128158867 0.000553206127307426 -0.280140814256310877 0.434502531951969084 0.900146435059985928 -0.030723690795954522 0.191504979181123275 0.012857387447829135 0.027909475114396488 0.999527762889483418 1.466186853596225026
0.892760946779790232 -0.450025027114006271 0.021339326978359555 -0.279318874089421243 0.450434365290284244 0.892547651302315836 -0.021623429891146333 0.201823641585612640 -0.009315281551845956 0.028916519945465482 0.999538423675574994 1.456888952894475286
0.883412177607805660 -0.467197848131477245 0.036181420032257938 -0.278139277460983714 0.467880485482729092 0.883696115858309872 -0.013001004629688680 0.208298557125166789 -0.025899338962206409 0.028413826181149904 0.999260666054192392 1.448328432643362751
0.871785367196501904 -0.487269330243262744 0.050585307613389925 -0.277341024609794151 0.488345504770870742 0.872582714445454766 -0.010866205459313242 0.214156941651385685 -0.038845096371904801 0.034176106496830817 0.998660629159162649 1.440001432612410870
0.856280501531718086 -0.513000300561124223 0.060119833006952984 -0.279642784467567407 0.514376708638868974 0.857516512187887048 -0.009057203484731834 0.223001583955735688 -0.046907401403529760 0.038679748568416078 0.998150075261356795 1.433527009816772058
0.838945856626563846 -0.540342875006628365 0.064802986649461158 -0.282186570030668882 0.541861674629790846 0.840436561554117834 -0.007232673813204544 0.234151675350309063 -0.050554675515898366 0.041182076594808603 0.997871866198672630 1.430301380202339212
0.821864790866211337 -0.565881421821406771 0.065699938902707283 -0.286027825331414187 0.567532782394214008 0.823309857361821607 -0.008210948711097406 0.244512476310865451 -0.049444983995529782 0.044035158773842821 0.997805641570263080 1.427739153387104443
0.802703695738191225 -0.592658665194346623 0.066501755001667967 -0.291160982192297801 0.594445667806965172 0.804082170459855528 -0.009284997258815857 0.258458496225312417 -0.047970041419387634 0.046984781776872431 0.997743105918353024 1.426986546117590793
0.784489184731025357 -0.616452350647076375 0.067551598217524822 -0.294469398008286920 0.618168513121991503 0.786023226671684783 -0.005930979444946936 0.270020874154315083 -0.049440958977290922 0.046411060258564681 0.997698153281382782 1.429299088717510546
0.766511792618397081 -0.638310782837226864 0.070845015990221194 -0.301476876367896274 0.639992491995439283 0.768379952623878704 -0.001363303044118098 0.289274510776865779 -0.053565678996868572 0.046385266189267818 0.997486403473328176 1.431323655183156296
0.745660569145565888 -0.662064303383182340 0.075240772239850415 -0.306644071871287893 0.663550746795672275 0.748100897031841461 0.006741979461304677 0.302864779077925250 -0.060751313141472876 0.044898842366951991 0.997142603595741583 1.431794214048301761
0.722057591281928590 -0.687517271654856432 0.077154624283956613 -0.310411134923436471 0.688659000675298283 0.724931715994717285 0.014926082334313804 0.314561283331529440 -0.066193773582079479 0.042355735399277630 0.996907405939864932 1.428762832748710077
0.695266272202298419 -0.714540495849638524 0.077696142303642537 -0.315644104868770148 0.715455426508079140 0.698363499467191229 0.020296681799656685 0.322355544248469128 -0.068762950911501627 0.041476528336961901 0.996770462132107737 1.427249607973165357
0.667194734274708434 -0.740951125324996074 0.076437009594292185 -0.325298720087031257 0.742084299445566087 0.670066319269524202 0.017944923988980944 0.333672064695801074 -0.064514177298323525 0.044749945924086848 0.996912916591670917 1.427134776877382771
0.639952898438391982 -0.764546618672777512 0.076998413336371779 -0.331074332048861109 0.766069279312555085 0.642611145523927618 0.013739539365022063 0.342081398987587548 -0.059984556961259754 0.050193460972950757 0.996936542314363239 1.427154347755612562
0.607980506549832711 -0.790441418643546667 0.074579268890087633 -0.340180957838950415 0.792029582884649752 0.610359456326185157 0.012266780700945036 0.349735957893665517 -0.055216333552402373 0.051611023686562486 0.997139638537679840 1.428217099565764592
0.574715522095276987 -0.815317842533657133 0.070419346127382695 -0.349093510348778502 0.816578533562532849 0.577006098749799690 0.016231467290177399 0.358187022982425329 -0.053866197077655817 0.048174450197084467 0.997385409538659617 1.428535905807390760
0.541518351900684980 -0.837888471391759926 0.068562264136605655 -0.360343498904062198 0.838892130144473946 0.543890179948111618 0.021058635702947220 0.367142607953705569 -0.054935130257646667 0.046112706109948901 0.997424558449807153 1.429983461700232716
0.505003371503201626 -0.860529416049588325 0.066788613428826818 -0.370252215441294330 0.861097766094957362 0.507601504653551250 0.029177897451945677 0.373370796329881294 -0.059010439726074386 0.042776589237535821 0.997340429049448751 1.429131713321280861
0.468900275124201182 -0.880737385342753143 0.066589714281174772 -0.377458067662962971 0.881387604193895502 0.471474075363865652 0.029463323524722525 0.378993825608202661 -0.057344774494132535 0.044875988227425660 0.997345337643300467 1.429627306082409621
0.431570552490538439 -0.900002578786641694 0.061173657732663096 -0.385374247948115201 0.900383144718898354 0.433924006092963777 0.031939781500939526 0.382659423726597225 -0.055290604347444365 0.041295461174506054 0.997615975191495807 1.429547817669846843
0.399362393552338601 -0.915029196214074969 0.056844073498980477 -0.393041631366679078 0.915148737501508047 0.401591023683334880 0.035034810494044076 0.386526824195578989 -0.054885944152663860 0.038029196320481705 0.997768166139654356 1.429070426799463611
0.366041295103053277 -0.928756699441871003 0.058521479143194735 -0.399328123587200323 0.929225124006623382 0.368192996794812877 0.031218360400833974 0.388297570664303537 -0.050541460150463291 0.042952419641771822 0.997797900605516541 1.431905795648134916
0.335386823394383304 -0.940244297267376461 0.058790646786605200 -0.407060901908409822 0.940965574326276033 0.337372167811472723 0.027637082316953755 0.391599415652426674 -0.045819936995060262 0.046050861472399819 0.997887694849184159 1.432913131334003998
0.302854547909616634 -0.951255421408852775 0.058242991429973814 -0.414271727513467969 0.952122426746794592 0.304674835194532090 0.025221603536728057 0.395028388895446558 -0.041737360916100905 0.047815981004628874 0.997983779760134193 1.433574153754814562
0.269913346340214910 -0.961311064933032200 0.055025647699317379 -0.424150667802251857 0.962210448996171697 0.271421674098821564 0.021939158415070305 0.400891524602030203 -0.036025509156646193 0.047024581515366447 0.998243883739494353 1.435234575862896600
0.237232837561348053 -0.970010560840987246 0.052915901575307192 -0.429344496718231550 0.970852918207228521 0.238648349172599139 0.022171527815751789 0.400131740739879116 -0.034134908687185536 0.046113743007153075 0.998352808737866804 1.435888741621632603
0.205897027607524929 -0.977149202887421131 0.052781145486295838 -0.434102107083415234 0.978058204031985623 0.207239440878102310 0.021306423215551339 0.398434280905284877 -0.031757889540943524 0.047236103152048257 0.998378779327222188 1.436749083890903833
0.175362875535481799 -0.983051339509018907 0.053459571392157471 -0.440807239191672584 0.984104172953881640 0.176580211269110499 0.018931607509545291 0.399239142282901915 -0.028050644532100488 0.049289886159965858 0.998390539049560211 1.438410071874233198
0.149382455302358164 -0.987589352926930286 0.048498990022343730 -0.449451883974888944 0.988399517532938199 0.150504985569263172 0.020362786141196857 0.399389356370798643 -0.027409410582410514 0.044894535348351236 0.998615644233245781 1.438565523748791097
0.120332479841014695 -0.991679524144265190 0.045736371612717250 -0.455584953004408266 0.992397564288601486 0.121362721491793280 0.020449064187335528 0.398488268144039703 -0.025829608772571580 0.042927977183769450 0.998744221553028888 1.436273247422743315
0.092554594610252505 -0.994451412914460486 0.050000343688261097 -0.461957450975078177 0.995439692424285538 0.093577784052505941 0.018520720235609960 0.398438358572411555 -0.023096877770706632 0.048058148988855166 0.998577462469992905 1.435162213108447382
0.069390388564872785 -0.996265967787562934 0.051372126713873589 -0.472290981006205424 0.997319405273928705 0.070477972904995356 0.019668736594902307 0.398837153216285767 -0.023215896253491065 0.049869597587037663 0.998485876413709783 1.435446460059398133
0.046118756468997768 -0.997342036615013416 0.056408530404079046 -0.482814811312733627 0.998700225123872354 0.047261016094294894 0.019085510085901484 0.398571473256325082 -0.021700705962191660 0.055455012021723135 0.998225335784667878 1.435499830003616140
0.025174259240127839 -0.998106208526853167 0.056127116190284682 -0.493568919248037197 0.999484625209319577 0.026248228984195765 0.018480109451952449 0.398113636275961746 -0.019918349376234244 0.055632966623398110 0.998252589469622253 1.433539320970695474
0.010187838156695661 -0.998417949388771930 0.055297434768604548 -0.501379520142174129 0.999741727385303758 0.011293615630698861 0.019721378516995014 0.400601984249705445 -0.020314686271697774 0.055082234742983710 0.998275142902697588 1.430959683627216483
-0.000051418859960739 -0.998457189914542576 0.055526905766759255 -0.503775593416262768 0.999609809803529425 0.001499686739713235 0.027892276425728689 0.401022205624040673 -0.027932516904628082 0.055506673901545296 0.998067524595285138 1.428371552150039081
-0.004048040157547561 -0.998317384269797548 0.057844737319557513 -0.504398891292739626 0.999521969976956304 -0.002266371830855984 0.030833343835616374 0.401042636796072050 -0.030650365483039208 0.057941900412482768 0.997849332951796897 1.429243898337413610
0.002354326143947705 -0.998530052147900915 0.054149719351948795 -0.505036448968147922 0.999461116792089599 0.004122504372049640 0.032565026921351402 0.400686768207861033 -0.032740390484748229 0.054043870283218685 0.998001666790049424 1.430039588952507490
0.016446804660802616 -0.998596151622483608 0.050351053426837100 -0.506133681790604806 0.999350134751325059 0.018032934592021044 0.031210918642124715 0.401298564283945614 -0.032075080497713460 0.049805012144790536 0.998243782838802551 1.430257458847707719
0.033796711103658672 -0.998246519478207306 0.048597002666822646 -0.503036604869851356 0.999035783511573738 0.035106849939339990 0.026363086896850768 0.399307369730907136 -0.028022947417608433 0.047659159003910517 0.998470489789793358 1.431692469242377808
0.057870128256399589 -0.996820571809583833 0.054770392300774184 -0.496091865451978975 0.998130277504375996 0.058852829362313841 0.016501321312735084 0.395247208515733639 -0.019672249098758310 0.053713053285428039 0.998362614745841315 1.433693943059375364
0.083497681556054415 -0.995247704381072906 0.050101338294971751 -0.487175799121945474 0.996468425278968062 0.083836684384671845 0.004699763123544632 0.392174945692475685 -0.008877758545727362 0.049531982350481368 0.998733081522603539 1.437485881397705390
0.106282277482576459 -0.993128209523655325 0.048994254167552723 -0.477439198835925227 0.994334282294438099 0.106061455009088146 -0.007092447767816736 0.389940979279424227 0.001847308068696742 0.049470468055935087 0.998773878434566442 1.442077730619096165
0.125248049381234239 -0.991140575635261589 0.044195989134511719 -0.466556662930747768 0.992057745249627976 0.124594726332146188 -0.017250630725326781 0.388326800051712662 0.011591212895979371 0.046005581178804246 0.998873931126446291 1.445284151570665365
0.147536292228333643 -0.988107258460156790 0.043325376557499261 -0.463782165868686924 0.988869243686965382 0.146514061473162593 -0.025908467353123993 0.387239079548962917 0.019252567762907173 0.046665571559466254 0.998725018744180182 1.448927474391623615
0.170839847939459277 -0.984331076361383284 0.043658658536926270 -0.458497991006898586 0.984965356945804116 0.169461597948572740 -0.033556108792914874 0.385604225748740759 0.025631854646671753 0.048734986713220255 0.998482803606268510 1.453415801525285156
0.196001623755641785 -0.979753361321173633 0.040825414449757333 -0.452140816928152445 0.980108290697990214 0.194409725519608001 -0.039907356820957550 0.382622136236476396 0.031162509369375924 0.047835233910092249 0.998369014145856881 1.455708473993130747
0.224857249980991547 -0.973691494793625045 0.036933590368685057 -0.445096426573546144 0.973747002502591608 0.223168360043401015 -0.044862659224979437 0.378133694145498134 0.035439980928093986 0.046051667093328905 0.998310198139707228 1.458351968948312205
0.253390650793226424 -0.966935665946303202 0.028785343693370893 -0.439426354899748295 0.966505648372499970 0.251800421570859467 -0.049632442623470149 0.373204313098154217 0.040743217283614797 0.040397594206805137 0.998352655441794523 1.460955937203333832
0.282876299607651926 -0.958865346029728283 0.023627257639284811 -0.431050198444379196 0.957866414690091039 0.281132986323320178 -0.058789247398346699 0.367375877220690150 0.049728570550681327 0.039261841324663656 0.997990770040877107 1.464776940501433922
0.316736028664980740 -0.948431598105586193 0.012481660963278469 -0.423878909850436303 0.946706537424264694 0.315293257389118620 -0.065855097320557693 0.363408352128841927 0.058523671652397712 0.032675152024507784 0.997751128436594414 1.467116363424380454
0.345568047587114346 -0.938385882035348007 0.003828953323569119 -0.419192217649706322 0.935951432207015821 0.344371611713392256 -0.073505847356104118 0.357728841737620595 0.067658266578801529 0.028984986504133076 0.997287435758070218 1.469930303212535927
0.375586601841495615 -0.926774193807111457 -0.004929321486733647 -0.415484347256101672 0.923731145538962073 0.374774359468038276 -0.079151438689272643 0.351232270578889283 0.075202894082727262 0.025174852104498376 0.996850415831331604 1.471419734255614786
0.404750649863797940 -0.914330945512615956 -0.013260222955252025 -0.413275460005450401 0.910708150793993254 0.404368659312128731 -0.084241625361104494 0.345921247900693563 0.082386743546534330 0.022020659483795172 0.996357122242670701 1.470731699479343124
0.430092497654659511 -0.902525087496693579 -0.021654327517804745 -0.410813373375081836 0.898560189971767120 0.430274455774084408 -0.086333525968787378 0.340921226328856408 0.087235477066755912 0.017673685167138839 0.996030929436203971 1.472194824137479374
0.457526230111536480 -0.888736970622803435 -0.028571765925736042 -0.408428894670555320 0.884542204548154798 0.458179780857538299 -0.087500724490806647 0.335113051297398823 0.090856134261827384 0.014760943788521719 0.995754627107235057 1.473929574573526580
0.481431267978785327 -0.875844057566808720 -0.033483145569622577 -0.401957133426998015 0.871238243778677646 0.482373898039212934 -0.090880938969013669 0.327858634745984867 0.095748925789136338 0.014581128740690265 0.995298715911395959 1.474170726655672281
0.506227752614269777 -0.861522840302751614 -0.038882619764806198 -0.398317879502374628 0.856976505979670455 0.507581145705964021 -0.089177624562926161 0.322346013488289673 0.096564645093174889 0.011822696836588688 0.995256496164450666 1.474999838111479056
0.529387201082196945 -0.847354274982293099 -0.041712396233973950 -0.393045101033009991 0.842399953217232600 0.530847343277724648 -0.092538732185913075 0.315878745839773933 0.100556005041728416 0.013850299787516389 0.994834990863230351 1.474250234423216677
0.554178442112080782 -0.831070185973301734 -0.046995747515263309 -0.386188857506880978 0.825663130662022238 0.555985251506409317 -0.095712040897333553 0.311600975439580485 0.105672366130437317 0.014238893694596869 0.994299052067710964 1.474039464686746070
0.579694228411217538 -0.813126750950714405 -0.052720853891486646 -0.385330693426565396 0.807368659254244947 0.581917847161576685 -0.097608745555039372 0.308474130949632830 0.110047487934598814 0.014018061319605840 0.993827472127896017 1.474803842926479591
0.604730968532081414 -0.794392443435217088 -0.056930672850991466 -0.383873924715090742 0.788512681776598501 0.607241938440330586 -0.097493481201037582 0.303798792495936831 0.112018776889046684 0.014066769787185254 0.993606521522496955 1.474825313558430606
0.632479836633294656 -0.772256170071210502 -0.059913805080778232 -0.378456825089993287 0.766328624936602365 0.635128139499785638 -0.096709280931604497 0.297976653272943037 0.112737282453889781 0.015253006342271190 0.993507750821519431 1.475463852547734378
0.659717991417143601 -0.749171326713618635 -0.059283176624381012 -0.368874679258648697 0.743440752434390006 0.662128983060719545 -0.094239362321468650 0.290385633023673762 0.109854537549931131 0.018097873386820139 0.993782897598145087 1.475521906551781282
0.687264802731991642 -0.723985338156993619 -0.059264838306135562 -0.359842627441539886 0.718806233952757001 0.689577930926281280 -0.088316902176622997 0.282529086345096048 0.104807866863146679 0.018097163123664120 0.994327815024035333 1.474554227004958307
0.716674459085272386 -0.694742923348260488 -0.060909688493195571 -0.353159380283905866 0.690021194749979916 0.719051933747098859 -0.082674466253861517 0.275368720760595820 0.101234729666431059 0.017221702356725072 0.994713497685288717 1.472637211062199691
0.743213117984285021 -0.666248963082303303 -0.061209316675050474 -0.346901469024918030 0.662086703300250989 0.745557679934532480 -0.076058814108797015 0.268232850933550204 0.096309182163884816 0.016002033695340187 0.995222827485652495 1.471106103822123590
0.766233178963749317 -0.639533819728830166 -0.062315398403229798 -0.339937837463161363 0.635727351046563416 0.768616774959069438 -0.071267021705926664 0.258817859842086717 0.093474331163269142 0.014991553440713491 0.995508816002657837 1.468612781603803930
0.788429870869079896 -0.611916759627883278 -0.062739286000655800 -0.332639371070553691 0.608444747513043782 0.790791318529602716 -0.066663931492190784 0.252402531954855069 0.090406459642821388 0.014386445868194844 0.995801035463476647 1.468430910096412800
0.807452522874385403 -0.586556755696803545 -0.063020597031651887 -0.324302807258272707 0.583119805744554687 0.809748773909692909 -0.065408067546573662 0.242934993770587970 0.089396395073952889 0.016065350857815821 0.995866551827902735 1.470494750178447996
0.824407989040836342 -0.562612746617518811 -0.061792919894851535 -0.315603935984706541 0.559159920606902672 0.826499371420546303 -0.065107389967037743 0.232478698341437140 0.087702056945788268 0.019122928251948678 0.995963183467415303 1.474208032906134225
0.840717472707758651 -0.537870097751441012 -0.062368974889207354 -0.308566960146896108 0.534749198592621378 0.842846987863262953 -0.060433845272083654 0.224763551029732361 0.085073060885479265 0.017456030324110437 0.996221793235271047 1.475755887865423777
0.854142388996479540 -0.516190990146737638 -0.063147771225225163 -0.302710571297331199 0.513158354025327057 0.856291838469648514 -0.058590025296826394 0.217712826779165008 0.084316564288400342 0.017639417836090472 0.996282875455060557 1.476542283060829686
0.866274081364701409 -0.495373743527354360 -0.064607044348384865 -0.297757653308887926 0.492586489008554673 0.868539864621984625 -0.054745359699669538 0.207290308141791751 0.083233207327149852 0.015599929042019973 0.996407986425199010 1.476646518398860630
0.879540688993271980 -0.471349482441518530 -0.065098708184953419 -0.295211247667982790 0.468927479775551270 0.881851163081390110 -0.049452450731448452 0.198904432299418732 0.080716758585730325 0.012968869422929262 0.996652704460939010 1.475251673896886606
0.891846208870122337 -0.447155777315989544 -0.068279210136910740 -0.293585800499180927 0.444783125333742535 0.894375062321490888 -0.047552279816794094 0.191194691664316130 0.082330499466087920 0.012039879997724049 0.996532352785048703 1.474347243266582286
0.903449902771481295 -0.422648949259196882 -0.071736593676414565 -0.290448014052839876 0.419989581241959786 0.906175280137929473 -0.049549100043750641 0.180212910677642585 0.085947802941096038 0.014636507679058438 0.996192123946259334 1.477377588999281288
0.915488765605153021 -0.395334851298964784 -0.074770819168818087 -0.286092876234411042 0.392701787989170159 0.918424764319256126 -0.047762516634127200 0.166347224345579525 0.087553559384296653 0.014363413018562438 0.996056256747377966 1.478772141349351532
0.926837164233812683 -0.367283578072715888 -0.077946419245053591 -0.280406226185261176 0.364924146431374108 0.930037484372270518 -0.043135194607531784 0.154274653168264220 0.088335940286813311 0.011534770938334729 0.996023950873192954 1.479038154395201365
0.938422223041249448 -0.336418190470257672 -0.078654513049379371 -0.277670021390602095 0.334251861354322166 0.941649407876640643 -0.039649537535025425 0.146702451580918436 0.087403801310289547 0.010917589765502712 0.996113137023211581 1.477601722580042409
0.949130355897546130 -0.304819221057047229 -0.078973476484011262 -0.273248880162902885 0.303004536651433176 0.952371013501520314 -0.034317683644670999 0.136121675022741861 0.085672739435867173 0.008642633641454893 0.996285845830047645 1.477320395820831855
0.959354121556514561 -0.271939842278601907 -0.075421426889287213 -0.269017800492048764 0.270755612314639960 0.962304924599065914 -0.025702733171965524 0.125449656585578745 0.079568007720762862 0.004237248384739331 0.996820434117135501 1.474834072024172160
0.968438678429241584 -0.239712286782375217 -0.068297479366278432 -0.265118398156965085 0.239103000280800060 0.970843949600775358 -0.017081591854564485 0.117161421551963657 0.070400862061076083 0.000212342013008657 0.997518758486238610 1.470045035033162861
0.976422223061586880 -0.207620306332173210 -0.059105420309836072 -0.262573061745855429 0.207519315486000222 0.978198943904141083 -0.007909478177742377 0.108751196805914996 0.059459028008282531 -0.004542526098641392 0.998220411254424955 1.463915333214225400
0.983045469506842906 -0.176237227117147954 -0.050616644101806989 -0.261435936808596947 0.176398192072344306 0.984318025730710366 -0.001304628377913087 0.100344034661437098 0.050052799279146402 -0.007646175492030661 0.998717303987803451 1.458219351536550246
0.988025652374791230 -0.147910635033132287 -0.043906198804535598 -0.260584813891581557 0.148095357148206819 0.988972613707798875 0.000966709423571681 0.091272099130126488 0.043279041584962791 -0.007457437901859234 0.999035190160700415 1.453831105428640802
0.992359612905590494 -0.117982600612811100 -0.036090228961648194 -0.257568766777045655 0.118251149782604675 0.992969080189158082 0.005391786660192880 0.084711577159851600 0.035200344443744896 -0.009618302393610955 0.999333990220540258 1.450386546327203208
0.995759138793692267 -0.087182514515006776 -0.029375953970632186 -0.255795504602434276 0.087576863140813976 0.996080413959430477 0.012413781407151523 0.078619724746983116 0.028178547713805357 -0.014933790183675296 0.999491346315459994 1.448272862656144078
0.998175799809486008 -0.055850505968036993 -0.022930190967523963 -0.255316124077352546 0.056282028038910720 0.998241167056818535 0.018625405039035481 0.069530408835827395 0.021849622296967065 -0.019881986222586655 0.999563555072574994 1.447040797077568719
0.999580347111779455 -0.023884573286399265 -0.016390754309092499 -0.255072648587960416 0.024258512318371846 0.999440931068085958 0.023007604956990235 0.058554728487978547 0.015832063920847881 -0.023395565064433532 0.999600917010044610 1.445592773658538110
0.999918425449477399 0.008158291533217940 -0.009827752840646872 -0.255208205342871142 -0.007909825043446492 0.999654628849562354 0.025061079135302058 0.051445007512288157 0.010028814208064922 -0.024981298983496231 0.999637613131217351 1.445250416166515173
0.999118196517341683 0.041948660538344097 -0.001771797667162320 -0.255746061277844827 -0.041896636456999974 0.998854844007405318 0.023101351833431150 0.041819557033208846 0.002738839448483575 -0.023006748618193851 0.999731558107722518 1.443437898609116754
0.997101054973165035 0.075902972764245194 0.005312710885368898 -0.253855887769135369 -0.075997542002008187 0.996892530272748933 0.020728161907156581 0.032128495234781188 -0.003722872688431182 -0.021071825073935756 0.999771032990553921 1.441004396415596300
0.994046770777531896 0.108552229997229632 0.009350447550215002 -0.251489311570378404 -0.108716086755677732 0.993885661874386317 0.019289987066994276 0.020828325730211785 -0.007199304639527187 -0.020191693419359617 0.999770206362224911 1.438985158623543814
0.989635435687209464 0.143146477838087621 0.011436359330512222 -0.253199834315715466 -0.143328796456940882 0.989526739826168011 0.017137306532815397 0.010911076045854760 -0.008863438293998119 -0.018598845435799472 0.999787738677597404 1.440926555883066396
0.983573801613795262 0.179824264470140660 0.015678350894109939 -0.254513841725029777 -0.180077457929833429 0.983512588529084075 0.016586058915522221 -0.000668027518333354 -0.012437279626791087 -0.019136930594873869 0.999739512054461099 1.440092757524017886
0.975664913880487261 0.218187226427280223 0.021732695335630891 -0.253876677090028258 -0.218653697238816058 0.975553019602190763 0.022065054471786416 -0.011854694392037721 -0.016387083522603135 -0.026280033657084291 0.999520296604629044 1.434825312536754716
0.966438352586151961 0.255453598769224743 0.027209732200359629 -0.255882127086766165 -0.256089889020092054 0.966374558165618458 0.023198751515574798 -0.021446385364989690 -0.020368588371320630 -0.029388300496224238 0.999360519733345942 1.431599123000122153
0.956862125637654271 0.288757971460352980 0.032151305390144061 -0.255825438848959641 -0.289512641647662439 0.956923404477089456 0.021909547922477429 -0.032504742613319718 -0.024439779998611140 -0.030272625952783287 0.999242845994677276 1.428373647273541769
0.945273173772660735 0.324119532710192837 0.037485403312293573 -0.253891159656677912 -0.325033359525845389 0.945459681743780034 0.021431411346215297 -0.033497756805701828 -0.028494598454822918 -0.032442544793440588 0.999067334640775795 1.425477839479653008
0.933361552399602501 0.356403135982859887 0.042579539262240507 -0.253803827913677227 -0.357465218461888168 0.933703140880644433 0.020422103212242235 -0.039458056105015606 -0.032478147918195713 -0.034281910261826927 0.998884337917360532 1.420228859965548596
0.920397153368827659 0.387707414916908188 0.050517724503424705 -0.255662654326633154 -0.389049505362605075 0.921004187784757566 0.019793141742742069 -0.052358302841320037 -0.038853088006848113 -0.037871447046347609 0.998527010676700577 1.420351885889400645
0.905556226024893052 0.420612762673259533 0.055252378988756998 -0.255224631237284283 -0.422057804373908163 0.906405377539285073 0.017219214120805487 -0.051993912207225275 -0.042838432214833314 -0.038912664316781434 0.998323932038666761 1.415258079671993130
0.891203399939152208 0.449771927544846795 0.058836324914836070 -0.258593012427824565 -0.451269074215051413 0.892269695886515724 0.014526267919555367 -0.063815662147745200 -0.045964362216629452 -0.039496873232869337 0.998161947987822762 1.414501378739213555
0.875199142788687157 0.480137184327025679 0.059116365656708351 -0.263018871277775568 -0.481423284897281589 0.876442629096674586 0.008940842287752576 -0.071510097954426408 -0.047519272097252062 -0.036285012451691856 0.998211058168926413 1.413960790455299543
0.857260309944783749 0.511296977244245276 0.060664339230432206 -0.265234274301483886 -0.512543899931314106 0.858640121229621966 0.005991064844670048 -0.079877543629830336 -0.049025622245578902 -0.036229039121563743 0.998140243196196320 1.413100045646997760
0.837031631611641846 0.543323279353906119 0.064636381347215041 -0.267302206666885478 -0.544608681471384082 0.838685799618993033 0.002741091651796417 -0.083749144747050877 -0.052720316269403295 -0.037495914838289332 0.997905118046246820 1.413605200349663749
0.815516651352011568 0.574831667716242611 0.067090574286978233 -0.267650313071190249 -0.576098954083095416 0.817379766657665430 -0.000558715505049424 -0.090019270145099708 -0.055159645321165254 -0.038195167877826897 0.997746732732724961 1.411368128999387128
0.792148214016742180 0.606650816988909991 0.066902864488481290 -0.268593439668473877 -0.607654509962001432 0.794174936586417468 -0.006493583047145186 -0.098048644907472962 -0.057071915623325038 -0.035509947122437803 0.997738362549243529 1.414195781847157773
0.765955895302336320 0.639254990305915372 0.068298051367297150 -0.268392478028885162 -0.640187372298711810 0.768152378863041774 -0.010102039215428000 -0.103710545952285474 -0.058921089610227725 -0.035985833546320969 0.997613815553453520 1.415390367633946322
0.736370698535639745 0.672833245101088662 0.071088808014067612 -0.271806311398213152 -0.673726727880614829 0.738844862986152151 -0.014162082411951478 -0.113569321557232775 -0.062052320483624829 -0.037465887493844108 0.997369448497845257 1.416543065993692840
0.706174142345707301 0.704245649803925122 0.073185691323778640 -0.278477577344371729 -0.705235240650607276 0.708799255846418674 -0.015712105397779771 -0.124229179622615565 -0.062939145424546955 -0.040517646079184795 0.997194556909247076 1.421540597998145028
0.674417132435097377 0.734968072822606677 0.070593649922853260 -0.283612728517708801 -0.735747268316386593 0.676982229888232423 -0.019261816646362125 -0.133330604600640362 -0.061947466800361443 -0.038948585943093611 0.997319166069744911 1.421818111249212979
0.639097586095082493 0.765647210534759592 0.073065891137831407 -0.292149945470068451 -0.766479334161679571 0.641891956200142944 -0.022003337669710299 -0.147232704862712727 -0.063747201903237183 -0.041941215598509246 0.997084363874806257 1.425714398279624762
0.606823799657954854 0.791545803707576767 0.072250375788597596 -0.298774140158101220 -0.792343102778602426 0.609610160620921548 -0.023829803752785799 -0.156299012906728096 -0.062906944353101416 -0.042786594870889830 0.997101812079142724 1.426774729264622676
0.574158964236296088 0.815815249259107977 0.069187880899663753 -0.304013968740380502 -0.816500036934240336 0.576789337437730754 -0.025332783197088704 -0.165415632319232953 -0.060573702821197374 -0.041946862748315536 0.997281949717382155 1.429270969921327517
0.543699466157728128 0.836510052038714313 0.068130927910680039 -0.310581512734255882 -0.837168505078224490 0.546296373607533026 -0.026630176272998449 -0.175276857454194440 -0.059496088988046647 -0.042558254445262261 0.997320916442495320 1.428599770999595231
0.511420649833612906 0.856638787236768229 0.067962542074772897 -0.319256600519819911 -0.857338459787425844 0.514018855369259509 -0.027484208087228096 -0.185269791972059533 -0.058478066769265764 -0.044210909585492869 0.997309235483434531 1.429926000620152626
0.478491542211472054 0.875388585714809264 0.068852509266493375 -0.327207945166071823 -0.876261612643033483 0.481084316493244568 -0.026897335043410790 -0.194454717285171191 -0.056669482442464267 -0.047462663478078058 0.997264190340388157 1.428871236148031576
0.446517118317406703 0.892222865105515406 0.067533858414891693 -0.337049942587577700 -0.893166845925893793 0.448966427738334950 -0.026117658827846474 -0.201717651547002191 -0.053623207553149678 -0.048657021556628960 0.997375077824260381 1.427813804194620451
0.415016562793696364 0.907581678570134165 0.063692615982557862 -0.345275660950353391 -0.908335528449935148 0.417314834533379475 -0.027836965242880179 -0.207159947719577714 -0.051844193141190674 -0.046301464363169134 0.997581251846367145 1.427356822977569273
0.379302155948637587 0.923171689907436033 0.062320987204489024 -0.352106625712382604 -0.923834242668425842 0.381606880675151139 -0.030107817832171094 -0.213701841266910914 -0.051576802595251499 -0.046154301801757794 0.997601931563508293 1.431473581370767967
0.345361898096319786 0.936652516700727689 0.058371416819172496 -0.362142049480276229 -0.937036907663394758 0.347602520835196604 -0.033679685058158139 -0.220654897644290443 -0.051836213402477953 -0.043064491953198038 0.997726644183117739 1.431093712594350809
0.309776801704654381 0.949159326150310956 0.055990237608873110 -0.366310527034287126 -0.949515357903731982 0.311889518076886141 -0.033845437191605605 -0.228717007824476515 -0.049587480582888720 -0.042679059216794164 0.997857494672365952 1.430904469020536141
0.278040839901698700 0.959174369751154998 0.051747654625182639 -0.371660465632613679 -0.959365623128434875 0.279985215165213464 -0.035012575572978460 -0.236706046118716984 -0.048071743323103149 -0.039909995005492083 0.998046241309759719 1.430798085178998091
0.246489196363274154 0.968084970944354417 0.045327310838258965 -0.381544161067753962 -0.968058441019481908 0.248157913153687515 -0.035784143277566995 -0.243604809428345198 -0.045890422171622931 -0.035059081146655992 0.998331072331249403 1.432120240958580260
0.215901820025781621 0.975503682408368378 0.042177834430390679 -0.393544984358912053 -0.975335684258915259 0.217492413228683290 -0.037647751581292459 -0.248406610337513822 -0.045898879296971853 -0.033009328918446164 0.998400559436760204 1.432506212512453247
0.187419777538335608 0.981664879771783405 0.034754723565295749 -0.403539701730021350 -0.981168094173076821 0.188773370945151564 -0.040911922452333896 -0.253906356880521156 -0.046722563759090875 -0.026432522479392567 0.998558122390056035 1.432559336532873706
0.159293104499557248 0.986773209128157913 0.030072256413143365 -0.414016160176210790 -0.986174442627559267 0.160457862174378296 -0.041391341783266984 -0.261810284666926241 -0.045669197136407789 -0.023063135374727088 0.998690350518919745 1.432830887559351618
0.131567130903440854 0.990986448043089774 0.025218046330891336 -0.420180712929536293 -0.990375327335270561 0.132503725496714519 -0.039993421146689349 -0.264131407026746812 -0.042974423455841237 -0.019713511214430657 0.998881662863142394 1.434626347843105831
0.105793900206594849 0.994148021980447161 0.021848594266188858 -0.434062080415932972 -0.993534251541126845 0.106587867512532686 -0.039098817292993020 -0.267383108273463121 -0.041198806944583888 -0.017570910376593953 0.998996457158322748 1.437255692959079623
0.083839279394244515 0.996297570503124397 0.019029614819844155 -0.447942129606082762 -0.995801280978579562 0.084471302693603367 -0.035276165078301801 -0.266286105599979062 -0.036753013917769306 -0.015992186554173490 0.999196410090216869 1.437497425169378618
0.071922343396036759 0.997300426298914466 0.014799872445096285 -0.453221339569300219 -0.996881848972251516 0.072359253658810463 -0.031475666785153553 -0.267276412621898773 -0.032461603627249321 -0.012489920492480846 0.999394940039241342 1.437699196616686548
0.067955814788225766 0.997617896964580142 0.011854910054552857 -0.456316448816293962 -0.997240138199612325 0.068276618495833219 -0.029161792303583157 -0.270615540710984093 -0.029901739080715972 -0.009840478784471992 0.999504402680268855 1.439701363586755489
0.074438512296864379 0.997190134713860532 0.008410892719981229 -0.457324767170849911 -0.996886906055854505 0.074630387874439652 -0.025432297184119060 -0.269394417586109769 -0.025988544041177453 -0.006491566454112850 0.999641163189867621 1.440754883139178322
0.088582671038321625 0.996039885670384040 0.007593190726667687 -0.454399683128331289 -0.995723563741693019 0.088750091091781558 -0.025651626472993072 -0.269640685360263643 -0.026223939468088788 -0.005288429341073439 0.999642104712420765 1.441968771885598022
0.109330061401566869 0.993967971050834564 0.008637719547594899 -0.452127301018875660 -0.993656579518393035 0.109517784595311696 -0.025543234664161051 -0.269324394532527267 -0.026335141042020057 -0.005790283446275545 0.999636400379612322 1.441812807431962717
0.138592557786098025 0.990305448876183769 0.009339210481376793 -0.445855423265423156 -0.989988822908384414 0.138790405034319941 -0.025677889065285842 -0.266996802015496526 -0.026725146262402119 -0.005686949667246796 0.999626642882599170 1.440520142805433945
0.173442061330239650 0.984786630252280526 0.010636928026644467 -0.438536028660373112 -0.984500275170120176 0.173656762382880636 -0.024546630494267363 -0.263771684661772365 -0.026020368011304522 -0.006214640377559375 0.999642095298879374 1.440830052700608599
0.209006250704991570 0.977818595773794041 0.013681408011513040 -0.430032903629504026 -0.977558705678121531 0.209287056977373265 -0.024039649220303987 -0.260754802300634414 -0.026369757661528694 -0.008349942555790676 0.999617383972581375 1.440634338402093206
0.247082304782794138 0.968847956644681596 0.016851455979217961 -0.418246649857183739 -0.968611314500161913 0.247436270573130446 -0.023820441370829958 -0.255173808139635250 -0.027248047369728207 -0.010436901372424475 0.999574216856497055 1.439300564363407364
0.285946173540889359 0.957978543559279916 0.022625116957418118 -0.405354251882208472 -0.957784707148629066 0.286461218000427786 -0.024257479957712939 -0.251359950356798922 -0.029719363881332533 -0.014733657445612110 0.999449687952707500 1.440222460811284799
0.325036535207716804 0.945230836004851804 0.029831484135140605 -0.391466486155172655 -0.945049496209892315 0.325821918961657131 -0.026861251600506657 -0.244707808455073006 -0.035109834712869416 -0.019461340901537508 0.999193953002493473 1.439700470390201437
0.367957025799767190 0.929208478150144179 0.034339937368269742 -0.379524111423369004 -0.928925064234848996 0.368983501471798814 -0.030812346192182032 -0.238795606932530546 -0.041301963643939434 -0.020561609262853629 0.998935117023961872 1.436668028272302333
0.413050897490989000 0.909962189110743558 0.036847937128808322 -0.363444317952398677 -0.909584777912000875 0.414212517097173105 -0.032916902508844048 -0.232697927424776296 -0.045216013453654905 -0.019919966585922124 0.998778607629626114 1.435187317384393868
0.455527243734600074 0.889390355673642441 0.038467199667340912 -0.353636062043635069 -0.888815589003631557 0.456810693042264737 -0.036480672504086424 -0.226086724175005499 -0.050017786433056516 -0.017572306534277944 0.998593728742276032 1.435713440394795981
0.496845137287489580 0.866905268829022302 0.040251266194198131 -0.340346974716749462 -0.866271367091993150 0.498200511838956084 -0.037015787982312379 -0.218437869546883989 -0.052142383051840414 -0.016477405131356201 0.998503714069112647 1.434950065761289695
0.537393195113324285 0.842247550557178037 0.042750642408135878 -0.330982010980364283 -0.841614235098927743 0.538842873530909316 -0.036521732212221533 -0.212154661904713326 -0.053796218498341278 -0.016353018845713149 0.998418021496963126 1.435418317915917230
0.576256929587483979 0.816107470139123437 0.043549377555931960 -0.322015352299516000 -0.815365513450947765 0.577732601637342524 -0.037471595645291421 -0.206514693211309913 -0.055740744319230671 -0.013915393938063242 0.998348301563280360 1.435856325921249566
0.615928562148617020 0.786546165613584591 0.044464993962552671 -0.315205303900567335 -0.785733507930425734 0.617419491021705680 -0.037630129176372158 -0.200069898399487967 -0.057051387755862132 -0.011760164329233054 0.998301977204332558 1.433047992631744538
0.651144934002612086 0.757558812996560915 0.045988256913719362 -0.308688005908929752 -0.756621494316501497 0.652697818927671314 -0.038851917652954503 -0.194837095595952581 -0.059449047603682630 -0.009497474311062471 0.998186159351413638 1.432211818898735167
0.683793930878236367 0.728114753579556795 0.047694504021512256 -0.301547800770379515 -0.727211141029948105 0.685394638009062529 -0.037391797901870236 -0.187606368102326782 -0.059915077034063256 -0.009115690220417885 0.998161854478424537 1.429840204105641499
0.710292976718598035 0.702262809599318638 0.048071129359445866 -0.294249410548938439 -0.701321639116128104 0.711879628919100282 -0.037085744396734767 -0.180247324468445741 -0.060264796786257777 -0.007371579455149088 0.998155205408781776 1.428300468135337953
0.733625091590449641 0.677882795894746759 0.047635491167987223 -0.290241796283333298 -0.676937528036322678 0.735148160236886117 -0.036232107810398373 -0.174979521904966018 -0.059580266237799204 -0.005665468227135616 0.998207440537687174 1.426839315431933652
0.754885132288112382 0.654302836470952998 0.045124663283119155 -0.285521120770385162 -0.653200982568581945 0.756232194472615582 -0.037965042006588012 -0.171096646905514904 -0.058965357811080747 -0.000816228637143649 0.998259695845235995 1.424476593566888383
0.774885040875669229 0.630445474961288554 0.045734850255999916 -0.279879230559069270 -0.629390769655964299 0.776233351490228207 -0.036456043478576616 -0.162398491896694835 -0.058484463740179411 -0.000535849861662777 0.998288175010577428 1.422051504714755277
0.794944887883096585 0.604896971107497849 0.046500317993515068 -0.278113249201071500 -0.603923551351688070 0.796303336935296313 -0.034312384185143874 -0.155885295644550476 -0.057783815651859007 -0.000806182782566174 0.998328793894092237 1.422602560888855061
0.815069207425819453 0.577440843765440803 0.047162051033597295 -0.274002824283252511 -0.576530891729791772 0.816432163537240352 -0.032413781376833116 -0.143621280063254614 -0.057221656630080810 -0.000770904241717260 0.998361201028545198 1.421529785262292789
0.835315001219714803 0.548168564849189188 0.041953226913814250 -0.267835868732743565 -0.547216593377583438 0.836357083008871238 -0.032570379689504089 -0.131108549828829912 -0.052941936775435801 0.004249024837089973 0.998588552467130741 1.419805859589633235
0.858673742981380772 0.511156485131978644 0.037395866373997687 -0.261257997184419333 -0.509938658468635508 0.859384925249964127 -0.037684411264033248 -0.121052218124459238 -0.051400075034467078 0.013289016541107956 0.998589722721910045 1.414931023361284401
0.879467773688495824 0.475117427831829642 0.028281881370637908 -0.256592163032854148 -0.474370167030808698 0.879834484237726144 -0.029397703605774622 -0.112322844151480195 -0.038850735830346081 0.012438252151989565 0.999167608666756246 1.407838213648892278
0.905135373757314676 0.423400769296274404 0.038232757323085516 -0.255100163111758094 -0.422250525573555413 0.905813289834741076 -0.034738704806256022 -0.105591057231112131 -0.049340134029602571 0.015299428684856155 0.998664848012514095 1.405315959715111473
0.918564511374301174 0.392617328966743673 0.045726047704871715 -0.250487357879339734 -0.392225606267073312 0.919700263304572330 -0.017620995032181796 -0.103838067887190744 -0.048972566117319490 -0.001748906091575721 0.998798592858123557 1.403264617193613839
0.921843126089549325 0.385620167386784285 0.038759997239845211 -0.242824161910830338 -0.386527324210543810 0.922077089630658708 0.019247556127686315 -0.097478553073444121 -0.028317459633263715 -0.032725025329856106 0.999063158262318618 1.402340078825596636
0.933211007117166313 0.353437505587230694 0.064800816658727958 -0.221155217348802030 -0.354949488889498233 0.934793054046156313 0.013145586489063657 -0.087827512167369823 -0.055929210010921326 -0.035268622759242876 0.997811629375114251 1.397003900250183506
0.945726202489492129 0.310658941284717383 0.095357076951114866 -0.197384429939996942 -0.311468613630064062 0.950233151600131665 -0.006652843260234964 -0.082267980881263900 -0.092678221002391870 -0.023408968365519783 0.995420899696150552 1.392677174593783151
0.962266907627401080 0.265885310120133722 0.057856722578432544 -0.180179659994794183 -0.266171286528612661 0.963921540886287342 -0.002847673279613577 -0.074470369457754051 -0.056526495671503994 -0.012659576522323754 0.998320835407823570 1.380410476637320416
0.974575301042919229 0.216785487345909328 0.056630690206804536 -0.158199618059150893 -0.215285693385294824 0.976044988009980630 -0.031436469334337386 -0.064990159452304325 -0.062089071668976613 0.018445429157178402 0.997900151980393391 1.379042765974224816
0.979573410645469767 0.192927457381278811 0.056700346954811853 -0.132875127811519583 -0.190393524007944737 0.980573487394156618 -0.047179888040322485 -0.053415415274242782 -0.064701152789091471 0.035420784972330130 0.997275853923931366 1.372008288152087419
0.980545539314709003 0.182385583338332463 0.072566826583240401 -0.098152865163148278 -0.178679715643663944 0.982385623052654311 -0.054699605455131327 -0.042728481623503442 -0.081265026595241430 0.040669234192246849 0.995862444739578856 1.372623167150808454
0.981701211060874712 0.175228939608721740 0.074548983394907814 -0.064149359819747648 -0.171496414624631582 0.983710563199928223 -0.053874925705524851 -0.040286756666134280 -0.082775068544264807 0.040104196444790255 0.995760986108117141 1.374718420086777915
0.982345347476605513 0.173204566659064474 0.070695094451539917 -0.022013518586600726 -0.169813967816185796 0.984130221132220040 -0.051487126437299517 -0.033341629090991205 -0.078490984358650220 0.038573124616664671 0.996168298748618675 1.367760933095316211
0.983073617201454142 0.162700427009976140 0.084230838849079268 0.025853961413739999 -0.161624645186775467 0.986659964303886250 -0.019483041551628260 -0.028832582482647515 -0.086277095632022002 0.005539484689478284 0.996255778843303741 1.361027068994340894
0.986120270862679726 0.145126930725647946 0.080653489520712204 0.081119771066080912 -0.144721328771984931 0.989412598638613638 -0.010883319973989123 -0.028305446190479346 -0.081379041479890238 -0.000940017732899664 0.996682782019673530 1.360743822417042725
