           0.0998452  -0.010167  0.0082973 -0.0012003 -0.000239652 -0.000218978  0.000149378 0.1 0.1 0.1 0.1 0.1 0.1 0 0 0 -0.00179739 -0.00144596  0.00153384   0.00172049  0.000190157 -0.000324618 0 0 0 -0.0293182  -0.429928   -9.79953   0.669 1.0085      0
            0.199669  0.0631814 0.00151137  0.0152067  0.00557232  0.00431255 -0.00473656 0.1 0.1 0.1 0.1 0.1 0.1 0.998838 0.999357 0.999323  0.0176616  0.0116588 -0.0141202   0.00147719  0.000213099 -0.000373615 -1.97946e-06 -1.63777e-06  1.67303e-06 -0.0293163  -0.429926   -9.79953  0.669 1.033     0
            0.299512 0.00130543 0.00901348 -0.0244384 -0.00262925   0.0152163  0.00326931 0.1 0.1 0.1 0.1 0.1 0.1 0.998197 0.999438 0.999321 -0.0224298  0.0428696   0.015886   0.00166009  0.000201817 -0.000235983   0.00186571 -0.000919372  -0.00076765 -0.0311155  -0.429077   -9.79956   0.669 1.0035      0
            0.399357   0.0291634     0.01805 -0.00171029 9.41646e-05  0.00982992  0.00545675 0.1 0.1 0.1 0.1 0.1 0.1 0.998305 0.999447 0.999409 -0.00366629   0.0136314   0.0185198  0.00158818 0.000189376 -0.00029954 -0.00104767  0.00128805  -0.0010886 -0.0283135  -0.431211   -9.79948   0.669 1.0125      0
            0.500002   0.0279366   0.0128269 -0.00848867 -0.00356505  0.00998603  0.00196863 0.1 0.1 0.1 0.1 0.1 0.1 0.998449 0.999509 0.999489 -0.0163822 0.00681335   0.003665   0.00158786  0.000203577 -0.000272941 0.00415179  0.0021602  0.0027712 -0.0333044  -0.431884   -9.79943  0.669 0.995     0
            0.599836  0.0263389  0.0136608 -0.0172374 -0.00353911   0.0127418 0.000472247 0.1 0.1 0.1 0.1 0.1 0.1 0.998473 0.999461 0.999487   -0.0115937    0.0113489 -0.000296381  0.00158677 0.000199305 -0.00024761  0.00173273 0.000942467  0.00360546 -0.0309753   -0.43068   -9.79949   0.669 0.9985      0
            0.699662 -0.00166865   0.0197998 -0.00786993 -0.00329427  0.00475477  0.00379519 0.1 0.1 0.1 0.1 0.1 0.1 0.998366 0.999489  0.99955 -0.00635717  -0.0139433  0.00764115   0.00166996  0.000183887 -0.000268943  -0.00283677   0.00852751 -0.000125931 -0.0265902  -0.438122   -9.79917   0.669 0.9875      0
            0.799486 0.00817532  0.0238579  0.0051766 -0.00257439 -0.00217084  0.00884664 0.1 0.1 0.1 0.1 0.1 0.1 0.998485 0.999439 0.999559 -0.00024977  -0.0300831   0.0191967   0.00162328  0.000184402 -0.000297062 -0.00746519   0.0138234 -0.00659917 -0.0221526  -0.443482   -9.79894  0.669 1.006     0
             0.89973 0.0137344 0.0376303 0.0121293 -0.000886132   -0.0022628    0.0149464 0.1 0.1 0.1 0.1 0.1 0.1 0.998556 0.999567 0.999569  0.0077888 -0.0257045  0.0318365   0.00160269  0.000153324 -0.000309258 -0.0121306 0.00932233 -0.0149648 -0.0176907  -0.439517   -9.79913  0.669 1.371     0
            0.999573 0.00420706  0.0192325 -0.0147438 0.00199341 0.00822861 0.00689717 0.1 0.1 0.1 0.1 0.1 0.1 0.998838 0.999596 0.999683  0.0126535 0.00718962 0.00521393   0.00163095     0.000207 -0.000221643  -0.0134629 -0.00587511  0.00411528 -0.0163698  -0.424108   -9.79981   0.669 1.0055      0
             1.09941  0.0298599  0.0234165 -0.0074598 0.00380806  0.0102833 0.00758296 0.1 0.1 0.1 0.1 0.1 0.1 0.998456 0.999423  0.99955 0.0165113 0.0108788 0.0071148   0.00154442  0.000207408 -0.000249891  -0.0142743 -0.00773958  0.00359325 -0.0155879  -0.422342   -9.79989  0.669 0.995     0
             1.20003  0.0318226  0.0338556 -0.0123405  0.0025704  0.0119285 0.00357238 0.1 0.1 0.1 0.1 0.1 0.1 0.998581 0.999534 0.999583  0.00699687   0.0120528 -0.00644458   0.00153837  0.000188246 -0.000233899 -0.00919818 -0.00796517   0.0133748 -0.0204543  -0.421703   -9.79991   0.669 1.0165      0
             1.29989  0.0161077  0.0176289 -0.0127095  0.00219328  0.00825776 0.000776363 0.1 0.1 0.1 0.1 0.1 0.1 0.998656  0.99954 0.999562  0.00347832 0.000193481  -0.0131619   0.00157218   0.00023431 -0.000235175 -0.00757812 -0.00220825   0.0179242 -0.0220121  -0.427037   -9.79968   0.669 1.0135      0
             1.39973  0.0120956  0.0260704 -0.0134105 -0.000152097   0.00618735   0.00574676 0.1 0.1 0.1 0.1 0.1 0.1 0.998577  0.99953 0.999563 -0.00290827 -0.00547794  0.00191644   0.00154561  0.000221805 -0.000233023  -0.00456679 -0.000511394   0.00715335 -0.0249213  -0.429123   -9.79958   0.669 1.0315      0
             1.49956 0.00715644  0.0302579 -0.0210915 -0.00192897  0.00859379  0.00549215 0.1 0.1 0.1 0.1 0.1 0.1 0.998647  0.99954 0.999579 -0.00700664  0.00196044  0.00183583   0.00156782  0.000216649 -0.000213625 -0.00281017 -0.00331706   0.0079009 -0.0266099  -0.426403   -9.79969   0.669 1.0375      0
              1.5994   0.0276387   0.0240553 -0.00900537 -0.0014981 0.00677261 0.00620156 0.1 0.1 0.1 0.1 0.1 0.1 0.998604 0.999512 0.999597 -0.00300973 -0.00407081  0.00316047   0.00149934  0.000230456 -0.000247665 -0.00404374 -0.00166022  0.00714443 -0.0254252  -0.428022   -9.79962  0.669 1.023     0
             1.70003 -5.91056e-05    0.0189629   -0.0141891 -0.00135857  0.00662256  0.00706039 0.1 0.1 0.1 0.1 0.1 0.1 0.998707 0.999565 0.999599 -0.000934751  -0.00338504   0.00464046   0.00155971   0.00024284 -0.000227912 -0.00446782 -0.00185874  0.00636518 -0.0250193  -0.427863   -9.79963   0.669 0.9955      0
             1.79988   0.0262655   0.0351732 0.000302084 -0.00194402  0.00582432   0.0068013 0.1 0.1 0.1 0.1 0.1 0.1 0.998591 0.999452 0.999588 -0.00243775 -0.00595567  0.00393894  0.00148022 0.000211674 -0.00026168 -0.00395394 -0.00155334  0.00745084 -0.0255105  -0.428112   -9.79962   0.669 0.9955      0
             1.89974  0.00456384   0.0213758 -0.00352198  -0.002771 0.00104651 0.00653768 0.1 0.1 0.1 0.1 0.1 0.1 0.998477 0.999501 0.999595 -0.00367813  -0.0161953  0.00218171   0.00153872  0.000235629 -0.000241747 -0.00335398  0.00138732  0.00855262 -0.0260811  -0.430887    -9.7995   0.669 0.9815      0
             1.99958    0.0108902    0.0217433 -0.000650665 -0.00240146  0.00117876   0.0103491 0.1 0.1 0.1 0.1 0.1 0.1 0.998446 0.999487  0.99959 -0.000241164   -0.0121563    0.0114553   0.00152734  0.000221595 -0.000248977 -0.00415457 5.42045e-05  0.00436325 -0.0253234  -0.429782   -9.79955   0.669 1.0125      0
             2.09942   0.0243521    0.031463 -0.00172485 -0.000482124   0.00458816    0.0110335 0.1 0.1 0.1 0.1 0.1 0.1 0.998607  0.99955 0.999599  0.00582931 -0.00320992   0.0108173    0.0014884  0.000201568 -0.000244444 -0.00561648 -0.00273399   0.0044319 -0.0239242  -0.427106   -9.79967   0.669 1.0125      0
             2.20007  0.0217048  0.0245099 -0.0143907 -0.000986777   0.00801145    0.0105654 0.1 0.1 0.1 0.1 0.1 0.1 0.998705 0.999513 0.999636 0.00367162 0.00484689 0.00721369   0.0015003  0.00020829 -0.00021355 -0.00472898 -0.00477156  0.00591361 -0.0247736  -0.425093   -9.79975   0.669 1.0215      0
             2.29991   0.0188609   0.0257458 -0.00865718 -0.000140544    0.0097695    0.0103075 0.1 0.1 0.1 0.1 0.1 0.1 0.998687 0.999511 0.999607 0.00580568 0.00616034 0.00481184    0.0015023  0.000197832 -0.000219442 -0.00499163 -0.00544842  0.00673889 -0.0245204   -0.42441   -9.79978  0.669 1.013     0
             2.39975  0.0364707  0.0219974 -0.0166407 0.00100255  0.0121235 0.00271782 0.1 0.1 0.1 0.1 0.1 0.1 0.998556 0.999527 0.999603 0.00660617 0.00849492 -0.0133403   0.00147199   0.00020521 -0.000194299 -0.00492485 -0.00606289   0.0140697 -0.0245677  -0.423519   -9.79982  0.669 1.001     0
             2.49958  0.0252531  0.0213122 -0.0215138 0.00191613  0.0126535 0.00348219 0.1 0.1 0.1 0.1 0.1 0.1 0.998652 0.999515 0.999589  0.00848346  0.00651895 -0.00873023   0.00151473  0.000207811 -0.000182302 -0.00519122  -0.0060235   0.0121893 -0.0243168  -0.423633   -9.79982   0.669 1.0245      0
             2.59941  0.0294658  0.0242237 -0.0149379 0.00212768  0.0113438 0.00358093 0.1 0.1 0.1 0.1 0.1 0.1  0.99847 0.999499 0.999593  0.00802175  0.00280509 -0.00832168   0.00149974   0.00019644 -0.000191594 -0.00483641  -0.0051364     0.01146 -0.0246571  -0.424513   -9.79978  0.669  1.01     0
             2.70005  0.0037921  0.0216049 -0.0206453 -0.000272693   0.00942613   0.00521508 0.1 0.1 0.1 0.1 0.1 0.1 0.998642  0.99954 0.999565 0.000226301  -0.0017861 -0.00455451   0.00153322  0.000199836 -0.000184091 -0.00307587 -0.00426157   0.0097814 -0.026345 -0.425423  -9.79973  0.669 1.027     0
             2.79989  0.0176812  0.0241956 -0.0152759 0.000974515   0.0095797  0.00548089 0.1 0.1 0.1 0.1 0.1 0.1 0.998538 0.999515 0.999609  0.00447994 -0.00144936 -0.00297246   0.00149379  0.000188831 -0.000201088 -0.00378386 -0.00443396  0.00912609 -0.0256694  -0.425282   -9.79974  0.669 1.012     0
             2.89972  0.0141107  0.0282073 -0.0193873 -0.000753247   0.00664707    0.0063931 0.1 0.1 0.1 0.1 0.1 0.1  0.99865 0.999533 0.999599  -0.00141349  -0.00765822 -0.000536749   0.00150236  0.000184204 -0.000196052 -0.00265676 -0.00338188  0.00850737 -0.0267468  -0.426316   -9.79969  0.669     1     0
             2.99956   0.0271596   0.0339195 -0.00561242 -0.00283037  0.00482893  0.00936448 0.1 0.1 0.1 0.1 0.1 0.1 0.998552 0.999471 0.999592 -0.00633396  -0.0104345  0.00559769   0.00147993  0.000158555 -0.000230373  -0.0017615 -0.00307255  0.00650267 -0.0276071  -0.426694   -9.79968  0.669 0.988     0
             3.09939  -0.0015955   0.0277521 -0.00799795 -0.00245155  0.00305537   0.0104175 0.1 0.1 0.1 0.1 0.1 0.1 0.998508 0.999505   0.9996 -0.00342632  -0.0114883  0.00739459   0.00154597   0.00017689 -0.000218656 -0.00228862 -0.00280485  0.00613132 -0.0271039  -0.426964   -9.79967   0.669 0.9955      0
             3.20002 0.00876132  0.0342875 -0.0114639 -0.00214634  0.00714327    0.010778 0.1 0.1 0.1 0.1 0.1 0.1 0.998518 0.999506 0.999603  -0.0019186 -0.00177176  0.00762414   0.00151229  0.000159818 -0.000202702 -0.00260941 -0.00470316  0.00615362 -0.0268011  -0.425151   -9.79975  0.669 1.019     0
             3.29986 0.00156962   0.023332 -0.0153768 -0.000685585   0.00652488    0.0106232 0.1 0.1 0.1 0.1 0.1 0.1 0.998634 0.999543  0.99962  0.00327995 -0.00143481  0.00700047   0.00152407  0.000179589 -0.000196569 -0.00332821 -0.00449347  0.00672192 -0.0261131  -0.425327   -9.79974  0.669 1.004     0
              3.3997 0.0212587 0.0212715 -0.013505 -3.51809e-05   0.00720245   0.00852316 0.1 0.1 0.1 0.1 0.1 0.1  0.99857 0.999482 0.999609  0.00329771 -0.00132953 0.000314105   0.00148288  0.000180181 -0.000202294  -0.0033762 -0.00473867  0.00844841 -0.0260628  -0.425024   -9.79975  0.669 1.009     0
             3.49954  0.0247906  0.0239116 -0.0114023 0.00141555  0.0106707  0.0065602 0.1 0.1 0.1 0.1 0.1 0.1 0.998649 0.999514 0.999624   0.0073261  0.00655482 -0.00380119   0.00147751  0.000172945 -0.000205212 -0.00378319 -0.00585178  0.00949628 -0.0256736   -0.42392    -9.7998   0.669 1.0055      0
             3.59936  0.0119415  0.0165077 -0.0313038 0.000837283   0.0137312  0.00460773 0.1 0.1 0.1 0.1 0.1 0.1 0.998626 0.999533 0.999646  0.00293075    0.011207 -0.00686411  0.00150713 0.000184948 -0.00017296 -0.00316334 -0.00660208   0.0104554 -0.0262627  -0.423169   -9.79983  0.669 1.016     0
                 3.7  0.0201801  0.0296428 -0.0299985 0.000729451    0.015327  0.00570246 0.1 0.1 0.1 0.1 0.1 0.1 0.998691 0.999508 0.999597  0.00296746    0.011603 -0.00268169   0.00147362  0.000159966 -0.000180668 -0.00302375 -0.00680607  0.00939959 -0.0263992  -0.423017   -9.79984  0.669 1.015     0
             3.79984 0.00424868  0.0215695 -0.0272241 -0.00105031   0.0134409  0.00778605 0.1 0.1 0.1 0.1 0.1 0.1 0.998626 0.999522 0.999627 -0.00185424  0.00590913   0.0019329  0.00148302 0.000174588 -0.00018294 -0.00223854  -0.0059439  0.00825911 -0.0271484  -0.423884    -9.7998  0.669 1.005     0
             3.89966 0.00921998  0.0303711 -0.0320731 1.13207e-05   0.0142507  0.00771833 0.1 0.1 0.1 0.1 0.1 0.1 0.998607 0.999522 0.999568  0.0017735 0.00563406 0.00227427   0.00146942  0.000162844 -0.000174172 -0.00272144 -0.00600297  0.00835061 -0.0266889  -0.423823    -9.7998  0.669 1.026     0
              3.9995  0.0177104  0.0339386 -0.0263685 -0.000542806    0.0130032    0.0078603 0.1 0.1 0.1 0.1 0.1 0.1  0.99863 0.999524 0.999629 -0.000371717   0.00268011   0.00131336   0.00145651  0.000162411 -0.000187929 -0.00243346  -0.0054842  0.00848355 -0.0269613  -0.424311   -9.79978   0.669 1.0105      0
             4.09975  0.0191832  0.0318594 -0.0253158 -0.000425065    0.0120858   0.00525682 0.1 0.1 0.1 0.1 0.1 0.1 0.998575 0.999497 0.999611 -0.000684385 -0.000514172  -0.00423841   0.00145515  0.000176223 -0.000192331  -0.0024049 -0.00510082  0.00995063 -0.0269831  -0.424618   -9.79977   0.669 0.9985      0
             4.19959  0.0181398  0.0261678 -0.0124806 -0.00180628  0.00838015  0.00654384 0.1 0.1 0.1 0.1 0.1 0.1 0.998558 0.999499 0.999618 -0.00312892 -0.00720624 -0.00100318   0.00146009  0.000181791 -0.000213123 -0.00195581 -0.00414606  0.00926277 -0.0274104  -0.425552   -9.79973   0.669 0.9945      0
             4.29945 0.00596004  0.0221909 -0.0132076 -0.0032052 0.00302001 0.00829779 0.1 0.1 0.1 0.1 0.1 0.1 0.998634 0.999508  0.99961 -0.00574278  -0.0172751  0.00259898   0.00149515  0.000186532 -0.000204939 -0.00161781 -0.00297992  0.00854919 -0.027732 -0.426686  -9.79968  0.669 0.983     0
             4.39969 0.00193152   0.027909 -0.0161831 -0.00254961  0.00432053  0.00966471 0.1 0.1 0.1 0.1 0.1 0.1 0.998511 0.999524 0.999587 -0.000982009   -0.0102995   0.00505963   0.00149534  0.000176219 -0.000196744 -0.00206989 -0.00375512  0.00784716 -0.0273067  -0.425978   -9.79971  0.669 1.022     0
             4.49953 0.00582846  0.0300166 -0.0133265 -0.00105955  0.00589857   0.0120576 0.1 0.1 0.1 0.1 0.1 0.1 0.998593 0.999531 0.999611  0.00436172 -0.00544458  0.00938099  0.00147343 0.000169045 -0.00020143 -0.00268693  -0.0044676  0.00675789 -0.0267267  -0.425346   -9.79974   0.669 1.0025      0
             4.59938  0.0165542  0.0247786 -0.0136238 0.000952145  0.00775657   0.0121235 0.1 0.1 0.1 0.1 0.1 0.1 0.998711 0.999471 0.999634 0.00942609 -0.0003196 0.00792093   0.00146165  0.000176215 -0.000200441 -0.00317581 -0.00502669  0.00703054 -0.0262635  -0.424806   -9.79976   0.669 1.0035      0
             4.70002  0.0352507  0.0312089 -0.0092368 -0.000104406   0.00793747    0.0109008 0.1 0.1 0.1 0.1 0.1 0.1 0.998601 0.999512   0.9996   0.00365532 -0.000322481   0.00272529   0.00144041  0.000161401 -0.000206173   -0.002455 -0.00505555  0.00805372 -0.0269416  -0.424739   -9.79976  0.669 1.018     0
             4.79987  0.0286974  0.0250211 -0.0163439 -6.30552e-05    0.0085877   0.00798942 0.1 0.1 0.1 0.1 0.1 0.1 0.998655 0.999544 0.999627   0.00251407 -0.000117574  -0.00436663   0.00146522    0.0001677 -0.000189931 -0.00225843 -0.00515199  0.00951511 -0.0271225  -0.424591   -9.79977  0.669  1.03     0
             4.89971 0.00312289  0.0314433 -0.0245962 0.000533537  0.00988524  0.00888542 0.1 0.1 0.1 0.1 0.1 0.1 0.998686 0.999535 0.999606   0.00415928   0.00365946 -0.000802031   0.00150805  0.000159511 -0.000176489  -0.0024002 -0.00547216  0.00887708 -0.0269912  -0.424314   -9.79978   0.669 1.0015      0
             4.99955  0.0201001  0.0344619 -0.0236122 0.00155813  0.0129647 0.00837202 0.1 0.1 0.1 0.1 0.1 0.1 0.998617 0.999544 0.999629  0.00619344  0.00860496 -0.00166091   0.00147585  0.000157362 -0.000176983 -0.00258664 -0.00608803  0.00896365 -0.026816 -0.423729  -9.79981  0.669 1.009     0
             5.09939  0.0137591  0.0263618 -0.0230684 0.00141314  0.0128267 0.00893281 0.1 0.1 0.1 0.1 0.1 0.1 0.998657 0.999508 0.999587  0.00446719  0.00775246 0.000542383    0.0014814   0.00017051 -0.000180573 -0.00236481 -0.00586132  0.00874126 -0.0270255  -0.423952    -9.7998  0.669 1.041     0
             5.20002  0.0101294  0.0311069 -0.0270863 -0.000873292    0.0118937   0.00677482 0.1 0.1 0.1 0.1 0.1 0.1 0.998553  0.99952 0.999622   -0.004343  0.00320727 -0.00552706   0.00148391  0.000168037 -0.000174501 -0.00150334 -0.00545462  0.00982674 -0.0278329  -0.424294   -9.79978   0.669 1.0115      0
             5.29986 0.00548807  0.0320202 -0.0282119 -0.00151608  0.00978116   0.0069156 0.1 0.1 0.1 0.1 0.1 0.1 0.998632 0.999508  0.99961 -0.00511209 -0.00090576 -0.00466993   0.00149514  0.000173159 -0.000171318 -0.00147091 -0.00492748   0.0096118 -0.0278631  -0.424799   -9.79976  0.669     1     0
             5.39969 0.00854716  0.0252196 -0.0154851 -0.00159264  0.00562852  0.00835411 0.1 0.1 0.1 0.1 0.1 0.1 0.998607 0.999528 0.999631  -0.00300371  -0.00932565 -0.000876563   0.00148955  0.000182715 -0.000190615 -0.00164236  -0.0041254  0.00893746 -0.0277027   -0.42558   -9.79972   0.669 1.0065      0
             5.49955  0.0111935  0.0266262 -0.0128299 -0.00289506  0.00531472  0.00779885 0.1 0.1 0.1 0.1 0.1 0.1 0.998611 0.999525 0.999628 -0.00563733 -0.00886475 -0.00310173   0.00148687  0.000172931 -0.000192286 -0.00134413 -0.00423885  0.00913882 -0.0279823  -0.425465   -9.79973   0.669 0.9815      0
             5.59938   0.0146285   0.0288015 -0.00790754 -0.00170452  0.00406115   0.0110025 0.1 0.1 0.1 0.1 0.1 0.1 0.998477 0.999508  0.99959 0.000287454 -0.00884185  0.00563375   0.00147909  0.000170796 -0.000194365 -0.00192006 -0.00423145  0.00770984 -0.0274469  -0.425527   -9.79973   0.669 0.9965      0
             5.70001 0.00899201  0.0440706 -0.0133199 -0.00133744  0.00354423   0.0144077 0.1 0.1 0.1 0.1 0.1 0.1  0.99867 0.999545 0.999609  0.00197488 -0.00891825   0.0117729    0.0014822  0.000147233 -0.000191862 -0.00206339 -0.00435139  0.00658761 -0.0273168  -0.425457   -9.79973   0.669 1.0015      0
             5.79985 0.00665194  0.0348364 -0.0253686 -0.00265076  0.00485786   0.0154875 0.1 0.1 0.1 0.1 0.1 0.1 0.998641  0.99949 0.999623 -0.00197829 -0.00315194   0.0113614   0.00148868  0.000159872 -0.000176048 -0.00165777 -0.00476325  0.00665043 -0.0276971   -0.42507   -9.79975   0.669 1.0015      0
             5.89967  0.0364223  0.0428085 0.00298573 0.000538873  0.00511627    0.012082 0.1 0.1 0.1 0.1 0.1 0.1 0.998751 0.999533  0.99962  0.00620747 -0.00436689  0.00234135   0.00143698  0.000155304 -0.000220301  -0.0024422 -0.00481412  0.00817943 -0.0269578  -0.424962   -9.79975  0.669  1.01     0
              5.9995   0.0208006   0.0373023 -0.00891179 0.00101761 0.00798048 0.00880231 0.1 0.1 0.1 0.1 0.1 0.1 0.998548 0.999512  0.99959  0.00580892  0.00284241 -0.00604763   0.00146392  0.000162038 -0.000199862 -0.00231576 -0.00536165  0.00937697 -0.0270734  -0.424403   -9.79978   0.669 1.0465      0
             6.09975  0.0284018  0.0372691 -0.0107468 0.00184656  0.0089525 0.00645484 0.1 0.1 0.1 0.1 0.1 0.1 0.998645 0.999526 0.999624  0.00602039  0.00330621 -0.00934717   0.00144798  0.000167231 -0.000198629 -0.00234106 -0.00547743  0.00998027 -0.0270484  -0.424271   -9.79978  0.669  1.01     0
             6.19959  0.0098437  0.0251701 -0.0288003 0.000142145   0.0111413  0.00750451 0.1 0.1 0.1 0.1 0.1 0.1  0.99865 0.999541 0.999636 0.000369399  0.00833349 -0.00551691   0.00148431   0.00018279 -0.000170225 -0.00179875 -0.00582315  0.00933037 -0.0275571  -0.423977   -9.79979  0.669 1.019     0
             6.29943 0.00813244  0.0391139 -0.0268879 -0.000436339     0.011135   0.00947677 0.1 0.1 0.1 0.1 0.1 0.1 0.998653 0.999506 0.999616 0.000239311  0.00739989 -0.00116708   0.00147948  0.000167292 -0.000177814 -0.0017033 -0.0057206 0.00847469 -0.0276477  -0.424107   -9.79979  0.669 1.014     0
             6.40006  0.0171387  0.0299435 -0.0305266 -0.00159906   0.0141866  0.00685256 0.1 0.1 0.1 0.1 0.1 0.1 0.998608 0.999524 0.999625 -0.00352967   0.0115293 -0.00698132   0.00146918  0.000177957 -0.000171283 -0.00136918 -0.00607415  0.00932523 -0.027958 -0.423745   -9.7998  0.669 1.007     0
              6.4999 0.0182953  0.027066 -0.034125 -0.000867141    0.0154268   0.00614499 0.1 0.1 0.1 0.1 0.1 0.1 0.998509  0.99947 0.999579 -0.000755254    0.0137482  -0.00652945   0.00147329   0.00019395 -0.000170152 -0.00163461 -0.00608753  0.00927684 -0.0277113  -0.423734    -9.7998   0.669 1.0055      0
             6.59974   0.019897  0.0460372 -0.0037629 -0.000306086     0.016437   0.00593716 0.1 0.1 0.1 0.1 0.1 0.1 0.998519 0.999498 0.999608 -0.00426299   0.0109915 -0.00540108   0.00147105  0.000191182 -0.000183977 -0.00177209 -0.00604593  0.00909493 -0.027584 -0.423779   -9.7998  0.669 1.009     0
             6.69958  0.0316436   0.134914 -0.0491931 5.07259e-06     0.01683   0.0051213 0.1 0.1 0.1 0.1 0.1 0.1 0.998557 0.999524 0.999621   -0.020717   0.0134603 -0.00271215   0.00144204  0.000194915 -0.000179942  -0.0017675 -0.00591149  0.00918203 -0.0275878  -0.423901    -9.7998  0.669 0.979     0
             6.79941 0.129214  1.85326 0.213745 -0.00112034   0.0113947  0.00839195 0.1 0.1 0.1 0.1 0.1 0.1 0.998371 0.999544 0.999575   0.0174839 -0.00531041  0.00141947  0.00147187 0.000192161  -0.0001692 -0.00170289 -0.00494008  0.00812565 -0.0276485  -0.424843   -9.79976   0.669 0.9865      0
             6.90005 -0.548317   4.46576  0.589792 -0.00501017  0.00751984  0.00401929 0.1 0.1 0.1 0.1 0.1 0.1 0.998579 0.999446 0.999549  -0.107108 0.00109535   0.100983   0.00156512  0.000100333 -0.000175064 -0.00139028 -0.00415681   0.0110804 -0.0279354  -0.425455   -9.79973    0.61 0.9565      0
             6.99988 -0.418671   4.25269   1.04712  -0.012201 0.00639288  0.0264538 0.1 0.1 0.1 0.1 0.1 0.1 0.997883 0.999421 0.999554  -0.0365168 -0.00351627    0.175669    0.0014585 -0.000210234 -0.000415628 -0.00160363 -0.00426592  0.00785349 -0.0275732  -0.425461   -9.79973   0.615 0.9855      0
             7.09972  -0.4914   5.3718 0.612314 -0.0159002  0.0114761  0.0563569 0.1 0.1 0.1 0.1 0.1 0.1 0.998089 0.999439 0.999535 -0.0469257   0.015256   0.282982   0.00143152  0.000293689 -0.000357967  -0.0016403 -0.00507232  0.00533681 -0.0270787  -0.424728   -9.79976  0.631 0.923     0
             7.19956   -0.5072   5.03793 -0.284277 -0.0159576  0.0125003  0.0828797 0.1 0.1 0.1 0.1 0.1 0.1 0.997681 0.999352 0.999515 -0.0435348 0.00526392   0.310259    0.0015995  5.44478e-05 -0.000313926 -0.00275608 -0.00490208  0.00617156 -0.0261529  -0.424625   -9.79977  0.619 0.956     0
             7.29938 -0.357167   4.91926 -0.700292 -0.0261843  0.0114701   0.115064 0.1 0.1 0.1 0.1 0.1 0.1 0.997794  0.99936 0.999547  -0.0921174 -0.00298565    0.322167   0.00153088  0.000234879 -0.000269143 -0.00199331 -0.00487748  0.00634449 -0.0270913  -0.424951   -9.79975  0.622 0.981     0
             7.40003 -0.359109   4.93222 -0.917265 -0.0384137 0.00773304    0.14605 0.1 0.1 0.1 0.1 0.1 0.1 0.997682 0.999282 0.999523  -0.127033 -0.0110826   0.322688   0.00151779  0.000152523 -0.000323221 -0.00191087 -0.00443131  0.00702157 -0.027641 -0.425495  -9.79973   0.624 0.9405      0
             7.49987 0.306246  5.96249 -1.04659 -0.0540899 0.00383836   0.179013 0.1 0.1 0.1 0.1 0.1 0.1  0.99742  0.99927 0.999503 -0.139028 -0.016443  0.320217  0.00160482  0.00016889 -0.00031207 -0.00127911 -0.00421405  0.00687826 -0.0281467   -0.42579   -9.79971   0.622 0.9825      0
             7.59971 0.232414  7.40489 -1.13322  -0.0668245 0.000682737    0.211646 0.1 0.1 0.1 0.1 0.1 0.1 0.997521 0.999243  0.99946   -0.136502 -0.00875193    0.322347   0.00151094  5.91409e-05 -0.000345659 -0.00144276 -0.00391727   0.0066901 -0.0277923  -0.426061    -9.7997   0.623 0.9555      0
             7.69956 -0.291256   8.49218  -1.39425  -0.0788478 -0.00193207    0.244633 0.1 0.1 0.1 0.1 0.1 0.1 0.997143 0.999205 0.999469   -0.126949 -0.00182184    0.316727   0.00166812  3.15547e-05 -0.000355419 -0.00147136 -0.00360839  0.00626402 -0.0273141   -0.42639   -9.79969  0.623  0.91     0
              7.7994 -0.637567   9.94063  -1.68229 -0.0940006 -0.0050665   0.280831 0.1 0.1 0.1 0.1 0.1 0.1 0.996962 0.999074  0.99937  -0.116629 0.00348882   0.318361   0.00160023  -1.5473e-06 -0.000436906 -0.000265114  -0.00308823   0.00516909 -0.0271353  -0.426749   -9.79967  0.587 0.951     0
             7.90005 -1.14463  11.4823 -2.32794    -0.106388 -0.000924178     0.316029 0.1 0.1 0.1 0.1 0.1 0.1 0.996837 0.999146 0.999295 -0.0969907  0.0161376   0.304257   0.00173206 -1.13903e-05 -0.000420151 0.000962755 -0.00352636  0.00413287 -0.0266984  -0.426242    -9.7997  0.559 0.967     0
             7.99989  -1.6902  11.9789 -2.65945   -0.11157 0.00462277   0.344328 0.1 0.1 0.1 0.1 0.1 0.1  0.99685 0.999044  0.99933 -0.0696753  0.0221262   0.280396   0.00161772 -5.63252e-05 -0.000524671 0.000325403 -0.00417443  0.00415861 -0.0260066  -0.425948   -9.79971  0.546 0.934     0
             8.09973 -1.93535  11.8535 -2.62312 -0.116633 0.0037565   0.37206 0.1 0.1 0.1 0.1 0.1 0.1 0.996337 0.999107  0.99914  -0.050361 0.00117405   0.259922   0.00157245 -4.14666e-06 -0.000627629 0.000222215 -0.00389613  0.00387662 -0.0255458  -0.426359    -9.7997   0.535 0.9695      0
             8.19957 -1.46806   11.366 -2.71552  -0.119226 0.00720684   0.395837 0.1 0.1 0.1 0.1 0.1 0.1 0.996479 0.999045 0.999232  -0.0468726 -0.00485466    0.251808   0.00163857  5.04495e-05 -0.000637553 -0.000420309   -0.0045733   0.00413131 -0.0252596  -0.426039   -9.79971  0.547 0.958     0
             8.29942 -0.607634   10.8872  -2.31438  -0.123893 0.00426716   0.417145 0.1 0.1 0.1 0.1 0.1 0.1  0.99664 0.999129 0.999241 -0.0349418 -0.0169763   0.241195   0.00149686  8.03686e-05 -0.000644824 -0.00173565 -0.00432456  0.00518632 -0.0267705  -0.426309    -9.7997  0.543 1.019     0
             8.40006 -0.401036   10.5931  -2.23035  -0.130546 0.00549866   0.440653 0.1 0.1 0.1 0.1 0.1 0.1 0.997172 0.999238 0.999294  -0.0465299 -0.00483325    0.253277    0.0016281  0.000101919 -0.000572337  -0.0017225 -0.00444582  0.00577646 -0.0279125  -0.425801   -9.79971  0.542 1.048     0
              8.4999 -0.307601   10.3921  -2.41869    -0.13593 0.000215342    0.466265 0.1 0.1 0.1 0.1 0.1 0.1 0.996925 0.999064 0.999388 -0.0277444 -0.0101076    0.27429   0.00161373  4.35755e-05 -0.000535612 -0.00206503 -0.00377968  0.00612049 -0.0288884  -0.426193   -9.79969  0.544 1.097     0
             8.59974 -0.186162   10.8317  -2.51513   -0.13781 0.00490365     0.4947 0.1 0.1 0.1 0.1 0.1 0.1 0.996756 0.999229 0.999283 -0.0129867 0.00896655   0.309452   0.00162224    6.841e-05 -0.000465023 -0.00168587  -0.0044506  0.00618449 -0.0287195  -0.425483   -9.79973   0.572 1.0285      0
             8.69958 -0.601747   10.5848   -2.4845   -0.14016 0.00527066   0.530354 0.1 0.1 0.1 0.1 0.1 0.1 0.997154 0.999143 0.999337 -0.0125913    0.03442   0.408791   0.00155234 -1.16861e-05 -0.000513497 -0.00161793  -0.0041553  0.00613884 -0.0288386  -0.425656   -9.79972  0.553 1.088     0
             8.79942 -0.335037   10.9346  -1.79105 -0.136851 0.0102145  0.569714 0.1 0.1 0.1 0.1 0.1 0.1 0.997459 0.999316 0.999492 0.00925755  0.0533489   0.499605    0.0016729  8.50849e-05 -0.000495764 -0.00454372 -0.00462953  0.00759538 -0.030429 -0.426006   -9.7997   0.556 1.0815      0
             8.90006 -0.0923529    10.8147   -1.54745 -0.135647 0.0149655  0.621271 0.1 0.1 0.1 0.1 0.1 0.1 0.997349  0.99928 0.999438  0.027987 0.0553219  0.555307  0.00158864 2.95345e-05  -0.0005711 -0.00515102 -0.00449886  0.00804141 -0.031159 -0.426088  -9.79969   0.56 1.098     0
             8.99989 0.144271   10.811 -1.64159 -0.130538 0.0173237  0.681731 0.1 0.1 0.1 0.1 0.1 0.1 0.997544 0.999275 0.999504 0.0407282 0.0516302  0.602917   0.00160929  0.000104362 -0.000507473 -0.00444636 -0.00426151  0.00719739 -0.0299757  -0.426484   -9.79968  0.588 1.042     0
             9.09972 0.310367  10.6797 -1.53722 -0.127224 0.0271787  0.746043 0.1 0.1 0.1 0.1 0.1 0.1 0.997505 0.999319 0.999438 0.0266733  0.060577  0.658792   0.00161993  8.92164e-05 -0.000446252 -0.00343756  -0.0048132  0.00675312 -0.0291457  -0.425918   -9.79971   0.598 1.0195      0
             9.19956 0.855653  10.3151 -1.44622 -0.122655  0.027511  0.813583 0.1 0.1 0.1 0.1 0.1 0.1 0.997557  0.99928 0.999496 0.0299162 0.0478597  0.691214   0.00155506  0.000105365 -0.000497354 -0.00393379 -0.00428528  0.00658649 -0.0289594  -0.426615   -9.79968   0.582 1.0915      0
             9.29941  1.15918  10.4526 -1.83278 -0.120128 0.0382427   0.88429 0.1 0.1 0.1 0.1 0.1 0.1 0.997334 0.999281 0.999473 0.0324089 0.0492267  0.727752   0.00155643  0.000141206 -0.000415143 -0.00361406 -0.00499878  0.00661298 -0.0287249  -0.425955   -9.79971  0.589 1.094     0
             9.40005 0.705486  10.9182 -2.40079  -0.11932 0.0399912  0.961531 0.1 0.1 0.1 0.1 0.1 0.1 0.997684 0.999395 0.999474 0.00708427  0.0598301   0.749216   0.00161196  9.92678e-05 -0.000354757 -0.00264688 -0.00449231  0.00599139 -0.0282604  -0.426357   -9.79969  0.59  1.1    0
             9.49989 -0.217098   10.1879  -2.82796 -0.119183 0.0432578   1.03683 0.1 0.1 0.1 0.1 0.1 0.1  0.99757 0.999329 0.999515 -0.0133847  0.0578049   0.751882   0.00169305  5.53005e-05 -0.000353188 -0.00302941 -0.00415743  0.00600361 -0.0282862  -0.426741   -9.79967   0.629 1.0345      0
             9.59973 -0.6437  10.102 -3.1668 -0.122011 0.0502282   1.10894 0.1 0.1 0.1 0.1 0.1 0.1 0.997544 0.999372 0.999459 -0.0115245  0.0496814   0.702297  0.00173784 0.000140115 -0.00036677 -0.00296485 -0.00419574  0.00636632 -0.0289612  -0.426372   -9.79969  0.638 1.043     0
             9.69957 -0.846162   9.42774  -3.06434 -0.125476 0.0477443   1.17989 0.1 0.1 0.1 0.1 0.1 0.1 0.997495 0.999314 0.999442 -0.0700197  0.0360363   0.659512   0.00174844  7.41404e-05 -0.000370434 -0.00239992 -0.00351721  0.00562361 -0.0282624  -0.427243   -9.79965  0.654 1.025     0
             9.79942 -0.59963  7.07111 -2.35006 -0.131537 0.0479866   1.23403 0.1 0.1 0.1 0.1 0.1 0.1 0.997171 0.999369 0.999432 -0.0689264 0.00878833   0.566911   0.00167215  0.000110951 -0.000445255 -0.00537544 -0.00309546  0.00752658 -0.0306287  -0.427356   -9.79964  0.676 1.039     0
             9.90006 0.0587689    6.8901  -1.29238 -0.138136 0.0452951   1.28848 0.1 0.1 0.1 0.1 0.1 0.1 0.997589 0.999397 0.999495  -0.0419079 -0.00723133    0.470885   0.00165633   0.00028741 -0.000434471  -0.0048841 -0.00274152  0.00716982 -0.0304423  -0.427587   -9.79963   0.695 1.0405      0
              9.9999  0.136257   6.59906 -0.807132 -0.143296 0.0444236   1.33414 0.1 0.1 0.1 0.1 0.1 0.1 0.998003 0.999418 0.999561  -0.0538068 -0.00390946    0.374926    0.0015723  0.000112596 -0.000401918  -0.0039718 -0.00277595  0.00637199 -0.029514 -0.427663  -9.79963   0.715 1.0195      0
             10.0997 -0.426627   6.38678 -0.880415 -0.148148 0.0429443   1.36618 0.1 0.1 0.1 0.1 0.1 0.1 0.997821 0.999472 0.999575  -0.0361958 0.000378032    0.290952   0.00159634  0.000144075 -0.000367523 -0.00416524  -0.0025568  0.00661497 -0.0299288  -0.427744   -9.79962   0.695 1.0885      0
             10.1996 -0.683928   5.29749  -0.56603 -0.160223 0.0416557   1.39834 0.1 0.1 0.1 0.1 0.1 0.1 0.997853 0.999396 0.999549 -0.118405 0.0045405  0.252572   0.00178889  0.000138806 -0.000241093 -0.00236661 -0.00208653   0.0055831 -0.0296363  -0.427638   -9.79963  0.702 1.089     0
             10.2994 -0.590041   3.64204  0.387085 -0.172621 0.0423392   1.41151 0.1 0.1 0.1 0.1 0.1 0.1 0.997842 0.999473  0.99961   -0.129828 -0.00354206     0.19885   0.00161078  0.000235778 -0.000322662 -0.00426017 -0.00218078  0.00800057 -0.0315729  -0.427626   -9.79962  0.748  1.04     0
             10.3997 0.277714   1.9181  1.30458 -0.186712 0.0387872   1.43407 0.1 0.1 0.1 0.1 0.1 0.1 0.998084 0.999486 0.999633  -0.162815 -0.0160035   0.183421   0.00165771  0.000313354 -0.000292957 -0.00395291   -0.001855  0.00718526 -0.0310096   -0.42789   -9.79961   0.774 1.0305      0
             10.4995  0.423968 -0.650785    1.8986 -0.203458 0.0410218   1.45083 0.1 0.1 0.1 0.1 0.1 0.1  0.99843 0.999501 0.999645  -0.165841 0.00719851   0.152673   0.00150606  0.000328353 -0.000246556 -0.00404978 -0.00214248   0.0072571 -0.0309154  -0.427635   -9.79963  0.801 1.042     0
             10.5994 0.0998491  -1.89445    2.0289 -0.221153 0.0471828   1.46429 0.1 0.1 0.1 0.1 0.1 0.1  0.99864 0.999511  0.99962 -0.152666 0.0290274  0.106146  0.00153696 0.000432916 -0.00011482 -0.00361872 -0.00271024  0.00717005 -0.0311054  -0.427223   -9.79964   0.848 1.0455      0
                10.7 0.0253442  -1.68017   2.46016  -0.23338 0.0558086   1.47137 0.1 0.1 0.1 0.1 0.1 0.1 0.998575 0.999525 0.999643 -0.115069 0.0469915 0.0573188   0.00150218  0.000314526 -3.99445e-05 -0.00391755 -0.00320746  0.00729784 -0.0310203  -0.426664   -9.79967   0.874 1.0445      0
             10.7998 -0.427184  -1.65366   3.03762 -0.242656 0.0632553   1.47764 0.1 0.1 0.1 0.1 0.1 0.1 0.998542 0.999554 0.999622 -0.107225 0.0609313 0.0553711   0.00152359  0.000225183 -5.42035e-06 -0.00430971 -0.00330407   0.0069912 -0.0309336  -0.426329   -9.79968  0.841 1.086     0
             10.8997 -0.225679  -2.26716    4.2169 -0.249966 0.0671946   1.48215 0.1 0.1 0.1 0.1 0.1 0.1 0.998764 0.999584 0.999623 -0.0776801  0.0689217  0.0532897   0.00154865  0.000260893 -4.43229e-05 -0.00447204 -0.00279885  0.00724626 -0.0304723  -0.426386   -9.79968  0.854 1.075     0
             10.9995 0.0294745  -3.01229   5.28818 -0.259807 0.0779563   1.48844 0.1 0.1 0.1 0.1 0.1 0.1 0.998893 0.999565 0.999669 -0.0782852  0.0742206   0.055455    0.0014435  0.000319306 -6.47581e-05 -0.00449985 -0.00345463  0.00699277 -0.0310714  -0.426255   -9.79968   0.856 1.0855      0
             11.0997 0.264726 -3.73894  6.48316 -0.268568 0.0812876   1.48942 0.1 0.1 0.1 0.1 0.1 0.1 0.998927 0.999609 0.999683 -0.0623399  0.0608365   0.036488   0.00140199  0.000359249 -3.33049e-05  -0.0031764 -0.00341996  0.00803588 -0.0303516  -0.426925   -9.79966   0.918 1.0385      0
             11.1996 0.251222 -3.85892  7.72001 -0.272287 0.0836428   1.49593 0.1 0.1 0.1 0.1 0.1 0.1 0.998847 0.999598 0.999643 -0.031862 0.0604358 0.0243028   0.00142432  0.000374898 -1.18403e-05 -0.00364963 -0.00278942  0.00720898 -0.0305159  -0.427053   -9.79965  0.943 1.475     0
             11.2994 0.130057 -3.97119  9.35468 -0.275567 0.0861986    1.4994 0.1 0.1 0.1 0.1 0.1 0.1  0.99914 0.999661 0.999753 -0.0371788  0.0688926   0.020924  0.00142956 0.000354896 5.93409e-06  -0.0034318 -0.00235555  0.00694467 -0.0302872  -0.427406   -9.79964   0.968 1.0175      0
             11.4001 0.237426 -4.31189  11.3323 -0.276163 0.0951321   1.50553 0.1 0.1 0.1 0.1 0.1 0.1 0.999043  0.99963 0.999687 -0.0262517  0.0837115  0.0225251   0.00137985  0.000373819 -1.06815e-05 -0.00519278 -0.00155832  0.00587516 -0.0311368  -0.426341   -9.79968  0.943 1.054     0
             11.4999 0.462029 -4.57311  13.6112 -0.277789  0.106277   1.50446 0.1 0.1 0.1 0.1 0.1 0.1 0.999047 0.999644 0.999676 -0.0255382  0.0909602 0.00802332   0.00132317  0.000450586 -2.69881e-05 -0.00516523 -0.00146639  0.00648522 -0.030801 -0.425731  -9.79971  0.951 1.064     0
             11.5997 0.729707 -4.67138  15.8815 -0.278263  0.115397   1.50429 0.1 0.1 0.1 0.1 0.1 0.1 0.999117 0.999655 0.999668  -0.0196509    0.092897 -0.00163157    0.0012934  0.000497128 -1.45951e-05  -0.00525812 -0.000659475   0.00660648 -0.0303536  -0.424977   -9.79974   0.954 1.0935      0
             11.6996 0.992731 -4.65765  18.0499 -0.280235  0.130621   1.49989 0.1 0.1 0.1 0.1 0.1 0.1 0.999251 0.999685  0.99971 -0.0168523  0.0993418 -0.0125726  0.00120659 0.000555756 2.65418e-06 -0.00581455 -0.00126192  0.00739739 -0.0309115  -0.424414   -9.79977  0.949 1.076     0
             11.7994  1.23882 -4.47055  20.0989 -0.284842  0.145565   1.49601 0.1 0.1 0.1 0.1 0.1 0.1 0.999235 0.999685 0.999692 -0.0207479   0.100557 -0.0296436  0.00115606  0.00060765 5.20333e-05 -0.00653585 -0.00321392  0.00785016 -0.0323164  -0.425306   -9.79972  0.951 1.093     0
                11.9  1.32093 -3.96552   22.024 -0.286569  0.161396   1.48957 0.1 0.1 0.1 0.1 0.1 0.1 0.999288 0.999706 0.999707 -0.0161694   0.103228 -0.0521344   0.0011131 0.000659642 7.75728e-05 -0.00805368 -0.00333873  0.00833312 -0.0336633  -0.424316   -9.79976   0.951 1.0885      0
             11.9999  1.43428 -3.06539  23.7025 -0.28894 0.175798  1.48131 0.1 0.1 0.1 0.1 0.1 0.1 0.999237 0.999719 0.999715 -0.0152222  0.0968357 -0.0803564  0.00109948 0.000691889 0.000104316 -0.00951247 -0.00400322  0.00864583 -0.0352088  -0.424098   -9.79976   0.95 1.053     0
             12.0997  1.51636 -1.94146  24.8881 -0.285517  0.181979   1.47331 0.1 0.1 0.1 0.1 0.1 0.1 0.999315 0.999712 0.999735  0.0100354  0.0674827 -0.0843191   0.0010604  0.00070742 0.000101634  -0.00885976 -0.000838211   0.00848905 -0.0336622  -0.421446   -9.79988   0.951 1.0245      0
             12.1995   1.55851 -0.724295   25.7503 -0.281812  0.188366   1.46578 0.1 0.1 0.1 0.1 0.1 0.1 0.999157 0.999671 0.999693  0.0180555  0.0510378 -0.0877212  0.00106802 0.000724569 0.000137736 -0.00964189  0.00145463  0.00813375 -0.0338048  -0.419133   -9.79998  0.951     1     0
             12.2994  1.64425 0.542722  26.7485 -0.278357  0.197151   1.45762 0.1 0.1 0.1 0.1 0.1 0.1 0.999163  0.99969 0.999711 0.00522344  0.0518014 -0.0845629  0.00102115  0.00073874 0.000128586 -0.0124278 0.00408098 0.00777401 -0.0358474  -0.415867   -9.80011  0.951 0.958     0
                12.4 1.63195 1.54061 27.8718 -0.280094  0.208163   1.44831 0.1 0.1 0.1 0.1 0.1 0.1 0.999022 0.999693 0.999742 -0.0135296  0.0613994 -0.0798725  0.00100651 0.000748091 9.92402e-05  -0.016097 0.00367428 0.00784031 -0.0394897   -0.41522   -9.80013   0.903 0.9715      0
             12.4999 1.92974 2.26973  29.228 -0.279673  0.214449   1.44155 0.1 0.1 0.1 0.1 0.1 0.1 0.999044  0.99969 0.999735 -0.0239876  0.0622241 -0.0547704  0.00101112 0.000810006 5.64117e-05 -0.0163202 0.00634402 0.00767373 -0.0391386  -0.412596   -9.80024   0.881 0.9675      0
             12.5997 2.21011 2.75208 30.9658 -0.279869  0.220684   1.43527 0.1 0.1 0.1 0.1 0.1 0.1 0.998958 0.999701 0.999731 -0.0347513  0.0719198 -0.0372432 0.000979281 0.000857146 2.16173e-05 -0.0158444 0.00929907 0.00791562 -0.0380881  -0.409789   -9.80036   0.866 0.9785      0
             12.6996 2.34778 2.95102 32.8516 -0.283904  0.231202   1.43002 0.1 0.1 0.1 0.1 0.1 0.1 0.998967 0.999711 0.999703 -0.0509633  0.0832869 -0.0305246  0.000970258  0.000925489 -1.40795e-05 -0.0178402  0.0101278 0.00823595 -0.0398845  -0.408503   -9.80041   0.883 0.9285      0
             12.7994 2.49778 2.89176 34.6363 -0.287386   0.24316   1.42782 0.1 0.1 0.1 0.1 0.1 0.1 0.998783 0.999692 0.999709 -0.0617547   0.086776 -0.0202005  0.000953486  0.000982403 -2.56241e-05 -0.0207129  0.0135795 0.00783389 -0.0420674  -0.404543   -9.80056   0.877 0.9425      0
                12.9 2.63884 2.78703 36.5151 -0.292183  0.253628   1.42604 0.1 0.1 0.1 0.1 0.1 0.1 0.998795 0.999699   0.9997 -0.0643579  0.0893876 -0.0151813  0.000921527   0.00104411 -2.07578e-05 -0.0220258  0.0160295 0.00764525 -0.0429369  -0.401891   -9.80067   0.875 0.9115      0
             12.9999  2.6475 2.84843 38.2534 -0.297021   0.26857   1.42582 0.1 0.1 0.1 0.1 0.1 0.1 0.998643 0.999683 0.999687 -0.0594135  0.0981492 -0.0152188  0.000860272    0.0010832 -3.27493e-05 -0.0268031  0.0195016 0.00700949 -0.0470752  -0.397601   -9.80083  0.878 0.922     0
             13.0997 2.64543 3.08871 39.8902 -0.299502  0.279687   1.42826 0.1 0.1 0.1 0.1 0.1 0.1 0.998727 0.999717 0.999667 -0.0517381   0.086771  -0.017136  0.000842011   0.00109887 -1.94955e-05 -0.0281926  0.0240662 0.00583722 -0.0477554  -0.392863   -9.80101  0.877 0.902     0
             13.1996  2.5593 3.50345 41.6509 -0.307436  0.299635   1.43034 0.1 0.1 0.1 0.1 0.1 0.1 0.998748 0.999721 0.999696 -0.0685128  0.0911773 -0.0117887 0.000823224  0.00111701 8.63006e-06  -0.038113  0.0261499 0.00460026 -0.0572603  -0.389154   -9.80111   0.877 0.9035      0
             13.2994 2.42123 3.84576 43.6362 -0.313882    0.3116   1.43105 0.1 0.1 0.1 0.1 0.1 0.1 0.998849 0.999763 0.999674   -0.080879    0.070453 -0.00329215  0.000804779   0.00113604 -1.03049e-05 -0.0414062  0.0291228 0.00394213 -0.0601316  -0.385711   -9.80123  0.827 0.986     0
             13.4001 2.35161 3.99494 45.7975 -0.318127  0.321031   1.42846 0.1 0.1 0.1 0.1 0.1 0.1 0.998893 0.999762 0.999712 -0.0894053  0.0448736 0.00388289  0.000793294   0.00118597 -2.35104e-05 -0.0442966  0.0358155 0.00393228 -0.0621895  -0.378742   -9.80149   0.809 0.9725      0
             13.4999 2.49378 3.77554  48.057 -0.324384  0.326344   1.42828 0.1 0.1 0.1 0.1 0.1 0.1 0.998715 0.999759 0.999679 -0.091905 0.0298925 0.0201206  0.000762421   0.00123801 -5.25303e-05  -0.045582  0.0402634 0.00388076 -0.0629664  -0.374209   -9.80166  0.782  0.97     0
             13.5997 2.85963 3.48997 50.1676 -0.334866  0.337791   1.42905 0.1 0.1 0.1 0.1 0.1 0.1 0.998824 0.999791 0.999672 -0.103547 0.0278567 0.0175154  0.000683251   0.00131667 -4.41142e-05 -0.0536136  0.0439184 0.00359451 -0.0705703   -0.36961   -9.80178  0.806 0.937     0
             13.6996 2.92372 3.21362 52.4826 -0.340471  0.345477   1.42824 0.1 0.1 0.1 0.1 0.1 0.1 0.998967 0.999779 0.999592  -0.099418  0.0247172 0.00704842  0.000657363   0.00137045 -7.32136e-06 -0.0580606  0.0524243 0.00334053 -0.0741801  -0.360738   -9.80208   0.799 0.9385      0
             13.7994 2.75525 3.12215 54.8837 -0.350192  0.353173   1.42859 0.1 0.1 0.1 0.1 0.1 0.1 0.998772 0.999763 0.999572    -0.10427   0.0275431 0.000868678  0.000615508   0.00142253 -2.18241e-05 -0.0627921  0.0561192 0.00292902 -0.0785699  -0.356582    -9.8022   0.796 0.9605      0
             13.9001 2.61455 3.18237 57.1767 -0.358637  0.361997   1.42843 0.1 0.1 0.1 0.1 0.1 0.1 0.998749 0.999765 0.999563  -0.0995865   0.0318731 -0.00237798  0.000603799   0.00146137 -5.19197e-06 -0.0682604  0.0617176 0.00238552 -0.0835752  -0.350514   -9.80238     0.8 0.9175      0
             13.9999 2.40902 3.41657 59.5781 -0.370782  0.371293   1.43071 0.1 0.1 0.1 0.1 0.1 0.1 0.998819 0.999774  0.99947 -0.110011 0.0294561 0.0112304 0.000568583   0.0014977 8.89129e-06 -0.0742119  0.0637339 0.00166591 -0.0893746  -0.347959   -9.80242   0.798 0.9885      0
             14.0997 2.53481 3.36312 62.0084 -0.381322  0.375944   1.42985 0.1 0.1 0.1 0.1 0.1 0.1 0.998833 0.999806 0.999366  -0.110857  0.0185172 0.00656144  0.000522337   0.00153094 -2.95529e-05 -0.0764754  0.0662753 0.00179276 -0.0914644  -0.345279   -9.80249  0.798 0.932     0
             14.1996 2.35544 3.22271 64.3825 -0.386853  0.380738   1.42994 0.1 0.1 0.1 0.1 0.1 0.1 0.998785 0.999798 0.999351  -0.0922362  0.00292544 4.56377e-05   0.00047836   0.00161069 -1.57345e-05 -0.0791788  0.0741978 0.00128008 -0.0937126  -0.337253   -9.80275   0.799 0.9515      0
             14.2994 2.17236 3.18586 66.4552 -0.393529  0.382312   1.43017 0.1 0.1 0.1 0.1 0.1 0.1  0.99909 0.999829 0.999344 -0.0781562 -0.0230531  0.0141735  0.000463594   0.00166429 -3.11406e-05 -0.0810408  0.0778905 0.00108956 -0.0953856  -0.333484   -9.80287   0.798 0.9325      0
             14.4001 2.41717 2.94632 68.4936 -0.400373  0.384131   1.43036 0.1 0.1 0.1 0.1 0.1 0.1 0.999202 0.999829  0.99936 -0.0738215 -0.0395067  0.0159943 0.000451068  0.00170509  -6.108e-06   -0.085647   0.0824177 0.000917972 -0.0997869  -0.328747   -9.80298   0.798 0.9445      0
             14.4999  2.6034 2.66946 70.4559 -0.406254  0.385077   1.43415 0.1 0.1 0.1 0.1 0.1 0.1 0.999168 0.999837 0.999424 -0.0725451 -0.0403956  0.0277436   0.00040303    0.0017538 -1.92189e-05  -0.0899728   0.0875889 8.45736e-05 -0.103933 -0.323396  -9.80312   0.798 0.9355      0
             14.5998 2.71614 2.43007 72.3597 -0.414513  0.389158    1.4357 0.1 0.1 0.1 0.1 0.1 0.1 0.999082 0.999842 0.999589 -0.0785365  -0.032828   0.028077 0.000359298  0.00179996 4.88238e-05   -0.0974658    0.0929953 -0.000209831 -0.111252 -0.317727  -9.80322   0.798 0.9305      0
             14.6996  2.6668 2.10924 74.3497 -0.422291    0.3929    1.4352 0.1 0.1 0.1 0.1 0.1 0.1 0.999214  0.99984 0.999516 -0.0846283 -0.0334067  0.0128277 0.000332285  0.00183522 4.65637e-05    -0.103857    0.0989799 -0.000270318 -0.117476 -0.311582  -9.80335   0.798 0.9625      0
             14.7995 2.63037  1.9832 76.2721 -0.432852    0.3998    1.4359 0.1 0.1 0.1 0.1 0.1 0.1 0.999156 0.999852 0.999639  -0.0879618  -0.0184848 0.000758332 0.000302153  0.00187697 5.82992e-05    -0.113075     0.104755 -0.000939207 -0.126576 -0.305575  -9.80342  0.798 0.951     0
             14.8997 2.69429 1.85888  78.122 -0.437333  0.397599   1.43643 0.1 0.1 0.1 0.1 0.1 0.1 0.999159 0.999859 0.999545 -0.0792009 -0.0372032  0.0123008 0.000287531   0.0019027  5.5041e-05  -0.112095   0.108542 -0.0011095 -0.125541 -0.301851  -9.80355   0.798 0.9565      0
             14.9996 2.77697 1.64801 79.9053 -0.440868  0.394698   1.43808 0.1 0.1 0.1 0.1 0.1 0.1 0.999108 0.999861 0.999675 -0.0671697 -0.0460377 0.00953832 0.000272782  0.00194003 5.73989e-05   -0.111685    0.112339 -0.00137949 -0.125096 -0.298097  -9.80367   0.798 0.9745      0
             15.0994  2.5865 1.58732 81.4375 -0.447412  0.395231   1.43852 0.1 0.1 0.1 0.1 0.1 0.1 0.999208 0.999862 0.999628  -0.065916 -0.0539937 -0.0101553 0.000225141   0.0019788 5.86632e-05   -0.116124    0.116538 -0.00184475 -0.129512 -0.293874  -9.80374  0.798 0.983     0
                15.2 2.42678 1.51416  83.089 -0.456121  0.394528   1.43748 0.1 0.1 0.1 0.1 0.1 0.1 0.999088 0.999869 0.999645  -0.0611666  -0.0568545 -0.00563494  0.00023653  0.00199589 8.28598e-05   -0.120923    0.118621 -0.00213653 -0.134306 -0.291769  -9.80374  0.798 1.009     0
             15.2999 2.68865 1.35356 84.6801 -0.460964  0.393899   1.43584 0.1 0.1 0.1 0.1 0.1 0.1 0.999237 0.999875   0.9996   -0.0501816   -0.0496961 -0.000928106  0.00020209  0.00203056 7.79082e-05   -0.124361     0.12259 -0.00218053 -0.137752 -0.287831  -9.80381   0.798 0.9755      0
             15.3997 2.87177 1.33975 86.0741 -0.46686 0.394794  1.43476 0.1 0.1 0.1 0.1 0.1 0.1 0.999285 0.999881 0.999646  -0.0455696  -0.0435239 -0.00544366 0.000138154  0.00206044 6.29352e-05   -0.128842    0.125894 -0.00234589 -0.142253 -0.284568  -9.80384   0.798 0.9845      0
             15.4996 3.13332 1.27298 87.3674  -0.4781 0.395144  1.43521 0.1 0.1 0.1 0.1 0.1 0.1 0.999257 0.999873 0.999641  -0.0580147  -0.0442183 -0.00407753 0.000148338  0.00207298 0.000108268    -0.13461     0.12576 -0.00269503 -0.148016 -0.284732  -9.80375  0.798 0.956     0
             15.5994 3.21097 1.16274 88.5895 -0.489634  0.394813    1.4348 0.1 0.1 0.1 0.1 0.1 0.1 0.999345 0.999886 0.999641 -0.0697522 -0.0402445 -0.0117596 0.000102941  0.00210224 0.000111453    -0.13945    0.125709 -0.00291928 -0.152849 -0.284833  -9.80367   0.798 0.9765      0
             15.7001 3.15864 1.17906 89.4454 -0.500888  0.395375   1.43114 0.1 0.1 0.1 0.1 0.1 0.1 0.999241 0.999885 0.999694 -0.0584962  -0.028765  -0.028326 0.000122203  0.00212483 0.000135146 -0.143675  0.126148  -0.00277 -0.157069 -0.284467  -9.80362  0.798 0.968     0
             15.7999 3.16386 1.57542  90.022 -0.505749  0.399245   1.42879 0.1 0.1 0.1 0.1 0.1 0.1 0.999292 0.999892 0.999646 -0.0273048 -0.0248889 -0.0100956 0.000121787  0.00214081 0.000155989   -0.147924    0.130235 -0.00308107 -0.161414 -0.280505  -9.80366   0.798 0.9515      0
             15.8998 3.31281 1.76492 90.2493 -0.504934  0.398585     1.428 0.1 0.1 0.1 0.1 0.1 0.1 0.999293 0.999894 0.999669 -0.00233751  -0.0322339   0.0025242 0.000102927  0.00211734 0.000169187   -0.148398    0.132777 -0.00313024 -0.161961 -0.278001  -9.80372  0.798 0.962     0
             15.9996 3.12276 1.87613 89.9106 -0.503665  0.397963   1.42998 0.1 0.1 0.1 0.1 0.1 0.1 0.999282 0.999891 0.999638  0.0172468 -0.0404834 0.00823472 9.24401e-05  0.00212576 0.000178823   -0.149969    0.134952 -0.00360495 -0.163604 -0.275884  -9.80375   0.798 0.9695      0
             16.0994 2.88255 1.83001 89.0923 -0.502575  0.396585   1.43112 0.1 0.1 0.1 0.1 0.1 0.1 0.999289 0.999889 0.999672  0.0376036 -0.0519885  0.0147694 0.000113453  0.00212705 0.000216695   -0.152422    0.136292 -0.00376762 -0.166093  -0.27463  -9.80375   0.798 0.9735      0
             16.2001 2.75283  1.5854 88.0892 -0.502237  0.397351   1.43178 0.1 0.1 0.1 0.1 0.1 0.1 0.999316 0.999898 0.999684  0.0491945 -0.0428821  0.0248804 0.000137437  0.00211894 0.000244144   -0.157064    0.138041 -0.00379331 -0.170769  -0.27305  -9.80371  0.798 0.959     0
             16.2999 3.06074 1.11572 86.7081 -0.49732 0.395403   1.4355 0.1 0.1 0.1 0.1 0.1 0.1 0.999317 0.999891 0.999692  0.0666281 -0.0452758  0.0443729 0.000155683  0.00209976 0.000264195   -0.158667     0.13906 -0.00387944   -0.1724 -0.272092  -9.80371  0.798  0.95     0
             16.3997 2.91596 0.47829 85.2277 -0.488772  0.390059   1.43774 0.1 0.1 0.1 0.1 0.1 0.1 0.999334 0.999884 0.999656  0.0749621 -0.0569237  0.0466038  0.00013707  0.00208985 0.000283639   -0.158034    0.139546 -0.00344485 -0.171779 -0.271599  -9.80373   0.798 0.9665      0
             16.4996  2.85075 -0.15265  83.8935 -0.47961  0.38663  1.44218 0.1 0.1 0.1 0.1 0.1 0.1 0.999391 0.999892 0.999642  0.0712961 -0.0661213  0.0439782 0.000207975  0.00206171 0.000295547   -0.158642    0.141671 -0.00352219 -0.172456 -0.269508  -9.80378   0.798 0.9935      0
             16.5994   2.68646 -0.704427   82.7908 -0.469898  0.384177   1.44609 0.1 0.1 0.1 0.1 0.1 0.1 0.999445 0.999891 0.999669  0.0733535 -0.0629395  0.0373462 0.000221569  0.00201764 0.000286977   -0.159703    0.144712 -0.00370196 -0.173604 -0.266513  -9.80384   0.798 0.9835      0
                16.7  2.70214 -1.14471  81.5433 -0.457993  0.383348   1.44851 0.1 0.1 0.1 0.1 0.1 0.1 0.999394 0.999883 0.999646  0.0880361 -0.0533231   0.028231 0.000266476  0.00197964 0.000270518   -0.160787    0.148637 -0.00375874  -0.17478 -0.262632  -9.80393   0.798 1.0275      0
             16.7999  2.82002 -1.51909  80.1859 -0.455891  0.382801   1.45179 0.1 0.1 0.1 0.1 0.1 0.1 0.999457 0.999882  0.99961  0.0817065 -0.0483311  0.0276376 0.000292319  0.00194188 0.000293848   -0.164812    0.148496 -0.00395566 -0.178749 -0.262851  -9.80385  0.798 1.003     0
             16.8997  2.77582 -1.83717  78.7019 -0.450661  0.381362   1.45679 0.1 0.1 0.1 0.1 0.1 0.1 0.999481 0.999874 0.999666  0.0792195 -0.0461634  0.0346986 0.000316009  0.00189735 0.000314196  -0.167118   0.148976 -0.0044203 -0.181032 -0.262406  -9.80382  0.798 0.988     0
             16.9996  2.66764 -2.08787  77.0157 -0.444534  0.377861    1.4588 0.1 0.1 0.1 0.1 0.1 0.1  0.99939 0.999867 0.999669  0.0774068 -0.0546442  0.0302909 0.000345478  0.00185139 0.000320855   -0.168119    0.149061 -0.00419497 -0.182018 -0.262326   -9.8038   0.798 0.9665      0
             17.0994 2.36249 -2.3796 75.3088 -0.437356  0.371797   1.46155 0.1 0.1 0.1 0.1 0.1 0.1 0.999459 0.999872 0.999635   0.081889 -0.0735989  0.0358605 0.000369436  0.00180109 0.000334665   -0.168373    0.148979 -0.00409251 -0.182268 -0.262406   -9.8038  0.798 0.999     0
             17.2001  2.26799 -2.88735   73.547  -0.4318 0.365549  1.46459 0.1 0.1 0.1 0.1 0.1 0.1 0.999424 0.999867 0.999657  0.0748039 -0.0787718     0.0355 0.000410149  0.00176065 0.000330804    -0.16952     0.14885 -0.00397245 -0.183397 -0.262522  -9.80377  0.798 0.985     0
             17.2999  1.93285 -3.40885  71.5283 -0.423331  0.359486   1.46833 0.1 0.1 0.1 0.1 0.1 0.1 0.999374  0.99986 0.999611  0.0775061 -0.0918593   0.037628 0.000423351  0.00172749 0.000327136   -0.170174    0.149936 -0.00407441 -0.184019  -0.26143  -9.80379  0.798 0.987     0
             17.3997  1.66709 -3.93099  69.7124 -0.41616 0.355394  1.47079 0.1 0.1 0.1 0.1 0.1 0.1 0.999421  0.99986 0.999637  0.0772378 -0.0823799  0.0404216 0.000475554  0.00168025 0.000347995   -0.171955    0.151381 -0.00389653 -0.185726 -0.259927   -9.8038   0.798 0.9725      0
             17.4996  1.50217 -4.35971  67.8866 -0.412669  0.350139    1.4735 0.1 0.1 0.1 0.1 0.1 0.1 0.999335 0.999836   0.9996  0.0602289 -0.0779045  0.0323352 0.000475674  0.00163318  0.00032416   -0.173531    0.151167 -0.00371906 -0.187282 -0.260065  -9.80376  0.798 0.983     0
             17.5994  1.30173 -4.77388  66.0333 -0.410556  0.343651   1.47362 0.1 0.1 0.1 0.1 0.1 0.1 0.999307 0.999822 0.999604  0.0451134 -0.0794508  0.0256283 0.000527195  0.00159038 0.000332627   -0.174376    0.150509 -0.00324744 -0.188156 -0.260642  -9.80373  0.798 0.964     0
                17.7  1.06532 -5.06563  64.4093 -0.40962 0.338857  1.47245 0.1 0.1 0.1 0.1 0.1 0.1 0.999305  0.99982  0.99961  0.0343638 -0.0688523    0.01759 0.000558466  0.00154715 0.000325007   -0.175556    0.150274 -0.00262267 -0.189338 -0.260741  -9.80371  0.798 0.985     0
             17.7999 0.891401  -5.2669  62.6591 -0.407673  0.334279   1.47396 0.1 0.1 0.1 0.1 0.1 0.1 0.999362  0.99983 0.999626  0.0314164 -0.0718135  0.0170409 0.000600713  0.00149229 0.000310366   -0.176522    0.150518 -0.00258466 -0.190256 -0.260412   -9.8037  0.798 1.005     0
             17.8997  0.86165 -5.53052  61.0569 -0.405891   0.32773   1.47551 0.1 0.1 0.1 0.1 0.1 0.1 0.999327 0.999814  0.99961  0.0190236 -0.0756336  0.0114397 0.000638949  0.00144398 0.000315189   -0.176934    0.150501 -0.00257925 -0.190657 -0.260385  -9.80369   0.798 0.9915      0
             17.9996 0.710427 -5.61085  59.4295 -0.399292   0.32057   1.47432 0.1 0.1 0.1 0.1 0.1 0.1 0.999299  0.99981 0.999498    0.0226337   -0.0779601 -0.000238542 0.000656683   0.0014118 0.000295003   -0.176415    0.151904 -0.00233626 -0.189979 -0.259023  -9.80374  0.798 1.032     0
             18.0994 0.815704 -5.79755  57.8421 -0.395448  0.314998   1.47575 0.1 0.1 0.1 0.1 0.1 0.1 0.999323 0.999818 0.999528  0.0338345 -0.0757993  0.0154543 0.000682763  0.00135046 0.000292278  -0.177016   0.152737 -0.0025095 -0.190425  -0.25814  -9.80375  0.798 0.978     0
                18.2 0.845572 -6.09967  56.1289 -0.38877 0.308743  1.47636 0.1 0.1 0.1 0.1 0.1 0.1 0.999343 0.999804 0.999497  0.0444098 -0.0713396  0.0291995  0.00069726  0.00132737 0.000278679   -0.176997     0.15373 -0.00221919 -0.190237 -0.257114  -9.80378  0.798 0.997     0
             18.2999 0.833253 -6.37226  54.3549 -0.380933  0.305263   1.47586 0.1 0.1 0.1 0.1 0.1 0.1 0.999273 0.999788 0.999528  0.0524515 -0.0683803  0.0136941 0.000719289  0.00129733 0.000273664  -0.177594   0.155177 -0.0017706 -0.190521   -0.2555  -9.80382   0.798 0.9905      0
             18.3997 0.839184 -6.48913  52.5159 -0.381266  0.302533   1.47551 0.1 0.1 0.1 0.1 0.1 0.1 0.999341 0.999794 0.999604  0.0437277 -0.0590786 0.00396388 0.000744043  0.00125062 0.000300026   -0.178814    0.154431 -0.00153035 -0.191839 -0.255924  -9.80378  0.798 1.023     0
             18.4996 0.902043 -6.53465  50.4722 -0.379807  0.297655   1.47487 0.1 0.1 0.1 0.1 0.1 0.1 0.999398 0.999798 0.999644  0.0488352 -0.0665972  0.0020946 0.000768199  0.00120092 0.000298698   -0.179268    0.153847 -0.00137448  -0.19241 -0.256349  -9.80376   0.798 1.0405      0
             18.5994   1.0829 -6.37115  48.4053 -0.372492  0.291337   1.47593 0.1 0.1 0.1 0.1 0.1 0.1 0.999369 0.999795 0.999674  0.0643391 -0.0686562 0.00166704 0.000787846  0.00114794 0.000301764   -0.179365     0.15432 -0.00150738 -0.192365 -0.255902  -9.80377  0.798 1.045     0
                18.7  1.08552 -6.08375  46.2767 -0.361513  0.283002   1.47532 0.1 0.1 0.1 0.1 0.1 0.1 0.999278 0.999782   0.9997   0.0714983  -0.0802473 -0.00211383 0.000820718  0.00109231 0.000291647    -0.17895    0.155196 -0.00144132 -0.191708 -0.255177  -9.80381  0.798 1.063     0
             18.7999  1.01494 -5.86284  43.9275 -0.35179 0.274367  1.47462 0.1 0.1 0.1 0.1 0.1 0.1  0.99921 0.999781  0.99972  0.0845107 -0.0845021 0.00729659  0.00085601  0.00103461 0.000282685   -0.178712    0.155568 -0.00129279 -0.191362 -0.254869  -9.80382  0.798 1.091     0
             18.8997 0.984685  -5.5833  41.6774 -0.345062  0.267032   1.47297 0.1 0.1 0.1 0.1 0.1 0.1 0.999389 0.999768 0.999755  0.0793615 -0.0831808 0.00435236 0.000876494  0.00099038  0.00029169    -0.178785     0.155269 -0.000892891 -0.191545 -0.255004  -9.80381   0.857 1.0525      0
             18.9995 0.906891 -5.40172  39.6355 -0.340276  0.259935   1.47072 0.1 0.1 0.1 0.1 0.1 0.1 0.999381 0.999759  0.99977   0.0615518  -0.0851527 -0.00579354 0.000929378 0.000941484 0.000273815    -0.178885     0.154865 -0.000509411 -0.191811 -0.255207   -9.8038   0.869 1.0345      0
             19.0994 0.865068 -5.24723  37.6492 -0.333963  0.249972   1.46744 0.1 0.1 0.1 0.1 0.1 0.1 0.999303 0.999759 0.999774   0.0565224  -0.0891374 -0.00767868 0.000963661 0.000907811 0.000231805    -0.178436     0.154813 -8.89543e-05 -0.191466 -0.255328  -9.80381   0.841 1.0775      0
                19.2 0.935125 -5.17243  35.7983 -0.326595  0.244449   1.46854 0.1 0.1 0.1 0.1 0.1 0.1 0.999415 0.999771 0.999763  0.0551547 -0.0794745 0.00398226 0.000994595 0.000856276 0.000222726    -0.179079     0.155243 -0.000299258   -0.1917 -0.254713  -9.80382  0.856 1.084     0
             19.2998  1.13172 -5.09272  34.1221 -0.318125  0.234856   1.47176 0.1 0.1 0.1 0.1 0.1 0.1 0.999414  0.99976 0.999781   0.057461 -0.0768372  0.0146854  0.00100049 0.000818937  0.00018944    -0.179037     0.155719 -0.000710652 -0.191382 -0.254529  -9.80383    0.9 1.054     0
             19.3997  1.06043 -4.91775   32.447 -0.309065  0.224496   1.47653 0.1 0.1 0.1 0.1 0.1 0.1 0.999419 0.999748 0.999774  0.0608276 -0.0824246  0.0228784  0.00102521 0.000766331 0.000166861   -0.178935    0.156225 -0.00122411 -0.190997 -0.254448  -9.80384   0.925 1.0315      0
             19.4995  1.04016 -4.87151  30.9634 -0.302736  0.216566   1.47791 0.1 0.1 0.1 0.1 0.1 0.1 0.999457 0.999743 0.999762  0.0541128 -0.0822316  0.0213036  0.00107223 0.000734452 0.000155291   -0.178943    0.156292 -0.00107711 -0.190923  -0.25435  -9.80384   0.95 1.029     0
             19.5994 0.929352 -4.81945  29.5901 -0.297301  0.209696   1.47824 0.1 0.1 0.1 0.1 0.1 0.1  0.99943 0.999732 0.999768  0.0554402 -0.0821111   0.016875  0.00109148 0.000704659  0.00012549    -0.179008     0.156247 -0.000811739 -0.190938 -0.254219  -9.80385   0.925 1.0965      0
                19.7 0.789184  -4.6707  28.0616 -0.292854  0.197946   1.47786 0.1 0.1 0.1 0.1 0.1 0.1 0.999493 0.999745 0.999777  0.0462806 -0.0988524  0.0129337  0.00111637 0.000666123 9.59086e-05    -0.178494     0.156232 -0.000494711 -0.190745 -0.254516  -9.80384   0.933 1.0945      0
             19.7998 0.713928 -4.74496  26.5032 -0.291644  0.188758    1.4762 0.1 0.1 0.1 0.1 0.1 0.1 0.999476 0.999736  0.99977 0.0348779 -0.105894 0.0174097   0.0011538 0.000630595 9.22072e-05  -0.178196   0.155863 3.2931e-05 -0.190915 -0.254619  -9.80384  0.991 1.013     0
             19.8997 0.850207 -4.97127  24.9173 -0.290875  0.180811   1.47591 0.1 0.1 0.1 0.1 0.1 0.1 0.999427 0.999719 0.999754 0.0273624 -0.107472 0.0164835  0.00117164 0.000611958 8.80833e-05   -0.178145      0.1555 0.000407672 -0.191136 -0.254521  -9.80383    0.95 1.0805      0
             19.9995 0.878207  -5.0753  23.2094 -0.287505  0.169002   1.47927 0.1 0.1 0.1 0.1 0.1 0.1 0.999487 0.999748 0.999769 0.0276078  -0.11418 0.0194001  0.00117744 0.000577769 7.43662e-05   -0.178242    0.155593 0.000122768 -0.191141 -0.254558  -9.80383  0.958 1.083     0
             20.0997 0.717603 -5.11167  21.4842 -0.282946   0.15406    1.4805 0.1 0.1 0.1 0.1 0.1 0.1 0.999477 0.999726 0.999767 0.0322337 -0.123136 0.0165097  0.00122024 0.000534021 6.72005e-05   -0.178105    0.155882 0.000214552 -0.190908  -0.25473  -9.80383   0.966 1.0665      0
             20.1996 0.649243 -5.06343  19.6062 -0.276362  0.142217      1.48 0.1 0.1 0.1 0.1 0.1 0.1 0.999472 0.999732 0.999753  0.0392637  -0.122098 0.00597344  0.00126491 0.000497187 6.05754e-05  -0.178292   0.156012 0.00047305 -0.190579 -0.254629  -9.80384   0.958 1.0905      0
             20.2994 0.560456 -4.95923  17.6911 -0.274149  0.136015   1.47702 0.1 0.1 0.1 0.1 0.1 0.1 0.999452 0.999733 0.999759  0.0363302  -0.105506 -0.0101392  0.00128288 0.000456848 6.06957e-05   -0.178246    0.155567 0.000919998 -0.190625 -0.254259  -9.80385  0.961 1.052     0
             20.4001 0.270426  -4.6274  15.7303 -0.268784  0.125626   1.47604 0.1 0.1 0.1 0.1 0.1 0.1 0.999422 0.999709 0.999747  0.0484196  -0.105053 -0.0160115  0.00133392 0.000420144 4.82761e-05   -0.178388    0.155584 0.000859203 -0.190541 -0.254257  -9.80385  0.962 1.052     0
             20.4999 0.0519333  -4.09271   13.8461 -0.264143  0.114848   1.47225 0.1 0.1 0.1 0.1 0.1 0.1 0.999439 0.999711 0.999743  0.0514318  -0.106904 -0.0316257  0.00135434 0.000366758 2.22727e-05  -0.178251   0.155598 0.00108713 -0.190519 -0.254252  -9.80385    0.96 1.0455      0
             20.5997 -0.240779  -3.46212   11.9545 -0.260354  0.107398   1.46609 0.1 0.1 0.1 0.1 0.1 0.1 0.999407 0.999713 0.999736   0.045422 -0.0949186 -0.0377158  0.00138505 0.000321388  3.2002e-06  -0.178006   0.155383 0.00149249 -0.190469  -0.25402  -9.80386  0.961 1.023     0
             20.6996 -0.400432  -2.90488   10.1426 -0.258936 0.0996967   1.45953 0.1 0.1 0.1 0.1 0.1 0.1 0.999413 0.999704 0.999726  0.0322509 -0.0914716 -0.0414829   0.00139872  0.000277737 -3.31607e-05  -0.177545   0.155316 0.00189724 -0.190581 -0.253775  -9.80386  0.961 1.075     0
             20.7994 -0.415343  -2.51438   8.48248 -0.259401 0.0915586   1.45397 0.1 0.1 0.1 0.1 0.1 0.1 0.999406 0.999708 0.999718  0.0193612 -0.0846714 -0.0365123   0.00142798  0.000248462 -5.83011e-05  -0.177092   0.155374 0.00214198 -0.190788 -0.253538  -9.80387  0.961 0.969     0
             20.9001 -0.509717  -2.05007   6.78306 -0.258837 0.0831137   1.45052 0.1 0.1 0.1 0.1 0.1 0.1 0.999232 0.999638 0.999688  0.0178813 -0.0783759  -0.029233    0.0014365   0.00022089 -9.32857e-05   -0.17691   0.155487 0.00217231  -0.19094 -0.253451  -9.80387  0.961 0.954     0
             20.9999 -0.81489 -1.64623  5.01245 -0.255563 0.0773499   1.44743 0.1 0.1 0.1 0.1 0.1 0.1 0.999279 0.999631 0.999693  0.0150535 -0.0769012 -0.0326446   0.00146971  0.000194939 -0.000103939  -0.177043   0.155208 0.00218136 -0.190682 -0.253468  -9.80387  0.961 0.944     0
             21.0997 -1.10488 -1.29754  3.20839 -0.254473 0.0710803   1.44527 0.1 0.1 0.1 0.1 0.1 0.1 0.999231 0.999638 0.999679  0.0115419 -0.0785324 -0.0289652   0.00150234  0.000169814 -0.000115687  -0.177002   0.155092 0.00202546 -0.190637  -0.25336  -9.80387   0.912 0.9365      0
             21.1996 -1.29079  -0.9463  1.37183 -0.254534 0.0612549   1.44483 0.1 0.1 0.1 0.1 0.1 0.1 0.999114 0.999629 0.999662 0.0062079 -0.085216 -0.018766   0.00153009  0.000133347 -0.000131731  -0.177044   0.155356 0.00173803 -0.190904 -0.253374  -9.80387  0.945 0.917     0
             21.2994  -1.40444 -0.624192 -0.467516 -0.254512 0.0494271   1.44436 0.1 0.1 0.1 0.1 0.1 0.1 0.998971 0.999589 0.999647  0.00414662  -0.0911632 -0.00814824   0.00157159   0.00010121 -0.000147716  -0.177169   0.155725 0.00163607 -0.191231 -0.253495  -9.80386   0.878 1.0355      0
                21.4  -1.28796 -0.198288  -2.41837  -0.25485 0.0426273   1.44441 0.1 0.1 0.1 0.1 0.1 0.1 0.998927 0.999575 0.999665 -5.06995e-05   -0.0899001   -0.0120767   0.00159344  6.13937e-05 -0.000160273  -0.176939   0.155612 0.00146787 -0.191136 -0.253236  -9.80387  0.912 0.915     0
             21.4999 -1.14437 0.180285 -4.36188 -0.256251 0.0324211   1.44205 0.1 0.1 0.1 0.1 0.1 0.1  0.99873 0.999552 0.999622 -0.00747884  -0.0950829  -0.0115663   0.00161791  2.85121e-05 -0.000174736  -0.176837   0.155865 0.00165112 -0.191339 -0.253138  -9.80387  0.843 0.972     0
             21.5997 -1.13641 0.375777 -6.27915 -0.253799 0.0227963   1.43997 0.1 0.1 0.1 0.1 0.1 0.1 0.998619 0.999518 0.999631  0.00149031  -0.0925964 -0.00361744   0.00166864  1.63342e-06 -0.000177694  -0.177216   0.155452 0.00181308 -0.191043 -0.253612  -9.80386    0.82 0.9875      0
             21.6996 -0.989464  0.481652  -8.23792 -0.250667 0.0114664   1.43855 0.1 0.1 0.1 0.1 0.1 0.1 0.998493 0.999507 0.999649  0.00756367  -0.0926099 -0.00700317   0.00168546 -2.79847e-05 -0.000208426  -0.177781   0.155184 0.00198496 -0.190952 -0.254247  -9.80384   0.804 1.0115      0
             21.7994 -1.07637 0.660153 -10.3953   -0.25337 0.00162929    1.44055 0.1 0.1 0.1 0.1 0.1 0.1  0.99824 0.999443 0.999623 -0.00321066  -0.0919865 -0.00896939   0.00174666 -4.86755e-05 -0.000205975  -0.177486   0.155797 0.00161312 -0.191383 -0.253737  -9.80385  0.822  0.91     0
                21.9 -1.44848 0.903638 -12.6545  -0.255109 -0.0101125    1.43887 0.1 0.1 0.1 0.1 0.1 0.1 0.998307 0.999372 0.999625 -0.00390308  -0.0927866  -0.0120769   0.00176285 -9.02072e-05 -0.000222294  -0.177595   0.156304 0.00172573 -0.191852 -0.253669  -9.80384   0.815 0.9345      0
             21.9999 -1.66633   1.0986 -14.8661   -0.25394 -0.0214002     1.4327 0.1 0.1 0.1 0.1 0.1 0.1 0.998142 0.999275 0.999627 -9.11739e-05   -0.0922438    -0.018114   0.00181022 -0.000118967 -0.000240821  -0.17798  0.156189 0.0023855 -0.191925  -0.25412  -9.80383   0.814 0.9195      0
             22.0997 -1.73007   1.3525 -16.8845  -0.256546 -0.0303842     1.4295 0.1 0.1 0.1 0.1 0.1 0.1   0.9989 0.999532 0.999639  -0.005911 -0.0856642  -0.019585   0.00182506 -0.000173314 -0.000261158  -0.177656   0.156754 0.00257263 -0.192245 -0.253593  -9.80384   0.775 0.9625      0
             22.1995 -1.83061  1.58821 -18.9806  -0.256031 -0.0416125    1.42599 0.1 0.1 0.1 0.1 0.1 0.1 0.998773 0.999483  0.99963 -0.00301862  -0.0939542  -0.0273948   0.00183024 -0.000209853 -0.000301191  -0.178096   0.156719 0.00275699 -0.192433 -0.254007  -9.80382  0.755 0.968     0
             22.2994   -1.937  1.84471 -20.9736  -0.253469 -0.0409588    1.42268 0.1 0.1 0.1 0.1 0.1 0.1   0.9987 0.999505 0.999635 0.00384353 -0.0731845 -0.0291348   0.00185294 -0.000244758 -0.000305126 -0.177019  0.155514 0.0027572 -0.190939 -0.253699  -9.80386   0.781 0.9055      0
                22.4 -2.12858  2.16001 -22.9593  -0.253598 -0.0462302    1.41639 0.1 0.1 0.1 0.1 0.1 0.1 0.998545 0.999436  0.99956 0.00286887 -0.0656304 -0.0390472   0.00187588 -0.000257533  -0.00031801   -0.17665   0.155585 0.00312037 -0.190802 -0.253366  -9.80387  0.726 1.004     0
             22.4998 -2.23179  2.42575 -24.9939 -0.256178 -0.060102   1.41755 0.1 0.1 0.1 0.1 0.1 0.1  0.99875 0.999563 0.999581 -0.00873178  -0.0763789  -0.0266859   0.00191131 -0.000308216 -0.000354033  -0.177603    0.15652 0.00258948 -0.192034 -0.253597  -9.80384   0.715 0.9765      0
             22.5997 -2.24075  2.59079  -26.892  -0.256046 -0.0573148    1.41218 0.1 0.1 0.1 0.1 0.1 0.1  0.99847 0.999482 0.999539 -0.00905237  -0.0506177  -0.0282782   0.00191136 -0.000330989 -0.000357173  -0.175987   0.155892 0.00287499 -0.190616  -0.25269  -9.80389   0.741 0.9295      0
             22.6995 -2.06219  2.68961 -28.8068  -0.260322 -0.0700868    1.41241 0.1 0.1 0.1 0.1 0.1 0.1 0.998276 0.999528 0.999521 -0.0177647 -0.0605155 -0.0233508   0.00193239 -0.000363813 -0.000384794  -0.177115   0.157007 0.00259358 -0.192108 -0.252877  -9.80386   0.727 0.9145      0
             22.7994 -2.01647  2.78316 -30.8622   -0.26578 -0.0778325     1.4118 0.1 0.1 0.1 0.1 0.1 0.1 0.997991 0.999533 0.999507 -0.0256889 -0.0652929 -0.0221691   0.00194779 -0.000391469 -0.000378206  -0.177101   0.158013 0.00240086 -0.192806 -0.252228  -9.80386  0.728 0.911     0
                22.9 -2.09272  2.97903 -33.0498  -0.267375 -0.0871201    1.41133 0.1 0.1 0.1 0.1 0.1 0.1 0.997607 0.999583 0.999511 -0.0226192 -0.0731829 -0.0172827    0.0019957 -0.000413277 -0.000367598   -0.17767   0.157841 0.00221928  -0.19305 -0.252761  -9.80384  0.732 0.903     0
             22.9998  -2.1869  3.11406 -35.2537  -0.269512 -0.0902855    1.41276 0.1 0.1 0.1 0.1 0.1 0.1 0.997433 0.999607 0.999498  -0.0240023  -0.0662256 -0.00581115   0.00204156   -0.0004466 -0.000366961  -0.176815   0.157771 0.00187841 -0.192416 -0.252191  -9.80387  0.729 0.918     0
             23.0997 -2.00977  3.21308 -37.4957  -0.269503 -0.0968984    1.41038 0.1 0.1 0.1 0.1 0.1 0.1 0.996863 0.999636 0.999431  -0.0190544  -0.0707653 -0.00978112   0.00204644  -0.00048356 -0.000378252  -0.176966   0.157074 0.00206817 -0.192057 -0.252768  -9.80386   0.693 1.2725      0
             23.1995 -1.99913  3.31852 -39.8774 -0.269909 -0.105551   1.41432 0.1 0.1 0.1 0.1 0.1 0.1 0.997287 0.999717 0.999549 -0.0124901 -0.0769221 0.00147426   0.00206872 -0.000529655 -0.000380796  -0.177368   0.156729 0.00154013 -0.192088 -0.253294  -9.80385   0.718 0.9475      0
             23.2994 -2.11397   3.4967 -42.4654 -0.269111 -0.111263   1.41606 0.1 0.1 0.1 0.1 0.1 0.1 0.996494 0.999713 0.999436 -0.00887625  -0.0776132   0.0093289    0.0021201 -0.000576354 -0.000371237  -0.176971   0.156177 0.00137589 -0.191441 -0.253417  -9.80386   0.713 0.9355      0
                23.4 -2.26117  3.53933 -44.9786 -0.273881 -0.121496   1.41764 0.1 0.1 0.1 0.1 0.1 0.1 0.995691 0.999722 0.999405 -0.0233278 -0.0771144  0.0104834   0.00214899 -0.000623368 -0.000377562  -0.177422   0.157178 0.00131912 -0.192404 -0.252999  -9.80385  0.708 0.959     0
             23.4999 -2.23073  3.49535 -47.5126 -0.281752 -0.131933   1.42364 0.1 0.1 0.1 0.1 0.1 0.1 0.995205 0.999734 0.999382 -0.0282062 -0.0758148  0.0220224    0.0022022 -0.000678698 -0.000390227 -0.177842  0.158881 0.0007798 -0.193761 -0.252045  -9.80385  0.713 0.915     0
             23.5997 -2.34394  3.57719  -50.174 -0.286772 -0.141042   1.42343 0.1 0.1 0.1 0.1 0.1 0.1 0.995283 0.999719 0.999413 -0.0312526 -0.0713152  0.0169201   0.00220771 -0.000721782 -0.000406345 -0.178185  0.159513 0.0010402 -0.194415  -0.25179  -9.80384   0.667 0.9485      0
             23.6995 -2.43468  3.55626 -52.5969 -0.296682 -0.155118   1.42798 0.1 0.1 0.1 0.1 0.1 0.1 0.993801 0.999694  0.99942 -0.0452959  -0.071304  0.0227688   0.00225771 -0.000782053 -0.000402653   -0.179829    0.161223 0.000747872 -0.196683 -0.251546   -9.8038   0.66 0.943     0
             23.7994 -2.43842   3.4157 -54.9076 -0.303603 -0.163085   1.42838 0.1 0.1 0.1 0.1 0.1 0.1 0.992914 0.999619  0.99941 -0.0452089 -0.0631776  0.0123104   0.00227715 -0.000819792 -0.000434977   -0.180137    0.161917 0.000919078 -0.197336 -0.251202   -9.8038    0.64 0.9765      0
                23.9 -2.39361  3.37315 -57.0231 -0.308436 -0.172367    1.4312 0.1 0.1 0.1 0.1 0.1 0.1 0.992891 0.999537 0.999423 -0.0427661 -0.0673944  0.0219349    0.0022553 -0.000862914  -0.00045077   -0.180898    0.161912 0.000808603 -0.197921 -0.251666  -9.80377  0.656 0.928     0
             23.9999 -2.48724  3.30779 -59.1829 -0.315454 -0.182648   1.42974 0.1 0.1 0.1 0.1 0.1 0.1 0.993663 0.999486 0.999472 -0.0518127 -0.0719047 0.00915879    0.0022944 -0.000891011 -0.000467615  -0.181946   0.162428 0.00117621 -0.199048 -0.251866  -9.80375  0.619 0.945     0
             24.0997 -2.67429  3.20678   -61.37 -0.325623 -0.192903   1.43075 0.1 0.1 0.1 0.1 0.1 0.1 0.994189 0.999353  0.99948 -0.0662073 -0.0751657 0.00844799   0.00233329 -0.000925347  -0.00046572  -0.182876   0.163614 0.00114632 -0.200449 -0.251465  -9.80373  0.638 0.908     0
             24.1995 -2.68304  3.06233 -63.4581 -0.334302 -0.202255   1.42956 0.1 0.1 0.1 0.1 0.1 0.1 0.994576 0.999296 0.999499 -0.0711788 -0.0777539 0.00636938    0.0023718  -0.00095711 -0.000469202  -0.183505   0.164024 0.00139798 -0.201184 -0.251484  -9.80371   0.593 0.9715      0
             24.2994 -2.67262  2.91967 -65.4629 -0.344578 -0.208904   1.42789 0.1 0.1 0.1 0.1 0.1 0.1 0.994887 0.999236 0.999537  -0.0733151  -0.0708259 -0.00104867   0.00245674  -0.00096557 -0.000481129  -0.183388   0.165085 0.00161003 -0.201664 -0.250562  -9.80373   0.617 0.9265      0
                24.4 -2.59454   2.8943 -67.6676 -0.352793 -0.213875   1.42677 0.1 0.1 0.1 0.1 0.1 0.1 0.995954 0.999237 0.999488  -0.0745235  -0.0649822 -0.00943453   0.00244606  -0.00100339 -0.000492999  -0.182745   0.165544 0.00167108 -0.201384 -0.249842  -9.80375   0.616 0.8975      0
             24.4999  -2.4986  2.91316 -69.7947 -0.359686 -0.220104   1.43231 0.1 0.1 0.1 0.1 0.1 0.1 0.996325   0.9991 0.999535 -0.0781987 -0.0625796  0.0131054  0.00248596 -0.00105035 -0.00048352  -0.182595   0.165413 0.00104246 -0.201184 -0.249885  -9.80375  0.576  0.95     0
             24.5997 -2.36933  2.83286 -71.9136 -0.371041 -0.226889   1.43219 0.1 0.1 0.1 0.1 0.1 0.1 0.996992 0.999154 0.999569 -0.0935269 -0.0599522  0.0121734  0.00246627 -0.00109325 -0.00050177  -0.182946   0.166202 0.00119061  -0.20188 -0.249416  -9.80375   0.564 0.9575      0
             24.6995 -2.29412  2.71118 -73.8646 -0.374453 -0.234953   1.43163 0.1 0.1 0.1 0.1 0.1 0.1 0.997662 0.999175 0.999545 -0.0806879  -0.057717 0.00763211   0.00252516  -0.00110155 -0.000485046  -0.183356   0.164296 0.00139746 -0.201261 -0.251195  -9.80372  0.585 0.901     0
             24.7994  -1.9807  2.58439 -75.7214 -0.378729  -0.24287   1.43128 0.1 0.1 0.1 0.1 0.1 0.1 0.997532 0.999091 0.999601 -0.0688175 -0.0598251 0.00170718   0.00252293  -0.00113401 -0.000502513  -0.183814    0.16312 0.00153239  -0.20106 -0.252398  -9.80369   0.575 0.9105      0
                24.9  -1.8488  2.60283 -77.5304 -0.388965 -0.249458   1.43237 0.1 0.1 0.1 0.1 0.1 0.1 0.997159 0.998872 0.999599 -0.0709243 -0.0553554 0.00484503   0.00254584  -0.00116822 -0.000504467  -0.184358    0.16394 0.00139977 -0.201918 -0.251983  -9.80368  0.575 0.903     0
             24.9998  -1.5156  2.65655 -79.2009 -0.401431 -0.253377    1.4332 0.1 0.1 0.1 0.1 0.1 0.1 0.997537 0.999081 0.999565 -0.0742166 -0.0471452 0.00872846   0.00258128  -0.00119015 -0.000510045  -0.184406   0.165512 0.00134469 -0.202717 -0.250687   -9.8037   0.546 0.9455      0
             25.0997 -1.28014  2.59664 -80.8493 -0.411156 -0.258065   1.43308 0.1 0.1 0.1 0.1 0.1 0.1 0.998416  0.99924 0.999484 -0.0726017  -0.036082 0.00362545   0.00258242  -0.00120605 -0.000517344   -0.18484   0.166066 0.00141612 -0.203348 -0.250426  -9.80369  0.565 0.912     0
             25.1995 -1.10591  2.43634 -82.4297 -0.421704 -0.266423   1.43322 0.1 0.1 0.1 0.1 0.1 0.1 0.998351 0.999266 0.999476 -0.0762924 -0.0442757 0.00604118   0.00261554  -0.00122078 -0.000531748  -0.186662   0.166316 0.00143054 -0.205018 -0.251064  -9.80364  0.532 0.957     0
             25.2994 -1.00376  2.31837 -83.9399 -0.427039 -0.267486    1.4355 0.1 0.1 0.1 0.1 0.1 0.1 0.998715 0.999451 0.999621 -0.0622884 -0.0287391 0.00744227   0.00263337  -0.00124125 -0.000525316   -0.18557   0.166281 0.00124462 -0.204068 -0.250595  -9.80367  0.548  0.96     0
                25.4 -0.872132   2.10046  -85.2015 -0.441331 -0.269944   1.43887 0.1 0.1 0.1 0.1 0.1 0.1 0.998792 0.999537 0.999606 -0.0611834 -0.0214242  0.0181193   0.00263743  -0.00127353 -0.000534621  -0.186484   0.168398 0.00092926 -0.205814 -0.249204  -9.80367  0.548 0.977     0
             25.4998 -0.713888   1.85768  -85.9156 -0.454062 -0.266901   1.43857 0.1 0.1 0.1 0.1 0.1 0.1 0.998567  0.99942 0.999613   -0.039936 -0.00540585  0.00520558   0.00267133  -0.00127834 -0.000540414  -0.185892   0.171021 0.00105737 -0.206468 -0.246688  -9.80372   0.543 1.0305      0
             25.5997 -0.565197    1.6884  -86.1399 -0.454703 -0.267517   1.43773 0.1 0.1 0.1 0.1 0.1 0.1 0.998597 0.999478 0.999697  0.00893182 0.000798915 -0.00121316   0.00267377  -0.00127996 -0.000566948  -0.185916   0.170691 0.00119581 -0.206342 -0.246981  -9.80372   0.546 1.0295      0
             25.6995 -0.373548   1.51049  -85.7564  -0.45436 -0.271842   1.43975 0.1 0.1 0.1 0.1 0.1 0.1 0.998569  0.99946 0.999665   0.0351333  -0.0150382 -0.00758973   0.00267374  -0.00129844 -0.000590636   -0.187598    0.170561 0.000886743 -0.207751 -0.247822  -9.80367   0.546 1.0105      0
             25.7997 -0.325919   1.50499  -84.9511 -0.453101 -0.270065   1.44013 0.1 0.1 0.1 0.1 0.1 0.1 0.998839 0.999504 0.999683   0.0582049 -0.00875253 -0.00683528   0.00267301  -0.00128204 -0.000605976    -0.18706    0.171845 0.000697654 -0.207836 -0.246482   -9.8037  0.545 1.034     0
             25.8996 -0.343467   1.53985  -83.7384  -0.44738 -0.270219    1.4417 0.1 0.1 0.1 0.1 0.1 0.1 0.998876   0.9995 0.999708   0.0889902 -0.00254053 -0.00378335   0.00265676  -0.00128039 -0.000626865   -0.187151    0.172289 0.000401563  -0.20811 -0.246136   -9.8037  0.546 1.025     0
             25.9994 -0.349012   1.57578  -82.0737  -0.44278 -0.268948   1.44137 0.1 0.1 0.1 0.1 0.1 0.1 0.999187 0.999621 0.999673    0.113598   0.0114677 -0.00471899   0.00264785  -0.00125797 -0.000634895  -0.187696   0.173679 0.00032845 -0.209172 -0.245159   -9.8037   0.546 1.2655      0
             26.1001 -0.376944   1.54113  -80.0199 -0.433901 -0.264677   1.43951 0.1 0.1 0.1 0.1 0.1 0.1 0.999194 0.999626 0.999687   0.130431  0.0276682 -0.0120221   0.00263144  -0.00122513 -0.000661642   -0.187438    0.174808 0.000423143 -0.209423 -0.244068  -9.80373  0.546 0.931     0
             26.1999 -0.491582   1.56828  -77.9294 -0.426043 -0.260817   1.43989 0.1 0.1 0.1 0.1 0.1 0.1 0.998911 0.999554 0.999652    0.130503   0.0324699 -0.00877627   0.00261602  -0.00118908 -0.000665368   -0.187946    0.176168 0.000153046 -0.210442 -0.243103  -9.80373   0.546 0.9305      0
             26.2997 -0.627401   1.63063  -75.6941 -0.417449  -0.25739   1.43972 0.1 0.1 0.1 0.1 0.1 0.1 0.998864 0.999512 0.999624   0.134558  0.0354639 -0.0137439  0.00260615 -0.00114808 -0.00065932    -0.188612     0.177192 -8.97192e-06 -0.211453 -0.242502  -9.80372   0.546 0.9535      0
             26.3996 -0.914163   1.74559  -73.3862 -0.404169 -0.250795   1.43752 0.1 0.1 0.1 0.1 0.1 0.1 0.998694 0.999461  0.99957   0.152016  0.0422483 -0.0173396   0.00258515  -0.00109867 -0.000657999   -0.187941    0.177755 3.90431e-05 -0.211121  -0.24172  -9.80375   0.546 0.9575      0
             26.4994 -1.15989  2.06974 -71.0141 -0.390093 -0.247413   1.43899 0.1 0.1 0.1 0.1 0.1 0.1 0.998288 0.999346 0.999605   0.157764  0.0446756 -0.0196593   0.00253332  -0.00106651 -0.000660237    -0.188291     0.177961 -0.000363067 -0.211516 -0.241696  -9.80374   0.546 1.0295      0
             26.5997   -1.259  2.43384 -68.4151  -0.3756 -0.23881  1.43754 0.1 0.1 0.1 0.1 0.1 0.1 0.998048 0.999327 0.999609   0.163981  0.0661175 -0.0209901   0.00250116  -0.00102568 -0.000651337    -0.187615     0.178674 -0.000480851 -0.211266 -0.240775  -9.80377  0.546 1.035     0
             26.6995 -1.22245  2.66635 -65.5916 -0.364003 -0.232212   1.43467 0.1 0.1 0.1 0.1 0.1 0.1 0.997675 0.999384 0.999587   0.156787  0.0660363 -0.0158959   0.00244463 -0.000977661 -0.000664014    -0.188033     0.179592 -0.000393581 -0.212034 -0.240187  -9.80377   0.546 1.0395      0
             26.7994 -1.04962  2.93057 -62.8664  -0.34779 -0.226248   1.43393 0.1 0.1 0.1 0.1 0.1 0.1 0.997167 0.999451 0.999643    0.152159   0.0660718 -0.00914493    0.0023876  -0.00092397 -0.000670093    -0.188121       0.1794 -0.000459163 -0.212018 -0.240392  -9.80376  0.546 1.071     0
                26.9 -0.975919   3.06306  -60.1435 -0.340412 -0.219246   1.43553 0.1 0.1 0.1 0.1 0.1 0.1 0.997217 0.999506  0.99959    0.126084   0.0697491 -0.00260654   0.00235788 -0.000878099 -0.000667273    -0.188581     0.180801 -0.000744017 -0.213074 -0.239448  -9.80376  0.577  1.02     0
             26.9999 -0.970241   3.16784   -57.444 -0.328068 -0.211034   1.43446 0.1 0.1 0.1 0.1 0.1 0.1 0.996716 0.999603 0.999615    0.120329   0.0756843 -0.00629404   0.00233493 -0.000825218 -0.000648552    -0.188359     0.180856 -0.000664952 -0.212922  -0.23929  -9.80377   0.586 1.0515      0
             27.0997 -0.870191   3.26408  -54.7342 -0.320077 -0.204633    1.4351 0.1 0.1 0.1 0.1 0.1 0.1 0.996726 0.999657 0.999607    0.106166   0.0777192 -0.00260777   0.00231213 -0.000765013 -0.000646854     -0.18882     0.181451 -0.000813653 -0.213598 -0.239048  -9.80376  0.602 1.046     0
             27.1996 -0.712397   3.35713  -51.9269 -0.312306  -0.19889   1.43572 0.1 0.1 0.1 0.1 0.1 0.1 0.995904 0.999678 0.999549     0.09556   0.0798906 -0.00375181   0.00225914 -0.000715181 -0.000632057    -0.189378     0.181756 -0.000925585 -0.214198 -0.239106  -9.80375   0.621 1.0465      0
             27.2994 -0.60988  3.47451 -49.2775 -0.306774  -0.19224   1.43207 0.1 0.1 0.1 0.1 0.1 0.1 0.995295 0.999709 0.999518   0.0802313   0.0807485 -0.00927782   0.00223214 -0.000651623 -0.000642664    -0.189776     0.182318 -0.000574406 -0.214816 -0.238881  -9.80374  0.648 1.024     0
                27.4 -0.54669  3.51626  -46.726  -0.30207 -0.187062   1.43127 0.1 0.1 0.1 0.1 0.1 0.1  0.99525  0.99973 0.999548   0.0601408   0.0779289 -0.00943996   0.00218523 -0.000604532 -0.000634373    -0.190419      0.18259 -0.000599195 -0.215454 -0.239042  -9.80372   0.657 0.9945      0
             27.4999 -0.462859   3.52183  -44.5961 -0.295713  -0.18012   1.42856 0.1 0.1 0.1 0.1 0.1 0.1 0.995459 0.999756 0.999529  0.0538973  0.0736214 -0.0128941   0.00216671 -0.000546925 -0.000605322    -0.190549     0.182437 -0.000403676 -0.215456  -0.23923  -9.80372   0.642 1.0565      0
             27.5997 -0.353194   3.48713  -42.6681 -0.288966 -0.173284    1.4271 0.1 0.1 0.1 0.1 0.1 0.1 0.996015 0.999762 0.999541  0.0500792  0.0674273 -0.0109796   0.00213633 -0.000499445 -0.000574084    -0.190583     0.182121 -0.000368731 -0.215283 -0.239479  -9.80371   0.649 1.0265      0
             27.6996 -0.143073   3.44379  -40.8662 -0.285766  -0.16885   1.42557 0.1 0.1 0.1 0.1 0.1 0.1 0.995665 0.999759 0.999505  0.0427334  0.0608436 -0.0140764   0.00211494 -0.000449238 -0.000550013    -0.190909     0.182316 -0.000332631 -0.215633 -0.239546   -9.8037  0.649 1.076     0
             27.7994 0.00915309    3.40224   -39.0529 -0.281401 -0.165282   1.42259 0.1 0.1 0.1 0.1 0.1 0.1 0.996413 0.999731 0.999488  0.0381443  0.0638574 -0.0211984    0.0020467 -0.000404839 -0.000545435    -0.191353     0.182199 -0.000183417 -0.215847  -0.23991  -9.80369  0.647 1.066     0
                27.9 -0.0860247    3.35221   -37.2356 -0.275669 -0.154633   1.41934 0.1 0.1 0.1 0.1 0.1 0.1 0.997289 0.999717 0.999514  0.0449305  0.0810129 -0.0303185   0.00207341 -0.000370157 -0.000520985   -0.190883    0.181969 -0.00011444 -0.215388 -0.239746   -9.8037  0.648 1.049     0
             27.9999 -0.0766127    3.32392   -35.2672 -0.273972 -0.147724   1.42041 0.1 0.1 0.1 0.1 0.1 0.1 0.997023 0.999639 0.999459  0.0456096  0.0837397 -0.0224182   0.00204506 -0.000341809 -0.000527179    -0.190978     0.182398 -0.000547904 -0.215755  -0.23955   -9.8037   0.648 1.0695      0
             28.0997 0.177708  3.11488 -33.2201 -0.269496 -0.134283   1.41986 0.1 0.1 0.1 0.1 0.1 0.1 0.997261 0.999696 0.999517  0.0450539    0.08936 -0.0145186   0.00202223  -0.00031163 -0.000521044    -0.190289     0.182433 -0.000695092 -0.215382 -0.239049  -9.80372   0.648 1.0795      0
             28.1995 0.661142  3.01723  -30.719 -0.262685 -0.121596   1.41762 0.1 0.1 0.1 0.1 0.1 0.1 0.997529 0.999656 0.999579  0.0587554  0.0943684 -0.0322834   0.00197603 -0.000256242 -0.000513416    -0.189874      0.18215 -0.000695244  -0.21494 -0.238909  -9.80373   0.648 1.0705      0
             28.2994 0.666823  2.33117 -28.3408 -0.255104 -0.111112   1.41123 0.1 0.1 0.1 0.1 0.1 0.1 0.997932 0.999602 0.999587  0.0508745   0.105456 -0.0301859   0.00190647 -0.000207611 -0.000522292    -0.189886     0.181914 -0.000346548 -0.214763 -0.239037  -9.80373  0.648 1.099     0
                28.4 0.840736  2.80759 -25.0304 -0.249632 -0.102804   1.40281 0.1 0.1 0.1 0.1 0.1 0.1 0.998343  0.99957 0.999638  0.0851618  0.0942382 -0.0665285   0.00187377 -0.000134494 -0.000521053   -0.189981    0.182181 0.000112177 -0.215024 -0.238972  -9.80373   0.688 1.0245      0
             28.4998 -0.016956   2.90371  -23.0419  -0.247099 -0.0961374    1.39877 0.1 0.1 0.1 0.1 0.1 0.1 0.998574 0.999528 0.999601 0.0869774  0.105585  -0.07076   0.00184853 -0.000149121  -0.00053416    -0.189986     0.183071 -0.000169278 -0.215762 -0.238584  -9.80372  0.698 1.017     0
             28.5997  -1.8706  1.71482 -22.6539  -0.239717 -0.0955323     1.3976 0.1 0.1 0.1 0.1 0.1 0.1 0.998879 0.999553 0.999614   0.157963  0.0819538 -0.0610688   0.00190339 -8.20716e-05 -0.000477027    -0.190732     0.183713 -0.000742846  -0.21659 -0.238926   -9.8037  0.678 1.072     0
             28.6995 -2.15727  3.07085 -20.9397  -0.225552 -0.0904571    1.39626 0.1 0.1 0.1 0.1 0.1 0.1 0.998734 0.999474 0.999623   0.191382  0.0676111 -0.0550886   0.00190533  -1.8261e-05 -0.000406144   -0.190732    0.184163 -0.00132233 -0.216983 -0.238778  -9.80369  0.688 1.082     0
             28.7998 -1.42203  5.34231 -18.3074  -0.197762 -0.0796911    1.38957 0.1 0.1 0.1 0.1 0.1 0.1  0.99889 0.999533 0.999666  0.231838   0.10755 -0.095266   0.0018161 -0.00010893 -0.00048915   -0.190814    0.183481 -0.00149095 -0.216383 -0.239017   -9.8037  0.688 1.013     0
             28.8996 -0.884889   3.53104  -15.5134  -0.177512 -0.0695424    1.38642 0.1 0.1 0.1 0.1 0.1 0.1 0.998885 0.999507 0.999635   0.207745   0.124328 -0.0285838   0.00176902 -9.00464e-05 -0.000542404   -0.191132    0.183506 -0.00191579 -0.216451 -0.239259  -9.80369   0.685 1.0695      0
             28.9994  1.06566   3.5477 -12.3726  -0.156906 -0.0638354    1.37697 0.1 0.1 0.1 0.1 0.1 0.1 0.999095 0.999582 0.999713   0.265058   0.101338 -0.0433847  0.00166139 0.000112473 -0.00057472   -0.191344    0.184041 -0.00106866 -0.217018  -0.23939  -9.80368   0.725 1.0285      0
             29.0997  2.02037  3.79014 -10.8665  -0.130704 -0.0539849     1.3763 0.1 0.1 0.1 0.1 0.1 0.1 0.999143 0.999536 0.999666   0.303974   0.100041 -0.0127689   0.00166262  0.000104713 -0.000514898   -0.191327    0.184223 -0.00131089 -0.217172  -0.23936  -9.80367   0.699 1.0825      0
             29.1995 2.32627 4.59336 -10.288  -0.102539 -0.0456914    1.36946 0.1 0.1 0.1 0.1 0.1 0.1  0.99929 0.999624 0.999703   0.304795  0.0550355 -0.0323711    0.0016469  0.000163448 -0.000424245    -0.191065     0.184409 -0.000696445 -0.217403 -0.239185  -9.80367   0.703 1.0415      0
             29.2994 2.38895 4.82182 -9.8751 -0.0643599 -0.0394374    1.36904 0.1 0.1 0.1 0.1 0.1 0.1  0.99925 0.999598 0.999698   0.374707 0.00672542 -0.0363289   0.00163546  0.000117308 -0.000394412     -0.1913    0.183871 -0.00122921 -0.216838 -0.239264  -9.80368  0.709 1.042     0
                29.4  2.20228  4.55616 -9.79013 -0.0256924 -0.0401938     1.3718 0.1 0.1 0.1 0.1 0.1 0.1 0.999151  0.99957 0.999677     0.41209 0.000940468   -0.036727   0.00169075  0.000169022 -0.000372457   -0.191374    0.183874 -0.00199129  -0.21678 -0.239312  -9.80368  0.704  1.02     0
             29.4999 0.403317  4.91045 -9.39316  0.0249884 -0.0328275    1.36249 0.1 0.1 0.1 0.1 0.1 0.1  0.99917 0.999568 0.999651    0.512985 -0.00407056   -0.050008   0.00167837  0.000207526 -0.000361179   -0.191385    0.183259 -0.00155118 -0.216282 -0.239116   -9.8037   0.705 1.0065      0
             29.5997 -0.160616   4.70032  -8.39443  0.0826226 -0.0324754    1.35501 0.1 0.1 0.1 0.1 0.1 0.1 0.999052 0.999511 0.999682   0.643457 -0.0836411 -0.0618098   0.00174001  0.000180097 -0.000399472   -0.191278    0.182987 -0.00138206 -0.216115 -0.238938  -9.80371  0.706 1.008     0
