           0.0998452  0.0626634 0.00142379  0.0134637  0.00381864  0.00306245 -0.00328482 0.0001 0.0001 0.0001 0.0001 0.0001 0.0001 0.999811 0.998907 0.999239  0.0178377   0.013644 -0.0151187   0.00147719  0.000213099 -0.000373615 -1.97946e-06 -1.63777e-06  1.67303e-06 -0.0293163  -0.429926   -9.79953     0.669   1.0085 0.522062
            0.199669 0.00778435 0.00474286 -0.0264518 -0.000384248    0.0108689    0.0017138 0.0001 0.0001 0.0001 0.0001 0.0001 0.0001 0.887218 0.775256 0.773613 -0.0223148  0.0436134  0.0153068   0.00166009  0.000201817 -0.000235983   0.00186571 -0.000919372  -0.00076765 -0.0311155  -0.429077   -9.79956     0.669    1.033 0.673282
            0.299512    0.022459    0.012765 -0.00538745 0.000469365   0.0084433  0.00364721 0.0001 0.0001 0.0001 0.0001 0.0001 0.0001 0.782295 0.659988 0.678657 -0.00381654   0.0145302   0.0173936  0.00158818 0.000189376 -0.00029954 -0.00104767  0.00128805  -0.0010886 -0.0283135  -0.431211   -9.79948     0.669   1.0035 0.707025
            0.399357   0.0292308   0.0137855 -0.00995185 -0.00197497  0.00909688  0.00161409 0.0001 0.0001 0.0001 0.0001 0.0001 0.0001 0.713439 0.597271 0.614766 -0.0156642 0.00998184 0.00322882   0.00158786  0.000203577 -0.000272941 0.00415179  0.0021602  0.0027712 -0.0333044  -0.431884   -9.79943     0.669   1.0125 0.734815
            0.500002  0.0282602  0.0141555 -0.0164123 -0.00239893    0.011574 0.000497258 0.0001 0.0001 0.0001 0.0001 0.0001 0.0001 0.648347 0.550021 0.587889  -0.0113445   0.0119472 -0.00075767  0.00158677 0.000199305 -0.00024761  0.00173273 0.000942467  0.00360546 -0.0309753   -0.43068   -9.79949     0.669    0.995 0.750754
            0.599836 -0.000200302    0.0184699   -0.0105207 -0.00266494  0.00596255  0.00301574 0.0001 0.0001 0.0001 0.0001 0.0001 0.0001 0.650026 0.521223 0.495476 -0.00579704  -0.0101779  0.00745954   0.00166996  0.000183887 -0.000268943  -0.00283677   0.00852751 -0.000125931 -0.0265902  -0.438122   -9.79917     0.669   0.9985 0.747121
            0.699662  0.0133502  0.0194276 0.00120609 -0.00254354 0.000642106   0.0070076 0.0001 0.0001 0.0001 0.0001 0.0001 0.0001 0.647874 0.532738 0.511507 -0.000706876   -0.0268009    0.0177304   0.00162328  0.000184402 -0.000297062 -0.00746519   0.0138234 -0.00659917 -0.0221526  -0.443482   -9.79894     0.669   0.9875 0.779241
            0.799486 0.0150897 0.0338661 0.0092405 -0.00159914 0.000132032   0.0118763 0.0001 0.0001 0.0001 0.0001 0.0001 0.0001 0.659044 0.513019 0.501197 0.00631758 -0.0218919  0.0295546   0.00160269  0.000153324 -0.000309258 -0.0121306 0.00932233 -0.0149648 -0.0176907  -0.439517   -9.79913     0.669    1.006 0.781809
             0.89973 0.00460955  0.0196951 -0.0171876 0.000780348  0.00758162   0.0063254 0.0001 0.0001 0.0001 0.0001 0.0001 0.0001 0.715875 0.574009 0.621353  0.0111052  0.0053838 0.00600195   0.00163095     0.000207 -0.000221643  -0.0134629 -0.00587511  0.00411528 -0.0163698  -0.424108   -9.79981     0.669    1.371 0.799052
            0.999573  0.0329629  0.0191282 -0.0053926 0.00229389 0.00926257 0.00697191 0.0001 0.0001 0.0001 0.0001 0.0001 0.0001 0.551397 0.442769 0.428649  0.0141736  0.0105237 0.00572845   0.00154442  0.000207408 -0.000249891  -0.0142743 -0.00773958  0.00359325 -0.0155879  -0.422342   -9.79989     0.669   1.0055 0.781701
             1.09941  0.0319327  0.0289531 -0.0129459 0.00189748  0.0106851 0.00415082 0.0001 0.0001 0.0001 0.0001 0.0001 0.0001 0.604201   0.4766 0.486297 0.00599279  0.0117266 -0.0052139   0.00153837  0.000188246 -0.000233899 -0.00919818 -0.00796517   0.0133748 -0.0204543  -0.421703   -9.79991     0.669    0.995 0.775377
             1.20003  0.0202797  0.0172099 -0.0119119 0.00186003 0.00828556 0.00205741 0.0001 0.0001 0.0001 0.0001 0.0001 0.0001 0.611341 0.481224  0.47499  0.00299862 0.000108611  -0.0121771   0.00157218   0.00023431 -0.000235175 -0.00757812 -0.00220825   0.0179242 -0.0220121  -0.427037   -9.79968     0.669   1.0165 0.776193
             1.29989 0.0256965  0.021775 -0.013472 0.000138934  0.00667008  0.00559511 0.0001 0.0001 0.0001 0.0001 0.0001 0.0001 0.606282 0.472456 0.461984 -0.00341401 -0.00415958  0.00153595   0.00154561  0.000221805 -0.000233023  -0.00456679 -0.000511394   0.00715335 -0.0249213  -0.429123   -9.79958     0.669   1.0135 0.803651
             1.39973 0.00403059  0.0277029 -0.0203558 -0.00119392  0.00845882  0.00537581 0.0001 0.0001 0.0001 0.0001 0.0001 0.0001 0.603948 0.476992 0.470473 -0.00765401  0.00141552 0.000593624   0.00156782  0.000216649 -0.000213625 -0.00281017 -0.00331706   0.0079009 -0.0266099  -0.426403   -9.79969    0.669  1.0315 0.79302
             1.49956    0.032707   0.0251639 -0.00848145 -0.00115044   0.0071026   0.0058763 0.0001 0.0001 0.0001 0.0001 0.0001 0.0001 0.589619 0.466865 0.459884 -0.00343336 -0.00258589  0.00317009   0.00149934  0.000230456 -0.000247665 -0.00404374 -0.00166022  0.00714443 -0.0254252  -0.428022   -9.79962     0.669   1.0375 0.802892
              1.5994   0.004845  0.0193531 -0.0164599 -0.00123393   0.0069328  0.00659378 0.0001 0.0001 0.0001 0.0001 0.0001 0.0001 0.597034 0.453888 0.466049  -0.0016804 -0.00335018   0.0044782   0.00155971   0.00024284 -0.000227912 -0.00446782 -0.00185874  0.00636518 -0.0250193  -0.427863   -9.79963     0.669    1.023 0.800098
             1.70003   0.030541  0.0310323 -0.0011925 -0.00169022  0.00635006   0.0064687 0.0001 0.0001 0.0001 0.0001 0.0001 0.0001 0.575606 0.449389 0.479009 -0.00261225 -0.00452336  0.00269275  0.00148022 0.000211674 -0.00026168 -0.00395394 -0.00155334  0.00745084 -0.0255105  -0.428112   -9.79962     0.669   0.9955 0.791562
             1.79988  0.00398128   0.0262399 -0.00712683 -0.00236646  0.00257016  0.00633781 0.0001 0.0001 0.0001 0.0001 0.0001 0.0001 0.591985 0.438062 0.434739 -0.00464626  -0.0152205  0.00187558   0.00153872  0.000235629 -0.000241747 -0.00335398  0.00138732  0.00855262 -0.0260811  -0.430887    -9.7995     0.669   0.9955 0.792567
             1.89974   0.00916881    0.0265586 -0.000690593 -0.0023488 0.00244353 0.00922738 0.0001 0.0001 0.0001 0.0001 0.0001 0.0001  0.57858  0.43708 0.439872 -0.000438135   -0.0117953    0.0105442   0.00152734  0.000221595 -0.000248977 -0.00415457 5.42045e-05  0.00436325 -0.0253234  -0.429782   -9.79955     0.669   0.9815 0.793174
             1.99958   0.0269592   0.0293339 -0.00240683 -0.00105062    0.004826  0.00993001 0.0001 0.0001 0.0001 0.0001 0.0001 0.0001 0.585367 0.440939 0.479956  0.00546034 -0.00210492   0.0113188    0.0014884  0.000201568 -0.000244444 -0.00561648 -0.00273399   0.0044319 -0.0239242  -0.427106   -9.79967     0.669   1.0125 0.796049
             2.09942  0.0198945  0.0290708 -0.0143632 -0.00123264  0.00753446  0.00982747 0.0001 0.0001 0.0001 0.0001 0.0001 0.0001 0.584309 0.449382  0.44748 0.00205437 0.00478129 0.00740408   0.0015003  0.00020829 -0.00021355 -0.00472898 -0.00477156  0.00591361 -0.0247736  -0.425093   -9.79975     0.669   1.0125 0.797037
             2.20007   0.021062  0.0287278 -0.0119679 -0.000643779    0.0090742   0.00979574 0.0001 0.0001 0.0001 0.0001 0.0001 0.0001 0.570334 0.428411 0.482955 0.00477927 0.00766394 0.00527106    0.0015023  0.000197832 -0.000219442 -0.00499163 -0.00544842  0.00673889 -0.0245204   -0.42441   -9.79978     0.669   1.0215 0.799315
             2.29991  0.0317233  0.0226731 -0.0191656 0.00043514  0.0112593  0.0040561 0.0001 0.0001 0.0001 0.0001 0.0001 0.0001 0.580579 0.434775 0.464227 0.00505758 0.00907747 -0.0131594   0.00147199   0.00020521 -0.000194299 -0.00492485 -0.00606289   0.0140697 -0.0245677  -0.423519   -9.79982     0.669    1.013 0.789733
             2.39975 0.0183811 0.0208881 -0.021708 0.00113001  0.0119218 0.00433087 0.0001 0.0001 0.0001 0.0001 0.0001 0.0001 0.585557 0.416994 0.438544  0.00795724  0.00835796 -0.00852432   0.00151473  0.000207811 -0.000182302 -0.00519122  -0.0060235   0.0121893 -0.0243168  -0.423633   -9.79982     0.669    1.001 0.803197
             2.49958  0.0313274  0.0260572 -0.0175805 0.00142343  0.0110496  0.0043088 0.0001 0.0001 0.0001 0.0001 0.0001 0.0001 0.574245 0.427845 0.431703  0.00683476  0.00221383 -0.00674175   0.00149974   0.00019644 -0.000191594 -0.00483641  -0.0051364     0.01146 -0.0246571  -0.424513   -9.79978     0.669   1.0245 0.790142
             2.59941  0.0151397  0.0219816 -0.0180992 -0.000205785   0.00959773    0.0056088 0.0001 0.0001 0.0001 0.0001 0.0001 0.0001 0.578316 0.418153 0.417384 -0.000799047  -0.00152023  -0.00369043   0.00153322  0.000199836 -0.000184091 -0.00307587 -0.00426157   0.0097814 -0.026345 -0.425423  -9.79973     0.669     1.01 0.789604
             2.70005  0.0208886  0.0268369 -0.0132799 0.000553855  0.00969351  0.00572777 0.0001 0.0001 0.0001 0.0001 0.0001 0.0001 0.577407 0.438064  0.43924  0.00399571 -0.00108606  -0.0026767   0.00149379  0.000188831 -0.000201088 -0.00378386 -0.00443396  0.00912609 -0.0256694  -0.425282   -9.79974     0.669    1.027 0.799903
             2.79989  0.0141255  0.0257776 -0.0174711 -0.000585113    0.0074302   0.00649936 0.0001 0.0001 0.0001 0.0001 0.0001 0.0001  0.57406 0.400308 0.448903 -0.00155572 -0.00705339 -0.00108723   0.00150236  0.000184204 -0.000196052 -0.00265676 -0.00338188  0.00850737 -0.0267468  -0.426316   -9.79969    0.669   1.012 0.80583
             2.89972   0.0240561   0.0392996 -0.00422926 -0.00221108  0.00578156  0.00881171 0.0001 0.0001 0.0001 0.0001 0.0001 0.0001 0.572646 0.422288 0.453788 -0.00622639 -0.00961252  0.00556354   0.00147993  0.000158555 -0.000230373  -0.0017615 -0.00307255  0.00650267 -0.0276071  -0.426694   -9.79968  0.669     1 0.807
             2.99956 -0.00255791   0.0257255   -0.010903 -0.00214106  0.00422611  0.00971128 0.0001 0.0001 0.0001 0.0001 0.0001 0.0001 0.578043 0.413962 0.465506 -0.00332654  -0.0117383   0.0067944   0.00154597   0.00017689 -0.000218656 -0.00228862 -0.00280485  0.00613132 -0.0271039  -0.426964   -9.79967    0.669   0.988 0.80668
             3.09939  0.0136947  0.0356145 -0.0152828 -0.00197367  0.00723477   0.0100388 0.0001 0.0001 0.0001 0.0001 0.0001 0.0001 0.566572 0.437029 0.419508  -0.00147106 -0.000515183   0.00713951   0.00151229  0.000159818 -0.000202702 -0.00260941 -0.00470316  0.00615362 -0.0268011  -0.425151   -9.79975     0.669   0.9955 0.804119
             3.20002 0.00327931  0.0249887 -0.0143238 -0.000994005   0.00673146   0.00998936 0.0001 0.0001 0.0001 0.0001 0.0001 0.0001 0.584398  0.41533 0.433954  0.00243515 -0.00293044  0.00577773   0.00152407  0.000179589 -0.000196569 -0.00332821 -0.00449347  0.00672192 -0.0261131  -0.425327   -9.79974     0.669    1.019 0.804711
             3.29986  0.0203241  0.0230423 -0.0128027 -0.00038634  0.00729727   0.0084549 0.0001 0.0001 0.0001 0.0001 0.0001 0.0001 0.565248 0.418893 0.442169  0.00346686 0.000106976  0.00105648   0.00148288  0.000180181 -0.000202294  -0.0033762 -0.00473867  0.00844841 -0.0260628  -0.425024   -9.79975     0.669    1.004 0.795817
              3.3997 0.0240399 0.0245393 -0.012091 0.000773248    0.010025  0.00691631 0.0001 0.0001 0.0001 0.0001 0.0001 0.0001 0.573746 0.416346 0.476496  0.00590849  0.00590594 -0.00349481   0.00147751  0.000172945 -0.000205212 -0.00378319 -0.00585178  0.00949628 -0.0256736   -0.42392    -9.7998     0.669    1.009 0.811695
             3.49954  0.0108058  0.0186163 -0.0269051 0.000540217   0.0126503  0.00534591 0.0001 0.0001 0.0001 0.0001 0.0001 0.0001 0.574091 0.425734 0.443511   0.0030247    0.011719 -0.00739488  0.00150713 0.000184948 -0.00017296 -0.00316334 -0.00660208   0.0104554 -0.0262627  -0.423169   -9.79983     0.669   1.0055 0.803083
             3.59936  0.0283368   0.028711 -0.0275487 0.000453642   0.0141162   0.0059965 0.0001 0.0001 0.0001 0.0001 0.0001 0.0001 0.573799 0.407157 0.453695  0.00212199   0.0123521 -0.00295206   0.00147362  0.000159966 -0.000180668 -0.00302375 -0.00680607  0.00939959 -0.0263992  -0.423017   -9.79984     0.669    1.016 0.814961
                 3.7  0.0152027  0.0225998 -0.0289206 -0.000822826    0.0128927   0.00759397 0.0001 0.0001 0.0001 0.0001 0.0001 0.0001 0.571791 0.427084 0.418059 -0.00263201  0.00546139  0.00176396  0.00148302 0.000174588 -0.00018294 -0.00223854  -0.0059439  0.00825911 -0.0271484  -0.423884    -9.7998     0.669    1.015 0.812315
             3.79984  0.0110798  0.0274247 -0.0316153 -0.000164717    0.0136195   0.00752016 0.0001 0.0001 0.0001 0.0001 0.0001 0.0001 0.561736 0.396372 0.422839 0.00175769 0.00629693 0.00158874   0.00146942  0.000162844 -0.000174172 -0.00272144 -0.00600297  0.00835061 -0.0266889  -0.423823    -9.7998     0.669    1.005 0.802488
             3.89966  0.0156627  0.0305713 -0.0250981 -0.00051158   0.0128047  0.00770843 0.0001 0.0001 0.0001 0.0001 0.0001 0.0001 0.579007 0.429166 0.425463 -0.000417441   0.00173449   0.00179108   0.00145651  0.000162411 -0.000187929 -0.00243346  -0.0054842  0.00848355 -0.0269613  -0.424311   -9.79978     0.669    1.026 0.813353
              3.9995  0.0184443   0.026877 -0.0241293 -0.000356544    0.0121103   0.00574365 0.0001 0.0001 0.0001 0.0001 0.0001 0.0001 0.574228 0.398771 0.437571 -0.00075813 -9.1772e-05 -0.00473855   0.00145515  0.000176223 -0.000192331  -0.0024049 -0.00510082  0.00995063 -0.0269831  -0.424618   -9.79977     0.669   1.0105 0.811479
             4.09975  0.0168965  0.0286705 -0.0146273 -0.0014276 0.00913376  0.0066585 0.0001 0.0001 0.0001 0.0001 0.0001 0.0001 0.570836 0.416922 0.414682 -0.00421784 -0.00805069 -0.00119679   0.00146009  0.000181791 -0.000213123 -0.00195581 -0.00414606  0.00926277 -0.0274104  -0.425552   -9.79973     0.669   0.9985 0.816224
             4.19959 0.000424132   0.0234785  -0.0167073 -0.00261151  0.00470496   0.0080378 0.0001 0.0001 0.0001 0.0001 0.0001 0.0001 0.569049 0.407971 0.475116 -0.00582209  -0.0164902  0.00225151   0.00149515  0.000186532 -0.000204939 -0.00161781 -0.00297992  0.00854919 -0.027732 -0.426686  -9.79968     0.669   0.9945 0.807944
             4.29945 0.00549207  0.0278896 -0.0175127 -0.00240859  0.00534748  0.00912528 0.0001 0.0001 0.0001 0.0001 0.0001 0.0001 0.569137 0.421588 0.431033 -0.00190256  -0.0110083  0.00561642   0.00149534  0.000176219 -0.000196744 -0.00206989 -0.00375512  0.00784716 -0.0273067  -0.425978   -9.79971     0.669    0.983 0.816378
             4.39969  0.0128217  0.0318749 -0.0138806 -0.00146469  0.00641669   0.0110978 0.0001 0.0001 0.0001 0.0001 0.0001 0.0001 0.573176  0.40837  0.41905  0.00432187 -0.00456626   0.0099013  0.00147343 0.000169045 -0.00020143 -0.00268693  -0.0044676  0.00675789 -0.0267267  -0.425346   -9.79974     0.669    1.022 0.825342
             4.49953  0.0119043   0.026261 -0.0138455 2.75375e-05  0.00776984   0.0113172 0.0001 0.0001 0.0001 0.0001 0.0001 0.0001 0.558002 0.418312 0.441467   0.00851491 -0.000685433   0.00804351   0.00146165  0.000176215 -0.000200441 -0.00317581 -0.00502669  0.00703054 -0.0262635  -0.424806   -9.79976     0.669   1.0025 0.802993
             4.59938  0.0278788  0.0327645 -0.0105639 -0.000419511   0.00800248    0.0105958 0.0001 0.0001 0.0001 0.0001 0.0001 0.0001 0.567098 0.409738 0.451668   0.00308286 -3.16103e-05   0.00308413   0.00144041  0.000161401 -0.000206173   -0.002455 -0.00505555  0.00805372 -0.0269416  -0.424739   -9.79976     0.669   1.0035 0.807175
             4.70002  0.0217853  0.0279066 -0.0180225 -0.000255483    0.0085078   0.00840261 0.0001 0.0001 0.0001 0.0001 0.0001 0.0001 0.573877 0.429917 0.455916  0.00176138 0.000844624 -0.00432159   0.00146522    0.0001677 -0.000189931 -0.00225843 -0.00515199  0.00951511 -0.0271225  -0.424591   -9.79977     0.669    1.018 0.803536
             4.79987 0.00597133  0.0292462 -0.0235212 0.00013935 0.00959478  0.0089821 0.0001 0.0001 0.0001 0.0001 0.0001 0.0001 0.565513 0.408083  0.45442   0.0038805  0.00286985 -0.00130734   0.00150805  0.000159511 -0.000176489  -0.0024002 -0.00547216  0.00887708 -0.0269912  -0.424314   -9.79978     0.669     1.03 0.808738
             4.89971  0.0211238  0.0324224 -0.0242993 0.000993861   0.0120671  0.00850901 0.0001 0.0001 0.0001 0.0001 0.0001 0.0001 0.572618 0.417758 0.396592 0.00587743 0.00920417 -0.0013306   0.00147585  0.000157362 -0.000176983 -0.00258664 -0.00608803  0.00896365 -0.026816 -0.423729  -9.79981     0.669   1.0015 0.825262
             4.99955  0.0168773  0.0273975 -0.0216366 0.000987329   0.0121098  0.00891518 0.0001 0.0001 0.0001 0.0001 0.0001 0.0001 0.556783 0.397494 0.420182   0.00405253   0.00646526 -0.000499094    0.0014814   0.00017051 -0.000180573 -0.00236481 -0.00586132  0.00874126 -0.0270255  -0.423952    -9.7998     0.669    1.009 0.817146
             5.09939  0.0120772  0.0284869 -0.0264917 -0.00042819    0.011544   0.0073092 0.0001 0.0001 0.0001 0.0001 0.0001 0.0001 0.570063 0.418793 0.424281 -0.00393591  0.00401669 -0.00502335   0.00148391  0.000168037 -0.000174501 -0.00150334 -0.00545462  0.00982674 -0.0278329  -0.424294   -9.79978     0.669    1.041 0.804995
             5.20002 0.00344035  0.0281898 -0.0289299 -0.00100555  0.00988302  0.00734876 0.0001 0.0001 0.0001 0.0001 0.0001 0.0001 0.570917 0.394218 0.436014 -0.00465252  -0.0019177 -0.00430112   0.00149514  0.000173159 -0.000171318 -0.00147091 -0.00492748   0.0096118 -0.0278631  -0.424799   -9.79976     0.669   1.0115 0.819081
             5.29986 0.00836777  0.0265974 -0.0171669 -0.00124564  0.00656881  0.00841444 0.0001 0.0001 0.0001 0.0001 0.0001 0.0001 0.578837 0.414809 0.421112  -0.00334105  -0.00901575 -0.000888589   0.00148955  0.000182715 -0.000190615 -0.00164236  -0.0041254  0.00893746 -0.0277027   -0.42558   -9.79972   0.669      1 0.8295
             5.39969  0.0101387  0.0308087 -0.0145102 -0.00229882  0.00611597  0.00803181 0.0001 0.0001 0.0001 0.0001 0.0001 0.0001 0.565335  0.39665 0.468644 -0.00605603 -0.00815992  -0.0020129   0.00148687  0.000172931 -0.000192286 -0.00134413 -0.00423885  0.00913882 -0.0279823  -0.425465   -9.79973     0.669   1.0065 0.819672
             5.49955   0.015588  0.0282111 -0.0116441 -0.00173914  0.00500371   0.0104888 0.0001 0.0001 0.0001 0.0001 0.0001 0.0001 0.555483  0.41376 0.420462 0.000557471 -0.00919367  0.00490136   0.00147909  0.000170796 -0.000194365 -0.00192006 -0.00423145  0.00770984 -0.0274469  -0.425527   -9.79973     0.669   0.9815 0.812532
             5.59938   0.0127612   0.0429848 -0.00939432 -0.00157653  0.00432323   0.0132367 0.0001 0.0001 0.0001 0.0001 0.0001 0.0001 0.562327 0.399256 0.440351  0.00203677 -0.00773416   0.0119958    0.0014822  0.000147233 -0.000191862 -0.00206339 -0.00435139  0.00658761 -0.0273168  -0.425457   -9.79973     0.669   0.9965 0.812845
             5.70001 0.00500184  0.0362561 -0.0227037  -0.002412 0.00526511  0.0143158 0.0001 0.0001 0.0001 0.0001 0.0001 0.0001 0.555497 0.410268 0.416922 -0.00251964 -0.00445806   0.0113126   0.00148868  0.000159872 -0.000176048 -0.00165777 -0.00476325  0.00665043 -0.0276971   -0.42507   -9.79975     0.669   1.0015 0.803794
             5.79985  0.0378243  0.0379962 0.00128457 -0.000117525   0.00541116    0.0118638 0.0001 0.0001 0.0001 0.0001 0.0001 0.0001 0.572127 0.412831 0.450037     0.00658 -0.00258838  0.00237427   0.00143698  0.000155304 -0.000220301  -0.0024422 -0.00481412  0.00817943 -0.0269578  -0.424962   -9.79975     0.669   1.0015 0.815776
             5.89967   0.0199359   0.0387226 -0.00939959 0.000490776  0.00773471  0.00935319 0.0001 0.0001 0.0001 0.0001 0.0001 0.0001 0.564998 0.405316 0.439346  0.00461896  0.00207701 -0.00496708   0.00146392  0.000162038 -0.000199862 -0.00231576 -0.00536165  0.00937697 -0.0270734  -0.424403   -9.79978    0.669    1.01 0.80297
              5.9995   0.0305153   0.0341483 -0.00966957 0.00124297 0.00861915 0.00741848 0.0001 0.0001 0.0001 0.0001 0.0001 0.0001 0.573403 0.418926  0.45009  0.00600987  0.00418477 -0.00974981   0.00144798  0.000167231 -0.000198629 -0.00234106 -0.00547743  0.00998027 -0.0270484  -0.424271   -9.79978     0.669   1.0465 0.811753
             6.09975  0.0059008  0.0276735 -0.0282941 0.000123309    0.010332  0.00804019 0.0001 0.0001 0.0001 0.0001 0.0001 0.0001 0.566916 0.405489 0.413681 -0.000323924    0.0073352  -0.00541054   0.00148431   0.00018279 -0.000170225 -0.00179875 -0.00582315  0.00933037 -0.0275571  -0.423977   -9.79979     0.669     1.01 0.819307
             6.19959  0.0128746  0.0348022 -0.0240695 -0.00036064     0.01047  0.00953914 0.0001 0.0001 0.0001 0.0001 0.0001 0.0001 0.564484 0.409259 0.445002 -0.000594096   0.00694063 -9.90523e-05   0.00147948  0.000167292 -0.000177814 -0.0017033 -0.0057206 0.00847469 -0.0276477  -0.424107   -9.79979     0.669    1.019 0.812561
             6.29943  0.0145208  0.0329431 -0.0309638 -0.00120035   0.0129554  0.00753082 0.0001 0.0001 0.0001 0.0001 0.0001 0.0001 0.562549 0.421285 0.413384  -0.0039037    0.011703 -0.00668493   0.00146918  0.000177957 -0.000171283 -0.00136918 -0.00607415  0.00932523 -0.027958 -0.423745   -9.7998     0.669    1.014 0.822978
             6.40006  0.0145634  0.0194752 -0.0312233 -0.000813748    0.0142422   0.00684058 0.0001 0.0001 0.0001 0.0001 0.0001 0.0001 0.553991 0.387978 0.428736 -0.000402204    0.0117088  -0.00666949   0.00147329   0.00019395 -0.000170152 -0.00163461 -0.00608753  0.00927684 -0.0277113  -0.423734    -9.7998     0.669    1.007 0.818272
              6.4999  0.0196845  0.0285839 -0.0253521 -0.000494669    0.0151834   0.00653349 0.0001 0.0001 0.0001 0.0001 0.0001 0.0001 0.575665 0.408238 0.409783 0.000956909   0.0131966 -0.00532365   0.00147105  0.000191182 -0.000183977 -0.00177209 -0.00604593  0.00909493 -0.027584 -0.423779   -9.7998     0.669   1.0055 0.818001
             6.59974   0.0381012   0.0436811 -0.00630293 -0.000296041    0.0158069    0.0057696 0.0001 0.0001 0.0001 0.0001 0.0001 0.0001 0.569145 0.392543 0.451508 -0.00434314  0.00919691 -0.00594295   0.00144204  0.000194915 -0.000179942  -0.0017675 -0.00591149  0.00918203 -0.0275878  -0.423901    -9.7998     0.669    1.009 0.806739
             6.69958  0.0118236   0.136784 -0.0560675 -0.000501564    0.0118209   0.00811961 0.0001 0.0001 0.0001 0.0001 0.0001 0.0001 0.553524 0.406076 0.407889 -0.0213736 0.00124769 0.00463765  0.00147187 0.000192161  -0.0001692 -0.00170289 -0.00494008  0.00812565 -0.0276485  -0.424843   -9.79976     0.669    0.979 0.812564
             6.79941 0.0687236   1.91223  0.217636 -0.00128222  0.00826815  0.00133453 0.0001 0.0001 0.0001 0.0001 0.0001 0.0001 0.560384 0.391608 0.466464  0.0136382 -0.0141963 -0.0186197   0.00156512  0.000100333 -0.000175064 -0.00139028 -0.00415681   0.0110804 -0.0279354  -0.425455   -9.79973     0.669   0.9865 0.813482
             6.90005 -0.466086   4.67114  0.746396 -0.00489334  0.00729155   0.0120114 0.0001 0.0001 0.0001 0.0001 0.0001 0.0001 0.570143 0.379604  0.41052  -0.100927 0.00107622   0.123515    0.0014585 -0.000210234 -0.000415628 -0.00160363 -0.00426592  0.00785349 -0.0275732  -0.425461   -9.79973      0.61   0.9565 0.831678
             6.99988 -0.403365   3.92169   1.01149 -0.0120363  0.0101823  0.0324183 0.0001 0.0001 0.0001 0.0001 0.0001 0.0001 0.586576  0.39957 0.413861 -0.0351391 0.00688417   0.193204   0.00143152  0.000293689 -0.000357967  -0.0016403 -0.00507232  0.00533681 -0.0270787  -0.424728   -9.79976     0.615   0.9855 0.815322
             7.09972 -0.606292   5.53114  0.581211 -0.0121099  0.0114649  0.0534352 0.0001 0.0001 0.0001 0.0001 0.0001 0.0001 0.554562 0.370431 0.428576 -0.031412 0.0158946  0.276473    0.0015995  5.44478e-05 -0.000313926 -0.00275608 -0.00490208  0.00617156 -0.0261529  -0.424625   -9.79977     0.631    0.923 0.834236
             7.19956 -0.463599   4.91629 -0.313444 -0.0189686  0.0115152   0.083198 0.0001 0.0001 0.0001 0.0001 0.0001 0.0001  0.58234 0.405257 0.449361  -0.056734 0.00233506   0.309784   0.00153088  0.000234879 -0.000269143 -0.00199331 -0.00487748  0.00634449 -0.0270913  -0.424951   -9.79975     0.619    0.956 0.828452
             7.29938 -0.345156   4.97532 -0.663853 -0.0271609 0.00869762   0.113723 0.0001 0.0001 0.0001 0.0001 0.0001 0.0001 0.560726 0.372503 0.420846  -0.096523 -0.0102105   0.317743   0.00151779  0.000152523 -0.000323221 -0.00191087 -0.00443131  0.00702157 -0.027641 -0.425495  -9.79973     0.622    0.981 0.795107
             7.40003 -0.417991   4.92143 -0.924654 -0.0405256 0.00620639    0.14706 0.0001 0.0001 0.0001 0.0001 0.0001 0.0001 0.561267 0.392442 0.408333   -0.13534 -0.0143255   0.324436  0.00160482  0.00016889 -0.00031207 -0.00127911 -0.00421405  0.00687826 -0.0281467   -0.42579   -9.79971     0.624   0.9405 0.799575
             7.49987 0.373755  6.03821 -1.02275 -0.0531607 0.00212191   0.179395 0.0001 0.0001 0.0001 0.0001 0.0001 0.0001  0.57357 0.374094  0.42897  -0.134521 -0.0211246   0.321473   0.00151094  5.91409e-05 -0.000345659 -0.00144276 -0.00391727   0.0066901 -0.0277923  -0.426061    -9.7997     0.622   0.9825 0.788804
             7.59971 0.123165  7.42385 -1.12638  -0.0659699 -0.00127537    0.212712 0.0001 0.0001 0.0001 0.0001 0.0001 0.0001 0.576608  0.37755 0.421445 -0.132324 -0.012591  0.325362   0.00166812  3.15547e-05 -0.000355419 -0.00147136 -0.00360839  0.00626402 -0.0273141   -0.42639   -9.79969     0.623   0.9555 0.796965
             7.69956 -0.235302   8.51589  -1.33657   -0.080996 -0.00477913    0.248444 0.0001 0.0001 0.0001 0.0001 0.0001 0.0001 0.536087 0.342977 0.415702   -0.133904 -0.00879244    0.326059   0.00160023  -1.5473e-06 -0.000436906 -0.000265114  -0.00308823   0.00516909 -0.0271353  -0.426749   -9.79967     0.623     0.91 0.792308
              7.7994 -0.727665   9.94793  -1.69401  -0.0956713 -0.00213317    0.284115 0.0001 0.0001 0.0001 0.0001 0.0001 0.0001   0.5633 0.348581 0.427875 -0.121797 0.0114197  0.326897   0.00173206 -1.13903e-05 -0.000420151 0.000962755 -0.00352636  0.00413287 -0.0266984  -0.426242    -9.7997    0.587   0.951 0.76183
             7.90005 -1.04784  11.5135 -2.25262  -0.103742 0.00210735    0.31503 0.0001 0.0001 0.0001 0.0001 0.0001 0.0001  0.57537 0.407787 0.463615 -0.0865745  0.0225051   0.302746   0.00161772 -5.63252e-05 -0.000524671 0.000325403 -0.00417443  0.00415861 -0.0260066  -0.425948   -9.79971     0.559    0.967 0.773009
             7.99989 -1.64266  11.9427 -2.58311  -0.110521 0.00228692   0.344925 0.0001 0.0001 0.0001 0.0001 0.0001 0.0001 0.548529  0.36283 0.469897 -0.0654426  0.0163859   0.282202   0.00157245 -4.14666e-06 -0.000627629 0.000222215 -0.00389613  0.00387662 -0.0255458  -0.426359    -9.7997     0.546    0.934 0.769807
             8.09973  -1.9795   11.814 -2.61438  -0.114703 0.00714375   0.370535 0.0001 0.0001 0.0001 0.0001 0.0001 0.0001 0.571459 0.391581 0.457542 -0.0435257 0.00924291   0.256555   0.00163857  5.04495e-05 -0.000637553 -0.000420309   -0.0045733   0.00413131 -0.0252596  -0.426039   -9.79971     0.535   0.9695 0.768953
             8.19957 -1.36578  11.3447 -2.70974  -0.119654 0.00549246   0.393008 0.0001 0.0001 0.0001 0.0001 0.0001 0.0001 0.558467 0.368041 0.469572  -0.0498143 -0.00977234     0.24345   0.00149686  8.03686e-05 -0.000644824 -0.00173565 -0.00432456  0.00518632 -0.0267705  -0.426309    -9.7997     0.547    0.958 0.767223
             8.29942 -0.711791   10.8708  -2.36735  -0.126183 0.00644878   0.416128 0.0001 0.0001 0.0001 0.0001 0.0001 0.0001 0.570024 0.389163 0.501387 -0.0448499 -0.0109332   0.237669    0.0016281  0.000101919 -0.000572337  -0.0017225 -0.00444582  0.00577646 -0.0279125  -0.425801   -9.79971    0.543   1.019 0.78263
             8.40006 -0.396083   10.6351  -2.25785  -0.131948 0.00186902   0.440304 0.0001 0.0001 0.0001 0.0001 0.0001 0.0001  0.57237 0.398853 0.454882 -0.0518511  -0.013375   0.251451   0.00161373  4.35755e-05 -0.000535612 -0.00206503 -0.00377968  0.00612049 -0.0288884  -0.426193   -9.79969     0.542    1.048 0.782443
              8.4999 -0.322218   10.3744  -2.46906  -0.136225 0.00500394   0.465966 0.0001 0.0001 0.0001 0.0001 0.0001 0.0001 0.579257 0.391595 0.482848 -0.0294354 0.00135814   0.273732   0.00162224    6.841e-05 -0.000465023 -0.00168587  -0.0044506  0.00618449 -0.0287195  -0.425483   -9.79973     0.544    1.097 0.777575
             8.59974 -0.128047   10.8906  -2.47903  -0.138228 0.00326321   0.495048 0.0001 0.0001 0.0001 0.0001 0.0001 0.0001 0.565245 0.373767  0.44547 -0.0140705 0.00463025   0.310228   0.00155234 -1.16861e-05 -0.000513497 -0.00161793  -0.0041553  0.00613884 -0.0288386  -0.425656   -9.79972    0.572  1.0285 0.79825
             8.69958 -0.693151   10.5134  -2.49705   -0.13741 0.00579591   0.525158 0.0001 0.0001 0.0001 0.0001 0.0001 0.0001 0.583093 0.389904 0.470946 -0.0039837  0.0359681   0.393992    0.0016729  8.50849e-05 -0.000495764 -0.00454372 -0.00462953  0.00759538 -0.030429 -0.426006   -9.7997     0.553    1.088 0.790441
             8.79942 -0.261409   10.9763  -1.73409  -0.137124 0.00947875   0.568512 0.0001 0.0001 0.0001 0.0001 0.0001 0.0001  0.57532 0.391628 0.480167 0.00793178  0.0509045   0.495817  0.00158864 2.95345e-05  -0.0005711 -0.00515102 -0.00449886  0.00804141 -0.031159 -0.426088  -9.79969     0.556   1.0815 0.791031
             8.90006 -0.116702   10.7588  -1.59559 -0.134688 0.0126501  0.623569 0.0001 0.0001 0.0001 0.0001 0.0001 0.0001 0.570047 0.388952 0.480077 0.0326348 0.0500435  0.562473   0.00160929  0.000104362 -0.000507473 -0.00444636 -0.00426151  0.00719739 -0.0299757  -0.426484   -9.79968     0.56   1.098 0.79326
             8.99989 0.127355  10.8226 -1.68872 -0.130832 0.0213261  0.683013 0.0001 0.0001 0.0001 0.0001 0.0001 0.0001 0.542371  0.35181 0.454517 0.0401045 0.0615058  0.607099   0.00161993  8.92164e-05 -0.000446252 -0.00343756  -0.0048132  0.00675312 -0.0291457  -0.425918   -9.79971     0.588    1.042 0.784069
             9.09972 0.367183  10.6669 -1.49765 -0.125782 0.0226095  0.746271 0.0001 0.0001 0.0001 0.0001 0.0001 0.0001 0.568891 0.392268 0.475247  0.032554 0.0492277  0.659596   0.00155506  0.000105365 -0.000497354 -0.00393379 -0.00428528  0.00658649 -0.0289594  -0.426615   -9.79968    0.598  1.0195 0.78666
             9.19956 0.843213  10.2889 -1.50991 -0.122783 0.0326361  0.813369 0.0001 0.0001 0.0001 0.0001 0.0001 0.0001 0.574083 0.399455   0.4976 0.0291491 0.0602253  0.690922   0.00155643  0.000141206 -0.000415143 -0.00361406 -0.00499878  0.00661298 -0.0287249  -0.425955   -9.79971     0.582   1.0915 0.786532
             9.29941  1.10791  10.4858 -1.87959  -0.12129 0.0348217  0.886672 0.0001 0.0001 0.0001 0.0001 0.0001 0.0001 0.576608 0.387375  0.46474 0.0289474 0.0415185  0.734502   0.00161196  9.92678e-05 -0.000354757 -0.00264688 -0.00449231  0.00599139 -0.0282604  -0.426357   -9.79969     0.589    1.094 0.792505
             9.40005 0.641586  10.9529  -2.4017 -0.118559 0.0372781  0.961336 0.0001 0.0001 0.0001 0.0001 0.0001 0.0001 0.582388 0.386234 0.491905 0.0104883 0.0537217  0.748622   0.00169305  5.53005e-05 -0.000353188 -0.00302941 -0.00415743  0.00600361 -0.0282862  -0.426741   -9.79967      0.59      1.1 0.803636
             9.49989 -0.250601   10.1207  -2.81675 -0.120848 0.0448744   1.03615 0.0001 0.0001 0.0001 0.0001 0.0001 0.0001 0.543242 0.351465 0.453502 -0.0211783  0.0620068   0.749262  0.00173784 0.000140115 -0.00036677 -0.00296485 -0.00419574  0.00636632 -0.0289612  -0.426372   -9.79969     0.629   1.0345 0.773804
             9.59973 -0.651317    10.154  -3.16436 -0.121789 0.0441048    1.1114 0.0001 0.0001 0.0001 0.0001 0.0001 0.0001 0.569538 0.378113 0.468532 -0.00902837   0.0351618    0.709624   0.00174844  7.41404e-05 -0.000370434 -0.00239992 -0.00351721  0.00562361 -0.0282624  -0.427243   -9.79965     0.638    1.043 0.788111
             9.69957 -0.77555  9.39937 -3.00373 -0.124157 0.0457562   1.17334 0.0001 0.0001 0.0001 0.0001 0.0001 0.0001 0.547828 0.366285 0.449828 -0.0675087  0.0303885    0.63926   0.00167215  0.000110951 -0.000445255 -0.00537544 -0.00309546  0.00752658 -0.0306287  -0.427356   -9.79964     0.654    1.025 0.777561
             9.79942 -0.58773  6.93025 -2.35721 -0.132344 0.0456042   1.23548 0.0001 0.0001 0.0001 0.0001 0.0001 0.0001 0.564414 0.377009 0.473429 -0.0724469 0.00324091   0.571004   0.00165633   0.00028741 -0.000434471  -0.0048841 -0.00274152  0.00716982 -0.0304423  -0.427587   -9.79963     0.676    1.039 0.777671
             9.90006  0.12332  7.03087 -1.31858 -0.138064 0.0450491   1.29116 0.0001 0.0001 0.0001 0.0001 0.0001 0.0001  0.56277 0.376456 0.469246   -0.039615 -0.00812922    0.479118    0.0015723  0.000112596 -0.000401918  -0.0039718 -0.00277595  0.00637199 -0.029514 -0.427663  -9.79963     0.695   1.0405 0.795291
              9.9999  0.114686    6.5747 -0.833828 -0.143852 0.0432254    1.3335 0.0001 0.0001 0.0001 0.0001 0.0001 0.0001 0.566524 0.397167 0.470463  -0.0564576 -0.00661716    0.372645   0.00159634  0.000144075 -0.000367523 -0.00416524  -0.0025568  0.00661497 -0.0299288  -0.427744   -9.79962     0.715   1.0195 0.803335
             10.0997 -0.593256   6.39005 -0.983024 -0.151854  0.041578   1.37061 0.0001 0.0001 0.0001 0.0001 0.0001 0.0001 0.574676 0.402317 0.451722  -0.0492566 -0.00158224    0.303114   0.00178889  0.000138806 -0.000241093 -0.00236661 -0.00208653   0.0055831 -0.0296363  -0.427638   -9.79963     0.695   1.0885 0.785944
             10.1996 -0.533383   5.21974 -0.498891 -0.160126 0.0422384   1.39016 0.0001 0.0001 0.0001 0.0001 0.0001 0.0001 0.566711 0.408713 0.468707   -0.12226 0.00417598   0.227513   0.00161078  0.000235778 -0.000322662 -0.00426017 -0.00218078  0.00800057 -0.0315729  -0.427626   -9.79962     0.702    1.089 0.770432
             10.2994 -0.629744   3.57855   0.36355 -0.172108 0.0398657   1.41422 0.0001 0.0001 0.0001 0.0001 0.0001 0.0001 0.540497 0.399068 0.441168    -0.12702 -0.00893164     0.20718   0.00165771  0.000313354 -0.000292957 -0.00395291   -0.001855  0.00718526 -0.0310096   -0.42789   -9.79961     0.748     1.04 0.760577
             10.3997 0.39952 1.90604 1.26671 -0.186232 0.0409558   1.43363 0.0001 0.0001 0.0001 0.0001 0.0001 0.0001 0.547362 0.406988 0.498144  -0.161029 -0.0116227   0.182476   0.00150606  0.000328353 -0.000246556 -0.00404978 -0.00214248   0.0072571 -0.0309154  -0.427635   -9.79963     0.774   1.0305 0.753033
             10.4995  0.399817 -0.735945   1.78948 -0.205048 0.0449973   1.45124 0.0001 0.0001 0.0001 0.0001 0.0001 0.0001 0.529673  0.36229 0.502883  -0.17246 0.0171152   0.15372  0.00153696 0.000432916 -0.00011482 -0.00361872 -0.00271024  0.00717005 -0.0311054  -0.427223   -9.79964    0.801   1.042 0.71833
             10.5994 0.130839 -1.79629  1.96702 -0.220121 0.0515225   1.46344 0.0001 0.0001 0.0001 0.0001 0.0001 0.0001 0.525037 0.379217 0.457587 -0.148139 0.0394265  0.104418   0.00150218  0.000314526 -3.99445e-05 -0.00391755 -0.00320746  0.00729784 -0.0310203  -0.426664   -9.79967     0.848   1.0455 0.682449
                10.7 0.00875127   -1.60736    2.43203 -0.232169 0.0575692    1.4721 0.0001 0.0001 0.0001 0.0001 0.0001 0.0001 0.555129 0.389437  0.45503 -0.109497 0.0515871 0.0603035   0.00152359  0.000225183 -5.42035e-06 -0.00430971 -0.00330407   0.0069912 -0.0309336  -0.426329   -9.79968     0.874   1.0445 0.671613
             10.7998 -0.448993  -1.68283   3.07048 -0.240925 0.0609758   1.47675 0.0001 0.0001 0.0001 0.0001 0.0001 0.0001 0.558992 0.434499 0.483268 -0.101198 0.0554446 0.0529238   0.00154865  0.000260893 -4.43229e-05 -0.00447204 -0.00279885  0.00724626 -0.0304723  -0.426386   -9.79968    0.841   1.086 0.70442
             10.8997 -0.137793  -2.31734   4.23451 -0.251604 0.0703913   1.48291 0.0001 0.0001 0.0001 0.0001 0.0001 0.0001 0.543612 0.402497 0.486397 -0.0839704  0.0761862  0.0555911    0.0014435  0.000319306 -6.47581e-05 -0.00449985 -0.00345463  0.00699277 -0.0310714  -0.426255   -9.79968     0.854    1.075 0.692558
             10.9995 0.0667574  -3.04707   5.26124 -0.261027 0.0751668   1.48535 0.0001 0.0001 0.0001 0.0001 0.0001 0.0001 0.544103 0.414868 0.465758 -0.0848956  0.0663445  0.0447486   0.00140199  0.000359249 -3.33049e-05  -0.0031764 -0.00341996  0.00803588 -0.0303516  -0.426925   -9.79966     0.856   1.0855 0.700599
             11.0997 0.247678  -3.7517  6.46499 -0.267946 0.0779577   1.49236 0.0001 0.0001 0.0001 0.0001 0.0001 0.0001 0.541166 0.418387 0.454391 -0.0588393  0.0531103  0.0455412   0.00142432  0.000374898 -1.18403e-05 -0.00364963 -0.00278942  0.00720898 -0.0305159  -0.427053   -9.79965     0.918   1.0385 0.690419
             11.1996 0.248274 -3.84141  7.70437 -0.272235 0.0802901   1.49708 0.0001 0.0001 0.0001 0.0001 0.0001 0.0001  0.66279 0.517778 0.583821 -0.0312899  0.0521072  0.0274501  0.00142956 0.000354896 5.93409e-06  -0.0034318 -0.00235555  0.00694467 -0.0302872  -0.427406   -9.79964     0.943    1.475 0.706102
             11.2994 0.172619 -3.98764   9.3693 -0.273645 0.0871831   1.50258 0.0001 0.0001 0.0001 0.0001 0.0001 0.0001 0.466669 0.368989 0.430032 -0.0274945  0.0720226  0.0324304   0.00137985  0.000373819 -1.06815e-05 -0.00519278 -0.00155832  0.00587516 -0.0311368  -0.426341   -9.79968     0.968   1.0175 0.680098
             11.4001 0.285829 -4.37937  11.3464 -0.275225 0.0973751   1.50328 0.0001 0.0001 0.0001 0.0001 0.0001 0.0001 0.523697 0.407517 0.463262 -0.0235844  0.0890827  0.0158182   0.00132317  0.000450586 -2.69881e-05 -0.00516523 -0.00146639  0.00648522 -0.030801 -0.425731  -9.79971     0.943    1.054 0.675522
             11.4999 0.487977 -4.61222  13.6004 -0.27619 0.106156  1.50393 0.0001 0.0001 0.0001 0.0001 0.0001 0.0001 0.523379 0.425701 0.485299  -0.019732  0.0905754 0.00689059    0.0012934  0.000497128 -1.45951e-05  -0.00525812 -0.000659475   0.00660648 -0.0303536  -0.424977   -9.79974     0.951    1.064 0.650376
             11.5997  0.80735 -4.72299  15.8655 -0.278379  0.120411   1.50117 0.0001 0.0001 0.0001 0.0001 0.0001 0.0001 0.541617 0.443113 0.495851  -0.020765   0.105161 -0.0109786  0.00120659 0.000555756 2.65418e-06 -0.00581455 -0.00126192  0.00739739 -0.0309115  -0.424414   -9.79977     0.954   1.0935 0.673983
             11.6996  1.04108 -4.70261  18.0052 -0.282555  0.135009    1.4982 0.0001 0.0001 0.0001 0.0001 0.0001 0.0001 0.540349 0.430617 0.486737 -0.0258361   0.109923 -0.0183036  0.00115606  0.00060765 5.20333e-05 -0.00653585 -0.00321392  0.00785016 -0.0323164  -0.425306   -9.79972     0.949    1.076 0.666357
             11.7994  1.27887 -4.51635  20.0751 -0.284679  0.150443   1.49384 0.0001 0.0001 0.0001 0.0001 0.0001 0.0001 0.543882 0.446451  0.48071  -0.020284    0.11317 -0.0359106   0.0011131 0.000659642 7.75728e-05 -0.00805368 -0.00333873  0.00833312 -0.0336633  -0.424316   -9.79976     0.951    1.093 0.683898
                11.9 1.33484 -3.9935 21.9995 -0.287228  0.165203   1.48818 0.0001 0.0001 0.0001 0.0001 0.0001 0.0001 0.550874 0.453875 0.500628 -0.0185816    0.11316 -0.0563734  0.00109948 0.000691889 0.000104316 -0.00951247 -0.00400322  0.00864583 -0.0352088  -0.424098   -9.79976     0.951   1.0885 0.698209
             11.9999  1.46877 -3.07978  23.7046 -0.285871  0.173931   1.48152 0.0001 0.0001 0.0001 0.0001 0.0001 0.0001 0.544525 0.477519 0.484278 -0.00362865   0.0923681  -0.0786423   0.0010604  0.00070742 0.000101634  -0.00885976 -0.000838211   0.00848905 -0.0336622  -0.421446   -9.79988      0.95    1.053 0.717474
             12.0997  1.51063 -1.95622  24.8554 -0.283683  0.182314    1.4741 0.0001 0.0001 0.0001 0.0001 0.0001 0.0001 0.528869 0.448698 0.459685  0.0176294  0.0693356 -0.0809081  0.00106802 0.000724569 0.000137736 -0.00964189  0.00145463  0.00813375 -0.0338048  -0.419133   -9.79998    0.951  1.0245 0.72328
             12.1995   1.59955 -0.736749   25.7578 -0.280141  0.191505   1.46619 0.0001 0.0001 0.0001 0.0001 0.0001 0.0001 0.542172 0.469905 0.488387  0.0258985  0.0607096 -0.0852853  0.00102115  0.00073874 0.000128586 -0.0124278 0.00408098 0.00777401 -0.0358474  -0.415867   -9.80011   0.951      1 0.7305
             12.2994  1.65722 0.533773  26.7748 -0.279319  0.201824   1.45689 0.0001 0.0001 0.0001 0.0001 0.0001 0.0001 0.542125 0.445074 0.447096 0.00281743  0.0650708  -0.086712  0.00100651 0.000748091 9.92402e-05  -0.016097 0.00367428 0.00784031 -0.0394897   -0.41522   -9.80013     0.951    0.958 0.754175
                12.4 1.62888  1.4842  27.909 -0.278139  0.208299   1.44833 0.0001 0.0001 0.0001 0.0001 0.0001 0.0001 0.544673 0.479879 0.461981 -0.00625134   0.0624815  -0.0790272  0.00101112 0.000810006 5.64117e-05 -0.0163202 0.00634402 0.00767373 -0.0391386  -0.412596   -9.80024     0.903   0.9715 0.777149
             12.4999 1.96015 2.22638 29.2583 -0.277341  0.214157      1.44 0.0001 0.0001 0.0001 0.0001 0.0001 0.0001 0.551718 0.449146 0.450792 -0.0159417   0.061796 -0.0587704 0.000979281 0.000857146 2.16173e-05 -0.0158444 0.00929907 0.00791562 -0.0380881  -0.409789   -9.80036     0.881   0.9675 0.766925
             12.5997 2.21935 2.68878  30.996 -0.279643  0.223002   1.43353 0.0001 0.0001 0.0001 0.0001 0.0001 0.0001 0.526595 0.470272  0.44361 -0.0340505  0.0785468 -0.0423675  0.000970258  0.000925489 -1.40795e-05 -0.0178402  0.0101278 0.00823595 -0.0398845  -0.408503   -9.80041     0.866   0.9785 0.758304
             12.6996 2.36342 2.89802 32.8602 -0.282187  0.234152    1.4303 0.0001 0.0001 0.0001 0.0001 0.0001 0.0001 0.523883 0.459426 0.433334 -0.0429824  0.0929452 -0.0288596  0.000953486  0.000982403 -2.56241e-05 -0.0207129  0.0135795 0.00783389 -0.0420674  -0.404543   -9.80056    0.883  0.9285 0.76629
             12.7994 2.52712 2.83435 34.6293 -0.286028  0.244512   1.42774 0.0001 0.0001 0.0001 0.0001 0.0001 0.0001 0.509801 0.434651 0.441718 -0.0560688  0.0912515 -0.0199367  0.000921527   0.00104411 -2.07578e-05 -0.0220258  0.0160295 0.00764525 -0.0429369  -0.401891   -9.80067     0.877   0.9425 0.750663
                12.9 2.69633 2.74974 36.5246 -0.291161  0.258458   1.42699 0.0001 0.0001 0.0001 0.0001 0.0001 0.0001  0.48975  0.47347 0.425131 -0.0575413   0.104406 -0.0116887  0.000860272    0.0010832 -3.27493e-05 -0.0268031  0.0195016 0.00700949 -0.0470752  -0.397601   -9.80083    0.875  0.9115 0.75096
             12.9999 2.66357 2.83412 38.2405 -0.294469  0.270021    1.4293 0.0001 0.0001 0.0001 0.0001 0.0001 0.0001 0.512204 0.474905 0.459193  -0.0477994    0.104516 -0.00422766  0.000842011   0.00109887 -1.94955e-05 -0.0281926  0.0240662 0.00583722 -0.0477554  -0.392863   -9.80101     0.878    0.922 0.755965
             13.0997 2.66266 3.07078 39.8628 -0.301477  0.289275   1.43132 0.0001 0.0001 0.0001 0.0001 0.0001 0.0001 0.490606 0.450904 0.443118  -0.0523406    0.115729 -0.00760792 0.000823224  0.00111701 8.63006e-06  -0.038113  0.0261499 0.00460026 -0.0572603  -0.389154   -9.80111     0.877    0.902 0.759978
             13.1996 2.57833  3.4832 41.6684 -0.306644  0.302865   1.43179 0.0001 0.0001 0.0001 0.0001 0.0001 0.0001  0.46086 0.495602 0.466119  -0.0632109    0.101878 -0.00695938  0.000804779   0.00113604 -1.03049e-05 -0.0414062  0.0291228 0.00394213 -0.0601316  -0.385711   -9.80123     0.877   0.9035 0.751522
             13.2994 2.43305 3.79568  43.647 -0.310411  0.314561   1.42876 0.0001 0.0001 0.0001 0.0001 0.0001 0.0001 0.490699 0.517404  0.47633  -0.0673815   0.0815636 -0.00902247  0.000793294   0.00118597 -2.35104e-05 -0.0442966  0.0358155 0.00393228 -0.0621895  -0.378742   -9.80149     0.827    0.986 0.744929
             13.4001 2.38293 3.94323 45.8233 -0.315644  0.322356   1.42725 0.0001 0.0001 0.0001 0.0001 0.0001 0.0001 0.467958 0.474405 0.487804  -0.0800741   0.0504442 0.000881765  0.000762421   0.00123801 -5.25303e-05  -0.045582  0.0402634 0.00388076 -0.0629664  -0.374209   -9.80166    0.809  0.9725 0.76401
             13.4999 2.57039 3.69923 48.0454 -0.325299  0.333672   1.42713 0.0001 0.0001 0.0001 0.0001 0.0001 0.0001 0.429628  0.53346 0.494673 -0.0902163  0.0523596   0.017413  0.000683251   0.00131667 -4.41142e-05 -0.0536136  0.0439184 0.00359451 -0.0705703   -0.36961   -9.80178     0.782     0.97 0.775773
             13.5997 2.88249 3.43918 50.1293 -0.331074  0.342081   1.42715 0.0001 0.0001 0.0001 0.0001 0.0001 0.0001 0.452717 0.501781 0.465138 -0.0880803  0.0447085  0.0126266  0.000657363   0.00137045 -7.32136e-06 -0.0580606  0.0524243 0.00334053 -0.0741801  -0.360738   -9.80208     0.806    0.937 0.760939
             13.6996 2.96315 3.16551 52.4932 -0.340181  0.349736   1.42822 0.0001 0.0001 0.0001 0.0001 0.0001 0.0001 0.450736 0.500344 0.453329 -0.0954481  0.0390531 0.00749548  0.000615508   0.00142253 -2.18241e-05 -0.0627921  0.0561192 0.00292902 -0.0785699  -0.356582    -9.8022     0.799   0.9385 0.732019
             13.7994 2.76548 3.08803 54.8658 -0.349094  0.358187   1.42854 0.0001 0.0001 0.0001 0.0001 0.0001 0.0001 0.465099 0.489676 0.465116 -0.0972727  0.0453858 0.00133011  0.000603799   0.00146137 -5.19197e-06 -0.0682604  0.0617176 0.00238552 -0.0835752  -0.350514   -9.80238     0.796   0.9605 0.693909
             13.9001  2.6472 3.14937 57.1613 -0.360343  0.367143   1.42998 0.0001 0.0001 0.0001 0.0001 0.0001 0.0001 0.416087 0.563491  0.46187  -0.101184  0.0481054 0.00276994 0.000568583   0.0014977 8.89129e-06 -0.0742119  0.0637339 0.00166591 -0.0893746  -0.347959   -9.80242       0.8   0.9175 0.719891
             13.9999 2.45613 3.38326 59.6143 -0.370252  0.373371   1.42913 0.0001 0.0001 0.0001 0.0001 0.0001 0.0001 0.445355 0.537538 0.493621 -0.106915 0.0365104 0.0066356  0.000522337   0.00153094 -2.95529e-05 -0.0764754  0.0662753 0.00179276 -0.0914644  -0.345279   -9.80249     0.798   0.9885 0.694992
             14.0997  2.5765 3.28766 61.9915 -0.377458  0.378994   1.42963 0.0001 0.0001 0.0001 0.0001 0.0001 0.0001 0.413012 0.540056 0.496002 -0.0967365  0.0318665 0.00639691   0.00047836   0.00161069 -1.57345e-05 -0.0791788  0.0741978 0.00128008 -0.0937126  -0.337253   -9.80275     0.798    0.932 0.733369
             14.1996 2.37053 3.16977 64.3955 -0.385374  0.382659   1.42955 0.0001 0.0001 0.0001 0.0001 0.0001 0.0001 0.399068 0.505395 0.489515   -0.0866079    0.0105975 -0.000976029  0.000463594   0.00166429 -3.11406e-05 -0.0810408  0.0778905 0.00108956 -0.0953856  -0.333484   -9.80287     0.799   0.9515 0.735681
             14.2994 2.18289 3.14655 66.4289 -0.393042  0.386527   1.42907 0.0001 0.0001 0.0001 0.0001 0.0001 0.0001 0.424864 0.557706 0.510354   -0.074389 -0.00784189   0.0109269 0.000451068  0.00170509  -6.108e-06   -0.085647   0.0824177 0.000917972 -0.0997869  -0.328747   -9.80298     0.798   0.9325 0.774799
             14.4001 2.46508 2.89726 68.5045 -0.399328  0.388298   1.43191 0.0001 0.0001 0.0001 0.0001 0.0001 0.0001 0.425551 0.560015 0.488937 -0.0681113 -0.0237293  0.0213686   0.00040303    0.0017538 -1.92189e-05  -0.0899728   0.0875889 8.45736e-05 -0.103933 -0.323396  -9.80312     0.798   0.9445 0.784013
             14.4999 2.64243  2.6264 70.3877 -0.407061  0.391599   1.43291 0.0001 0.0001 0.0001 0.0001 0.0001 0.0001 0.407545 0.554609 0.507325 -0.0713154 -0.0170631  0.0240707 0.000359298  0.00179996 4.88238e-05   -0.0974658    0.0929953 -0.000209831 -0.111252 -0.317727  -9.80322     0.798   0.9355 0.788883
             14.5998 2.74329 2.39225 72.3603 -0.414272  0.395028   1.43357 0.0001 0.0001 0.0001 0.0001 0.0001 0.0001 0.413383 0.529871  0.50074 -0.0750004  -0.010991  0.0213544 0.000332285  0.00183522 4.65637e-05    -0.103857    0.0989799 -0.000270318 -0.117476 -0.311582  -9.80335     0.798   0.9305 0.795271
             14.6996 2.69725 2.06471 74.3359 -0.424151  0.400892   1.43523 0.0001 0.0001 0.0001 0.0001 0.0001 0.0001 0.400088 0.555027 0.509097  -0.0860728 -0.00456088   0.0132237 0.000302153  0.00187697 5.82992e-05    -0.113075     0.104755 -0.000939207 -0.126576 -0.305575  -9.80342     0.798   0.9625 0.803117
             14.7995  2.6448 1.95631 76.2742 -0.429344  0.400132   1.43589 0.0001 0.0001 0.0001 0.0001 0.0001 0.0001 0.377498 0.535274 0.508304  -0.0779731  -0.0155077 0.000844982 0.000287531   0.0019027  5.5041e-05  -0.112095   0.108542 -0.0011095 -0.125541 -0.301851  -9.80355     0.798    0.951 0.793901
             14.8997   2.709 1.82003 78.1177 -0.434102  0.398434   1.43675 0.0001 0.0001 0.0001 0.0001 0.0001 0.0001 0.371466 0.554735 0.504211 -0.0699552 -0.0326387  0.0135078 0.000272782  0.00194003 5.73989e-05   -0.111685    0.112339 -0.00137949 -0.125096 -0.298097  -9.80367    0.798  0.9565 0.78045
             14.9996 2.82657 1.60751 79.9021 -0.440807  0.399239   1.43841 0.0001 0.0001 0.0001 0.0001 0.0001 0.0001 0.387909 0.548901 0.510176 -0.0651771 -0.0290509  0.0108621 0.000225141   0.0019788 5.86632e-05   -0.116124    0.116538 -0.00184475 -0.129512 -0.293874  -9.80374     0.798   0.9745 0.776296
             15.0994 2.57429 1.57076 81.4116 -0.449452  0.399389   1.43857 0.0001 0.0001 0.0001 0.0001 0.0001 0.0001 0.365325 0.563211 0.515265  -0.0701892  -0.0390368 -0.00985503  0.00023653  0.00199589 8.28598e-05   -0.120923    0.118621 -0.00213653 -0.134306 -0.291769  -9.80374     0.798    0.983 0.775687
                15.2 2.46135  1.4802 83.0925 -0.455585  0.398488   1.43627 0.0001 0.0001 0.0001 0.0001 0.0001 0.0001 0.377449 0.542198 0.534715  -0.0585407  -0.0417958 -0.00962262  0.00020209  0.00203056 7.79082e-05   -0.124361     0.12259 -0.00218053 -0.137752 -0.287831  -9.80381     0.798    1.009 0.777007
             15.2999 2.75553 1.32357 84.6942 -0.461957  0.398438   1.43516 0.0001 0.0001 0.0001 0.0001 0.0001 0.0001 0.371028  0.55226 0.525111  -0.0511575  -0.0329323 -0.00314199 0.000138154  0.00206044 6.29352e-05   -0.128842    0.125894 -0.00234589 -0.142253 -0.284568  -9.80384     0.798   0.9755 0.801128
             15.3997 2.85949 1.33039 86.0263 -0.472291  0.398837   1.43545 0.0001 0.0001 0.0001 0.0001 0.0001 0.0001 0.406095 0.556028 0.519647  -0.0582733  -0.0296881 -0.00300224 0.000148338  0.00207298 0.000108268    -0.13461     0.12576 -0.00269503 -0.148016 -0.284732  -9.80375     0.798   0.9845 0.807009
             15.4996 3.17995 1.24355 87.3625 -0.482815  0.398571    1.4355 0.0001 0.0001 0.0001 0.0001 0.0001 0.0001 0.361626 0.527413  0.52422   -0.068567   -0.032588 -0.00304069 0.000102941  0.00210224 0.000111453    -0.13945    0.125709 -0.00291928 -0.152849 -0.284833  -9.80367     0.798    0.956 0.841527
             15.5994 3.19005  1.1414 88.5637 -0.493569  0.398114   1.43354 0.0001 0.0001 0.0001 0.0001 0.0001 0.0001 0.412043 0.553796    0.534 -0.0788341 -0.0289644 -0.0162357 0.000122203  0.00212483 0.000135146 -0.143675  0.126148  -0.00277 -0.157069 -0.284467  -9.80362     0.798   0.9765 0.831541
             15.7001 3.15846 1.16411 89.4227 -0.50138 0.400602  1.43096 0.0001 0.0001 0.0001 0.0001 0.0001 0.0001 0.413298 0.540562 0.533927  -0.0587434 -0.00901462  -0.0288217 0.000121787  0.00214081 0.000155989   -0.147924    0.130235 -0.00308107 -0.161414 -0.280505  -9.80366     0.798    0.968 0.838843
             15.7999 3.18341 1.60074 90.0096 -0.503776  0.401022   1.42837 0.0001 0.0001 0.0001 0.0001 0.0001 0.0001 0.382971 0.523659  0.52903 -0.0220489 -0.0175439 -0.0115558 0.000102927  0.00211734 0.000169187   -0.148398    0.132777 -0.00313024 -0.161961 -0.278001  -9.80372     0.798   0.9515 0.845507
             15.8998 3.32349 1.75654 90.2387 -0.504399  0.401043   1.42924 0.0001 0.0001 0.0001 0.0001 0.0001 0.0001  0.33953 0.501988 0.529626 -0.000653307   -0.0228414   0.00714377 9.24401e-05  0.00212576 0.000178823   -0.149969    0.134952 -0.00360495 -0.163604 -0.275884  -9.80375     0.798    0.962 0.837318
             15.9996 3.09989 1.87636 89.8717 -0.505036  0.400687   1.43004 0.0001 0.0001 0.0001 0.0001 0.0001 0.0001 0.436515 0.564673 0.530988  0.0139711 -0.0306425 0.00848949 0.000113453  0.00212705 0.000216695   -0.152422    0.136292 -0.00376762 -0.166093  -0.27463  -9.80375     0.798   0.9695 0.862816
             16.0994 2.85648 1.83822 89.0637 -0.506134  0.401299   1.43026 0.0001 0.0001 0.0001 0.0001 0.0001 0.0001 0.441353 0.541197 0.538195  0.0291182 -0.0349503  0.0116627 0.000137437  0.00211894 0.000244144   -0.157064    0.138041 -0.00379331 -0.170769  -0.27305  -9.80371     0.798   0.9735 0.866975
             16.2001 2.73298 1.60593 88.0689 -0.503037  0.399307   1.43169 0.0001 0.0001 0.0001 0.0001 0.0001 0.0001 0.409674 0.534972 0.527698  0.0472522 -0.0355048  0.0246098 0.000155683  0.00209976 0.000264195   -0.158667     0.13906 -0.00387944   -0.1724 -0.272092  -9.80371     0.798    0.959 0.864442
             16.2999 3.07984 1.12729 86.6882 -0.496092  0.395247   1.43369 0.0001 0.0001 0.0001 0.0001 0.0001 0.0001 0.386816 0.525663 0.530075  0.0698146 -0.0457662  0.0377223  0.00013707  0.00208985 0.000283639   -0.158034    0.139546 -0.00344485 -0.171779 -0.271599  -9.80373     0.798     0.95 0.867895
             16.3997  2.83946 0.508702  85.2164 -0.487176  0.392175   1.43749 0.0001 0.0001 0.0001 0.0001 0.0001 0.0001 0.377414 0.533578 0.537686  0.0787395 -0.0485336  0.0457422 0.000207975  0.00206171 0.000295547   -0.158642    0.141671 -0.00352219 -0.172456 -0.269508  -9.80378     0.798   0.9665 0.853595
             16.4996   2.83582 -0.105851   83.9051 -0.477439  0.389941   1.44208 0.0001 0.0001 0.0001 0.0001 0.0001 0.0001 0.405351 0.548909 0.532185  0.0773164 -0.0530481  0.0437355 0.000221569  0.00201764 0.000286977   -0.159703    0.144712 -0.00370196 -0.173604 -0.266513  -9.80384     0.798   0.9935 0.860594
             16.5994   2.63723 -0.664191   82.8105 -0.466557  0.388327   1.44528 0.0001 0.0001 0.0001 0.0001 0.0001 0.0001 0.392835 0.545742 0.513628  0.0822246 -0.0464751  0.0345722 0.000266476  0.00197964 0.000270518   -0.160787    0.148637 -0.00375874  -0.17478 -0.262632  -9.80393     0.798   0.9835 0.873411
                16.7   2.6754 -1.10324  81.5202 -0.463782  0.387239   1.44893 0.0001 0.0001 0.0001 0.0001 0.0001 0.0001 0.381069 0.526136 0.535901  0.0746192 -0.0395862  0.0297617 0.000292319  0.00194188 0.000293848   -0.164812    0.148496 -0.00395566 -0.178749 -0.262851  -9.80385     0.798   1.0275 0.857421
             16.7999  2.79454 -1.46887   80.166 -0.458498  0.385604   1.45342 0.0001 0.0001 0.0001 0.0001 0.0001 0.0001  0.40193 0.527747 0.506865  0.0760955 -0.0379395   0.033619 0.000316009  0.00189735 0.000314196  -0.167118   0.148976 -0.0044203 -0.181032 -0.262406  -9.80382    0.798   1.003 0.87986
             16.8997 2.74334 -1.7859  78.697 -0.452141  0.382622   1.45571 0.0001 0.0001 0.0001 0.0001 0.0001 0.0001 0.408994  0.53822 0.519655  0.0758097 -0.0415401  0.0307544 0.000345478  0.00185139 0.000320855   -0.168119    0.149061 -0.00419497 -0.182018 -0.262326   -9.8038     0.798    0.988 0.866397
             16.9996  2.64135 -2.03114  77.0029 -0.445096  0.378134   1.45835 0.0001 0.0001 0.0001 0.0001 0.0001 0.0001 0.447192 0.522209 0.512902 0.0759978 -0.053392 0.0286446 0.000369436  0.00180109 0.000334665   -0.168373    0.148979 -0.00409251 -0.182268 -0.262406   -9.8038     0.798   0.9665 0.879462
             17.0994  2.31734 -2.33523  75.3148 -0.439426  0.373204   1.46096 0.0001 0.0001 0.0001 0.0001 0.0001 0.0001 0.438328 0.529598 0.511011  0.0769336 -0.0686536   0.033703 0.000410149  0.00176065 0.000330804    -0.16952     0.14885 -0.00397245 -0.183397 -0.262522  -9.80377     0.798    0.999 0.877377
             17.2001  2.25307 -2.85062  73.5525 -0.43105 0.367376  1.46478 0.0001 0.0001 0.0001 0.0001 0.0001 0.0001 0.448897 0.547676 0.515755  0.0774638 -0.0714062  0.0362454 0.000423351  0.00172749 0.000327136   -0.170174    0.149936 -0.00407441 -0.184019  -0.26143  -9.80379     0.798    0.985 0.875635
             17.2999  1.87584 -3.35532  71.5068 -0.423879  0.363408   1.46712 0.0001 0.0001 0.0001 0.0001 0.0001 0.0001 0.450625 0.533973  0.52002 0.0774876 -0.076989 0.0334548 0.000475554  0.00168025 0.000347995   -0.171955    0.151381 -0.00389653 -0.185726 -0.259927   -9.8038     0.798    0.987 0.891084
             17.3997  1.66489 -3.87978  69.7402 -0.419192  0.357729   1.46993 0.0001 0.0001 0.0001 0.0001 0.0001 0.0001 0.468481 0.527577 0.495771  0.0702811 -0.0745777  0.0373342 0.000475674  0.00163318  0.00032416   -0.173531    0.151167 -0.00371906 -0.187282 -0.260065  -9.80376     0.798   0.9725 0.879177
             17.4996 1.44677 -4.3132 67.8785 -0.415484  0.351232   1.47142 0.0001 0.0001 0.0001 0.0001 0.0001 0.0001  0.46973 0.516809 0.507869 0.0526706 -0.074889 0.0249115 0.000527195  0.00159038 0.000332627   -0.174376    0.150509 -0.00324744 -0.188156 -0.260642  -9.80373     0.798    0.983 0.865717
             17.5994  1.26619 -4.72612  66.0428 -0.413275  0.345921   1.47073 0.0001 0.0001 0.0001 0.0001 0.0001 0.0001 0.438034 0.509243 0.507034   0.03846 -0.072285  0.015482 0.000558466  0.00154715 0.000325007   -0.175556    0.150274 -0.00262267 -0.189338 -0.260741  -9.80371     0.798    0.964 0.880187
                17.7  1.01663 -5.00495  64.4268 -0.410813  0.340921   1.47219 0.0001 0.0001 0.0001 0.0001 0.0001 0.0001 0.458937 0.538589 0.503058  0.0320757 -0.0613521  0.0167523 0.000600713  0.00149229 0.000310366   -0.176522    0.150518 -0.00258466 -0.190256 -0.260412   -9.8037     0.798    0.985 0.868528
             17.7999 0.849346 -5.21325  62.6545 -0.408429  0.335113   1.47393 0.0001 0.0001 0.0001 0.0001 0.0001 0.0001 0.444762 0.532937 0.510257  0.0296736 -0.0686784  0.0169152 0.000638949  0.00144398 0.000315189   -0.176934    0.150501 -0.00257925 -0.190657 -0.260385  -9.80369     0.798    1.005 0.877612
             17.8997 0.839385 -5.49483  61.0802 -0.401957  0.327859   1.47417 0.0001 0.0001 0.0001 0.0001 0.0001 0.0001 0.462575 0.507722  0.50713  0.0303313 -0.0725773  0.0071805 0.000656683   0.0014118 0.000295003   -0.176415    0.151904 -0.00233626 -0.189979 -0.259023  -9.80374     0.798   0.9915 0.871911
             17.9996 0.680637 -5.54179  59.4334 -0.398318  0.322346     1.475 0.0001 0.0001 0.0001 0.0001 0.0001 0.0001 0.459447 0.559389 0.511137  0.0269198 -0.0700775 0.00242029 0.000682763  0.00135046 0.000292278  -0.177016   0.152737 -0.0025095 -0.190425  -0.25814  -9.80375     0.798    1.032 0.859012
             18.0994 0.797691 -5.77161  57.8579 -0.393045  0.315879   1.47425 0.0001 0.0001 0.0001 0.0001 0.0001 0.0001 0.473127 0.513332 0.497794  0.0413455 -0.0707963  0.0105959  0.00069726  0.00132737 0.000278679   -0.176997     0.15373 -0.00221919 -0.190237 -0.257114  -9.80378     0.798    0.978 0.860429
                18.2 0.820511 -6.06635  56.1349 -0.386189  0.311601   1.47404 0.0001 0.0001 0.0001 0.0001 0.0001 0.0001 0.481397 0.475658 0.502943  0.0538629 -0.0588455    0.02178 0.000719289  0.00129733 0.000273664  -0.177594   0.155177 -0.0017706 -0.190521   -0.2555  -9.80382     0.798    0.997 0.853059
             18.2999  0.80817 -6.31852  54.3255 -0.385331  0.308474    1.4748 0.0001 0.0001 0.0001 0.0001 0.0001 0.0001 0.487194 0.458292 0.493407  0.0414682 -0.0594809 0.00975428 0.000744043  0.00125062 0.000300026   -0.178814    0.154431 -0.00153035 -0.191839 -0.255924  -9.80378     0.798   0.9905 0.840989
             18.3997 0.811158 -6.43218  52.5183 -0.383874  0.303799   1.47483 0.0001 0.0001 0.0001 0.0001 0.0001 0.0001 0.494064 0.516427  0.50942  0.0366215 -0.0560994 0.00133914 0.000768199  0.00120092 0.000298698   -0.179268    0.153847 -0.00137448  -0.19241 -0.256349  -9.80376     0.798    1.023 0.861193
             18.4996 0.879639 -6.47361  50.4696 -0.378457  0.297977   1.47546 0.0001 0.0001 0.0001 0.0001 0.0001 0.0001  0.48832 0.508816 0.500154  0.0536273 -0.0639137 0.00439693 0.000787846  0.00114794 0.000301764   -0.179365     0.15432 -0.00150738 -0.192365 -0.255902  -9.80377     0.798   1.0405 0.868813
             18.5994  1.04338 -6.30739  48.4182 -0.368875  0.290386   1.47552 0.0001 0.0001 0.0001 0.0001 0.0001 0.0001 0.519563 0.453808 0.500081   0.0751013  -0.0688987 0.000706538 0.000820718  0.00109231 0.000291647    -0.17895    0.155196 -0.00144132 -0.191708 -0.255177  -9.80381     0.798    1.045 0.841627
                18.7  1.04277 -6.01654  46.2885 -0.359843  0.282529   1.47455 0.0001 0.0001 0.0001 0.0001 0.0001 0.0001 0.536898 0.478151 0.498347   0.0764843  -0.0802637 -0.00455762  0.00085601  0.00103461 0.000282685   -0.178712    0.155568 -0.00129279 -0.191362 -0.254869  -9.80382     0.798    1.063 0.841486
             18.7999 0.991949  -5.8107  43.9178 -0.353159  0.275369   1.47264 0.0001 0.0001 0.0001 0.0001 0.0001 0.0001 0.550302 0.489559 0.518487   0.0803747  -0.0821122 0.000379475 0.000876494  0.00099038  0.00029169    -0.178785     0.155269 -0.000892891 -0.191545 -0.255004  -9.80381     0.798    1.091 0.845096
             18.8997 0.921238 -5.52708  41.6991 -0.346901  0.268233   1.47111 0.0001 0.0001 0.0001 0.0001 0.0001 0.0001 0.550176 0.463128 0.502116   0.0733123  -0.0802021 -0.00239127 0.000929378 0.000941484 0.000273815    -0.178885     0.154865 -0.000509411 -0.191811 -0.255207   -9.8038     0.857   1.0525 0.836105
             18.9995 0.862826 -5.36391  39.6847 -0.339938  0.258818   1.46861 0.0001 0.0001 0.0001 0.0001 0.0001 0.0001 0.538171 0.482722 0.487881  0.0611303 -0.0886157    -0.0132 0.000963661 0.000907811 0.000231805    -0.178436     0.154813 -8.89543e-05 -0.191466 -0.255328  -9.80381     0.869   1.0345 0.843403
             19.0994 0.827762 -5.18737  37.6608 -0.332639  0.252403   1.46843 0.0001 0.0001 0.0001 0.0001 0.0001 0.0001 0.560131 0.466894 0.519519   0.0635971  -0.0796643 -0.00357263 0.000994595 0.000856276 0.000222726    -0.179079     0.155243 -0.000299258   -0.1917 -0.254713  -9.80382     0.841   1.0775 0.841299
                19.2 0.924285 -5.12926  35.8384 -0.324303  0.242935   1.47049 0.0001 0.0001 0.0001 0.0001 0.0001 0.0001 0.546505 0.477428  0.51465  0.0636161 -0.0825309  0.0113226  0.00100049 0.000818937  0.00018944    -0.179037     0.155719 -0.000710652 -0.191382 -0.254529  -9.80383     0.856    1.084 0.833026
             19.2998  1.10005 -5.03179  34.1498 -0.315604  0.232479   1.47421 0.0001 0.0001 0.0001 0.0001 0.0001 0.0001 0.556852 0.467308 0.496236  0.0666696 -0.0823198  0.0238176  0.00102521 0.000766331 0.000166861   -0.178935    0.156225 -0.00122411 -0.190997 -0.254448  -9.80384       0.9    1.054 0.834915
             19.3997  1.00392 -4.88059  32.4613 -0.308567  0.224764   1.47576 0.0001 0.0001 0.0001 0.0001 0.0001 0.0001 0.551551  0.47307 0.493569  0.0625202 -0.0809083  0.0203915  0.00107223 0.000734452 0.000155291   -0.178943    0.156292 -0.00107711 -0.190923  -0.25435  -9.80384     0.925   1.0315 0.843432
             19.4995   1.0144 -4.83708  30.9992 -0.302711  0.217713   1.47654 0.0001 0.0001 0.0001 0.0001 0.0001 0.0001 0.522041 0.461377 0.489669  0.0543346 -0.0784609  0.0167309  0.00109148 0.000704659  0.00012549    -0.179008     0.156247 -0.000811739 -0.190938 -0.254219  -9.80385      0.95    1.029 0.827017
             19.5994 0.897025 -4.77479  29.6259 -0.297758   0.20729   1.47665 0.0001 0.0001 0.0001 0.0001 0.0001 0.0001 0.554479 0.469609 0.521786  0.0519013 -0.0898518   0.010892  0.00111637 0.000666123 9.59086e-05    -0.178494     0.156232 -0.000494711 -0.190745 -0.254516  -9.80384     0.925   1.0965 0.819881
                19.7  0.74557 -4.63011  28.0664 -0.295211  0.198904   1.47525 0.0001 0.0001 0.0001 0.0001 0.0001 0.0001 0.552899 0.469303 0.513955  0.0367187 -0.0968746 0.00317629   0.0011538 0.000630595 9.22072e-05  -0.178196   0.155863 3.2931e-05 -0.190915 -0.254619  -9.80384     0.933   1.0945 0.822293
             19.7998 0.692252 -4.72288  26.5084 -0.293586  0.191195   1.47435 0.0001 0.0001 0.0001 0.0001 0.0001 0.0001 0.536427 0.461234 0.480766  0.0277862 -0.0991633  0.0105748  0.00117164 0.000611958 8.80833e-05   -0.178145      0.1555 0.000407672 -0.191136 -0.254521  -9.80383     0.991    1.013 0.816387
             19.8997 0.841817 -4.93089  24.9343 -0.290448  0.180213   1.47738 0.0001 0.0001 0.0001 0.0001 0.0001 0.0001 0.550525  0.46603 0.514187   0.02964 -0.108718   0.02159  0.00117744 0.000577769 7.43662e-05   -0.178242    0.155593 0.000122768 -0.191141 -0.254558  -9.80383     0.95  1.0805 0.80981
             19.9995 0.826225 -5.02325  23.2188 -0.286093  0.166347   1.47877 0.0001 0.0001 0.0001 0.0001 0.0001 0.0001 0.545238 0.451149  0.49998 0.0318999 -0.121508 0.0178256  0.00122024 0.000534021 6.72005e-05   -0.178105    0.155882 0.000214552 -0.190908  -0.25473  -9.80383     0.958    1.083 0.805633
             20.0997 0.663551 -5.06826  21.4927 -0.280406  0.154275   1.47904 0.0001 0.0001 0.0001 0.0001 0.0001 0.0001 0.55439 0.45327 0.49691 0.0415737 -0.121298 0.0125425  0.00126491 0.000497187 6.05754e-05  -0.178292   0.156012 0.00047305 -0.190579 -0.254629  -9.80384     0.966   1.0665 0.811064
             20.1996 0.627994 -5.01464  19.6066 -0.27767 0.146702   1.4776 0.0001 0.0001 0.0001 0.0001 0.0001 0.0001 0.550012 0.436907 0.502311   0.0350462   -0.108966 -0.00209366  0.00128288 0.000456848 6.06957e-05   -0.178246    0.155567 0.000919998 -0.190625 -0.254259  -9.80385     0.958   1.0905 0.803301
             20.2994 0.497057 -4.91507  17.7067 -0.273249  0.136122   1.47732 0.0001 0.0001 0.0001 0.0001 0.0001 0.0001 0.537621 0.423945  0.51326   0.0401803    -0.10426 -0.00875057  0.00133392 0.000420144 4.82761e-05   -0.178388    0.155584 0.000859203 -0.190541 -0.254257  -9.80385     0.961    1.052 0.804183
             20.4001 0.243567 -4.56407  15.7617 -0.269018   0.12545   1.47483 0.0001 0.0001 0.0001 0.0001 0.0001 0.0001 0.559575 0.426425  0.50626   0.047263  -0.105543 -0.0203323  0.00135434 0.000366758 2.22727e-05  -0.178251   0.155598 0.00108713 -0.190519 -0.254252  -9.80385     0.962    1.052 0.810837
             20.4999 0.0121975  -4.03731   13.8697 -0.265118  0.117161   1.47005 0.0001 0.0001 0.0001 0.0001 0.0001 0.0001 0.557958  0.41598 0.500768   0.047632  -0.100428 -0.0392944  0.00138505 0.000321388  3.2002e-06  -0.178006   0.155383 0.00149249 -0.190469  -0.25402  -9.80386      0.96   1.0455 0.805835
             20.5997 -0.260749  -3.40901   11.9994 -0.262573  0.108751   1.46392 0.0001 0.0001 0.0001 0.0001 0.0001 0.0001 0.544743 0.418862 0.484903  0.0363922 -0.0917518 -0.0459608   0.00139872  0.000277737 -3.31607e-05  -0.177545   0.155316 0.00189724 -0.190581 -0.253775  -9.80386     0.961    1.023 0.809873
             20.6996 -0.43868 -2.86922  10.1737 -0.261436  0.100344   1.45822 0.0001 0.0001 0.0001 0.0001 0.0001 0.0001 0.583114 0.409848 0.491811  0.0221579 -0.0901291 -0.0469326   0.00142798  0.000248462 -5.83011e-05  -0.177092   0.155374 0.00214198 -0.190788 -0.253538  -9.80387     0.961    1.075 0.808837
             20.7994 -0.427716  -2.48066   8.52524 -0.260585 0.0912721   1.45383 0.0001 0.0001 0.0001 0.0001 0.0001 0.0001 0.519059 0.392795 0.465903  0.0147086 -0.0855935 -0.0375216    0.0014365   0.00022089 -9.32857e-05   -0.17691   0.155487 0.00217231  -0.19094 -0.253451  -9.80387     0.961    0.969 0.790506
             20.9001 -0.551479   -2.0174   6.79591 -0.257569 0.0847116   1.45039 0.0001 0.0001 0.0001 0.0001 0.0001 0.0001 0.532865  0.39747 0.471043  0.0233247 -0.0734249 -0.0289879   0.00146971  0.000194939 -0.000103939  -0.177043   0.155208 0.00218136 -0.190682 -0.253468  -9.80387     0.961    0.954 0.802411
             20.9999 -0.856078  -1.61484   5.02659 -0.255796 0.0786197   1.44827 0.0001 0.0001 0.0001 0.0001 0.0001 0.0001  0.54997 0.395474 0.470322  0.0149696 -0.0730352 -0.0298016   0.00150234  0.000169814 -0.000115687  -0.177002   0.155092 0.00202546 -0.190637  -0.25336  -9.80387     0.961    0.944 0.813559
             21.0997 -1.13958 -1.25208  3.22744 -0.255316 0.0695304   1.44704 0.0001 0.0001 0.0001 0.0001 0.0001 0.0001 0.563603 0.398533 0.485031 0.00913422 -0.0822377 -0.0237609   0.00153009  0.000133347 -0.000131731  -0.177044   0.155356 0.00173803 -0.190904 -0.253374  -9.80387    0.912  0.9365 0.81527
             21.1996  -1.34086 -0.907215   1.39032 -0.255073 0.0585547   1.44559 0.0001 0.0001 0.0001 0.0001 0.0001 0.0001 0.534148 0.372274 0.457425 0.00431186  -0.091895  -0.016898   0.00157159   0.00010121 -0.000147716  -0.177169   0.155725 0.00163607 -0.191231 -0.253495  -9.80386    0.945   0.917 0.79771
             21.2994  -1.43165 -0.574661  -0.45326 -0.255208  0.051445   1.44525 0.0001 0.0001 0.0001 0.0001 0.0001 0.0001 0.565635 0.442002 0.490657 0.00245626 -0.0856467 -0.0052957   0.00159344  6.13937e-05 -0.000160273  -0.176939   0.155612 0.00146787 -0.191136 -0.253236  -9.80387     0.878   1.0355 0.802028
                21.4  -1.31841 -0.156936  -2.40139 -0.255746 0.0418196   1.44344 0.0001 0.0001 0.0001 0.0001 0.0001 0.0001 0.525785 0.345214 0.450342 -0.00379309  -0.0920126  -0.0157059   0.00161791  2.85121e-05 -0.000174736  -0.176837   0.155865 0.00165112 -0.191339 -0.253138  -9.80387     0.912    0.915 0.779781
             21.4999 -1.20751 0.213321 -4.35889 -0.253856 0.0321285     1.441 0.0001 0.0001 0.0001 0.0001 0.0001 0.0001 0.548786 0.348238 0.482974 0.00158972 -0.0954396 -0.0140226   0.00166864  1.63342e-06 -0.000177694  -0.177216   0.155452 0.00181308 -0.191043 -0.253612  -9.80386     0.843    0.972 0.770062
             21.5997 -1.15709 0.412524 -6.24193 -0.251489 0.0208283   1.43899 0.0001 0.0001 0.0001 0.0001 0.0001 0.0001 0.566296 0.375771 0.475096   0.0101878  -0.0975353 -0.00615232   0.00168546 -2.79847e-05 -0.000208426  -0.177781   0.155184 0.00198496 -0.190952 -0.254247  -9.80384      0.82   0.9875 0.779241
             21.6996 -1.06582 0.507882 -8.24145   -0.2532 0.0109111   1.44093 0.0001 0.0001 0.0001 0.0001 0.0001 0.0001 0.553752 0.358863 0.463765  -0.00102684   -0.0929928 -0.000533981   0.00174666 -4.86755e-05 -0.000205975  -0.177486   0.155797 0.00161312 -0.191383 -0.253737  -9.80385     0.804   1.0115 0.755808
             21.7994  -1.0967 0.712674 -10.3758    -0.254514 -0.000668028      1.44009 0.0001 0.0001 0.0001 0.0001 0.0001 0.0001 0.525282 0.342284 0.392254 -0.00750366  -0.0974514  -0.0111641   0.00176285 -9.02072e-05 -0.000222294  -0.177595   0.156304 0.00172573 -0.191852 -0.253669  -9.80384     0.822     0.91 0.768132
                21.9 -1.50622 0.939022 -12.6326  -0.253877 -0.0118547    1.43483 0.0001 0.0001 0.0001 0.0001 0.0001 0.0001 0.540082 0.367672 0.432761 -0.000511857    -0.097065   -0.0242201   0.00181022 -0.000118967 -0.000240821  -0.17798  0.156189 0.0023855 -0.191925  -0.25412  -9.80383     0.815   0.9345 0.736223
             21.9999 -1.68454   1.1672 -14.8424  -0.255882 -0.0214464     1.4316 0.0001 0.0001 0.0001 0.0001 0.0001 0.0001 0.542648 0.341054  0.43244 -0.00760997  -0.0921085  -0.0221256   0.00182506 -0.000173314 -0.000261158  -0.177656   0.156754 0.00257263 -0.192245 -0.253593  -9.80384    0.814  0.9195 0.74062
             22.0997 -1.73541  1.40054 -16.8352  -0.255825 -0.0325047    1.42837 0.0001 0.0001 0.0001 0.0001 0.0001 0.0001 0.538465  0.37641 0.443897 -0.00304627  -0.0908047  -0.0227555   0.00183024 -0.000209853 -0.000301191  -0.178096   0.156719 0.00275699 -0.192433 -0.254007  -9.80382     0.775   0.9625 0.737662
             22.1995 -1.86004  1.63296  -18.977  -0.253891 -0.0334978    1.42548 0.0001 0.0001 0.0001 0.0001 0.0001 0.0001  0.53169 0.410861 0.452283 0.00408458 -0.0755827 -0.0277878   0.00185294 -0.000244758 -0.000305126 -0.177019  0.155514 0.0027572 -0.190939 -0.253699  -9.80386     0.755    0.968 0.743802
             22.2994 -1.96578  1.86133 -20.9577  -0.253804 -0.0394581    1.42023 0.0001 0.0001 0.0001 0.0001 0.0001 0.0001 0.499353 0.362068 0.427766  0.0011702 -0.0693336 -0.0364165   0.00187588 -0.000257533  -0.00031801   -0.17665   0.155585 0.00312037 -0.190802 -0.253366  -9.80387     0.781   0.9055 0.752071
                22.4 -2.17219  2.22684 -22.9153  -0.255663 -0.0523583    1.42035 0.0001 0.0001 0.0001 0.0001 0.0001 0.0001 0.542031 0.412946 0.474241 -0.000890579   -0.0793343   -0.0284586   0.00191131 -0.000308216 -0.000354033  -0.177603    0.15652 0.00258948 -0.192034 -0.253597  -9.80384     0.726    1.004 0.768426
             22.4998 -2.23231  2.45539 -24.9909  -0.255225 -0.0519939    1.41526 0.0001 0.0001 0.0001 0.0001 0.0001 0.0001 0.500535 0.405463 0.433963 -0.00846988  -0.0572742  -0.0330531   0.00191136 -0.000330989 -0.000357173  -0.175987   0.155892 0.00287499 -0.190616  -0.25269  -9.80389     0.715   0.9765 0.759345
             22.5997 -2.26616  2.63469 -26.8578  -0.258593 -0.0638157     1.4145 0.0001 0.0001 0.0001 0.0001 0.0001 0.0001 0.501892 0.368066 0.414149 -0.0151586 -0.0655292 -0.0224419   0.00193239 -0.000363813 -0.000384794  -0.177115   0.157007 0.00259358 -0.192108 -0.252877  -9.80386     0.741   0.9295 0.772458
             22.6995 -2.08194  2.72388 -28.8161  -0.263019 -0.0715101    1.41396 0.0001 0.0001 0.0001 0.0001 0.0001 0.0001 0.495003 0.385911  0.44205 -0.0262408 -0.0629779 -0.0198527   0.00194779 -0.000391469 -0.000378206  -0.177101   0.158013 0.00240086 -0.192806 -0.252228  -9.80386     0.727   0.9145 0.779114
             22.7994 -2.07888  2.81029 -30.8769  -0.265234 -0.0798775     1.4131 0.0001 0.0001 0.0001 0.0001 0.0001 0.0001 0.484697 0.422579 0.424301 -0.0221093 -0.0702811 -0.0182628    0.0019957 -0.000413277 -0.000367598   -0.17767   0.157841 0.00221928  -0.19305 -0.252761  -9.80384     0.728    0.911 0.780461
                22.9 -2.15201  3.02228 -33.0522  -0.267302 -0.0837491    1.41361 0.0001 0.0001 0.0001 0.0001 0.0001 0.0001 0.444046 0.406709 0.422842 -0.0222668 -0.0647577 -0.0109346   0.00204156   -0.0004466 -0.000366961  -0.176815   0.157771 0.00187841 -0.192416 -0.252191  -9.80387     0.732    0.903 0.767996
             22.9998 -2.19246  3.16225 -35.2408   -0.26765 -0.0900193    1.41137 0.0001 0.0001 0.0001 0.0001 0.0001 0.0001 0.443381 0.431444 0.422055  -0.0177949  -0.0665642 -0.00932933   0.00204644  -0.00048356 -0.000378252  -0.176966   0.157074 0.00206817 -0.192057 -0.252768  -9.80386     0.729    0.918 0.766885
             23.0997 -2.03847    3.272 -37.4945  -0.268593 -0.0980486     1.4142 0.0001 0.0001 0.0001 0.0001 0.0001 0.0001  0.56291 0.520101 0.511474 -0.0139678 -0.0744683 0.00100816   0.00206872 -0.000529655 -0.000380796  -0.177368   0.156729 0.00154013 -0.192088 -0.253294  -9.80385     0.693   1.2725 0.760707
             23.1995 -2.06602  3.37814 -39.8919 -0.268392 -0.103711   1.41539 0.0001 0.0001 0.0001 0.0001 0.0001 0.0001 0.374818 0.423017  0.39716 -0.00716343  -0.0727469  0.00474754    0.0021201 -0.000576354 -0.000371237  -0.176971   0.156177 0.00137589 -0.191441 -0.253417  -9.80386     0.718   0.9475 0.765699
             23.2994 -2.15145  3.55788 -42.4594 -0.271806 -0.113569   1.41654 0.0001 0.0001 0.0001 0.0001 0.0001 0.0001 0.399642 0.408933 0.418398 -0.0161712 -0.0825664  0.0103223   0.00214899 -0.000623368 -0.000377562  -0.177422   0.157178 0.00131912 -0.192404 -0.252999  -9.80385     0.713   0.9355 0.765366
                23.4 -2.32691   3.6088 -44.9652 -0.278478 -0.124229   1.42154 0.0001 0.0001 0.0001 0.0001 0.0001 0.0001  0.42196 0.416782 0.437608 -0.0352169 -0.0822881  0.0209169    0.0022022 -0.000678698 -0.000390227 -0.177842  0.158881 0.0007798 -0.193761 -0.252045  -9.80385     0.708    0.959 0.760688
             23.4999 -2.23662  3.55186 -47.4938 -0.283613 -0.133331   1.42182 0.0001 0.0001 0.0001 0.0001 0.0001 0.0001 0.390154 0.422234 0.431649 -0.0333214 -0.0789504  0.0167109   0.00220771 -0.000721782 -0.000406345 -0.178185  0.159513 0.0010402 -0.194415  -0.25179  -9.80384     0.713    0.915 0.759563
             23.5997 -2.40884  3.65519  -50.182  -0.29215 -0.147233   1.42571 0.0001 0.0001 0.0001 0.0001 0.0001 0.0001  0.40449 0.444271  0.45005 -0.0435385 -0.0856926  0.0226544   0.00225771 -0.000782053 -0.000402653   -0.179829    0.161223 0.000747872 -0.196683 -0.251546   -9.8038     0.667   0.9485 0.785451
             23.6995 -2.45729  3.60695 -52.5568 -0.298774 -0.156299   1.42677 0.0001 0.0001 0.0001 0.0001 0.0001 0.0001 0.395155 0.470592 0.425152 -0.0506403 -0.0736964  0.0191771   0.00227715 -0.000819792 -0.000434977   -0.180137    0.161917 0.000919078 -0.197336 -0.251202   -9.8038      0.66    0.943 0.770414
             23.7994 -2.40869    3.473 -54.8893 -0.304014 -0.165416   1.42927 0.0001 0.0001 0.0001 0.0001 0.0001 0.0001 0.400726 0.472551  0.41731 -0.0453759 -0.0699643  0.0147159    0.0022553 -0.000862914  -0.00045077   -0.180898    0.161912 0.000808603 -0.197921 -0.251666  -9.80377      0.64   0.9765 0.758833
                23.9 -2.44366  3.41114 -57.0025 -0.310582 -0.175277    1.4286 0.0001 0.0001 0.0001 0.0001 0.0001 0.0001 0.430948  0.45766 0.401179 -0.0473877  -0.074703  0.0144952    0.0022944 -0.000891011 -0.000467615  -0.181946   0.162428 0.00117621 -0.199048 -0.251866  -9.80375    0.656   0.928 0.76778
             23.9999 -2.53846  3.35271 -59.1874 -0.319257  -0.18527   1.42993 0.0001 0.0001 0.0001 0.0001 0.0001 0.0001 0.436098 0.468866 0.426939 -0.0609867 -0.0782245 0.00948998   0.00233329 -0.000925347  -0.00046572  -0.182876   0.163614 0.00114632 -0.200449 -0.251465  -9.80373     0.619    0.945 0.792063
             24.0997 -2.72502   3.2489 -61.3673 -0.327208 -0.194455   1.42887 0.0001 0.0001 0.0001 0.0001 0.0001 0.0001 0.412048 0.455197 0.426739 -0.0696984 -0.0791434 0.00323317    0.0023718  -0.00095711 -0.000469202  -0.183505   0.164024 0.00139798 -0.201184 -0.251484  -9.80371     0.638    0.908 0.767621
             24.1995 -2.79317  3.07408  -63.443  -0.33705 -0.201718   1.42781 0.0001 0.0001 0.0001 0.0001 0.0001 0.0001 0.431217 0.472645 0.453257 -0.0781473 -0.0747968  0.0015525   0.00245674  -0.00096557 -0.000481129  -0.183388   0.165085 0.00161003 -0.201664 -0.250562  -9.80373     0.593   0.9715 0.766341
             24.2994  -2.6576    2.972 -65.4493 -0.345276  -0.20716   1.42736 0.0001 0.0001 0.0001 0.0001 0.0001 0.0001 0.394864  0.46549 0.430872  -0.0756512  -0.0657043 -0.00257675   0.00244606  -0.00100339 -0.000492999  -0.182745   0.165544 0.00167108 -0.201384 -0.249842  -9.80375     0.617   0.9265 0.755532
                24.4 -2.64911  2.95666 -67.6832 -0.352107 -0.213702   1.43147 0.0001 0.0001 0.0001 0.0001 0.0001 0.0001 0.364675 0.481316 0.415981 -0.0721612 -0.0655396 0.00365287  0.00248596 -0.00105035 -0.00048352  -0.182595   0.165413 0.00104246 -0.201184 -0.249885  -9.80375     0.616   0.8975 0.772145
             24.4999 -2.47168  2.97155 -69.7729 -0.362142 -0.220655   1.43109 0.0001 0.0001 0.0001 0.0001 0.0001 0.0001 0.382433 0.488051  0.45131 -0.0847241 -0.0639739 0.00972589  0.00246627 -0.00109325 -0.00050177  -0.182946   0.166202 0.00119061  -0.20188 -0.249416  -9.80375     0.576     0.95 0.792105
             24.5997 -2.44927  2.84253 -71.9365 -0.366311 -0.228717    1.4309 0.0001 0.0001 0.0001 0.0001 0.0001 0.0001 0.350274 0.446982 0.451279 -0.0801687 -0.0662007  0.0087286   0.00252516  -0.00110155 -0.000485046  -0.183356   0.164296 0.00139746 -0.201261 -0.251195  -9.80372     0.564   0.9575 0.820888
             24.6995  -2.2901  2.75557 -73.8429  -0.37166 -0.236706    1.4308 0.0001 0.0001 0.0001 0.0001 0.0001 0.0001 0.365041  0.48376 0.431972 -0.0732979 -0.0636572 0.00539704   0.00252293  -0.00113401 -0.000502513  -0.183814    0.16312 0.00153239  -0.20106 -0.252398  -9.80369     0.585    0.901 0.792453
             24.7994 -2.01142  2.63044 -75.7204 -0.381544 -0.243605   1.43212 0.0001 0.0001 0.0001 0.0001 0.0001 0.0001 0.382312 0.479416 0.431155 -0.0755961  -0.062338 0.00416904   0.00254584  -0.00116822 -0.000504467  -0.184358    0.16394 0.00139977 -0.201918 -0.251983  -9.80368     0.575   0.9105 0.770456
                24.9 -1.89377  2.63093 -77.5239 -0.393545 -0.248407   1.43251 0.0001 0.0001 0.0001 0.0001 0.0001 0.0001 0.404924 0.492891 0.468293 -0.0818229 -0.0520512 0.00522695   0.00258128  -0.00119015 -0.000510045  -0.184406   0.165512 0.00134469 -0.202717 -0.250687   -9.8037     0.575    0.903 0.769657
             24.9998 -1.51642  2.67818 -79.1916  -0.40354 -0.253906   1.43256 0.0001 0.0001 0.0001 0.0001 0.0001 0.0001 0.391408  0.50891 0.474096 -0.0793257   -0.04879 0.00697089   0.00258242  -0.00120605 -0.000517344   -0.18484   0.166066 0.00141612 -0.203348 -0.250426  -9.80369     0.546   0.9455 0.780539
             25.0997 -1.32302  2.61776 -80.8304 -0.414016  -0.26181   1.43283 0.0001 0.0001 0.0001 0.0001 0.0001 0.0001 0.379203 0.479568 0.442495 -0.0793479 -0.0481354 0.00326244   0.00261554  -0.00122078 -0.000531748  -0.186662   0.166316 0.00143054 -0.205018 -0.251064  -9.80364     0.565    0.912 0.751096
             25.1995  -1.1307  2.46319 -82.4389 -0.420181 -0.264131   1.43463 0.0001 0.0001 0.0001 0.0001 0.0001 0.0001 0.424147 0.557216 0.519646  -0.072348  -0.037279 0.00995345   0.00263337  -0.00124125 -0.000525316   -0.18557   0.166281 0.00124462 -0.204068 -0.250595  -9.80367    0.532   0.957 0.77534
             25.2994 -1.00772  2.36136 -83.9281 -0.434062 -0.267383   1.43726 0.0001 0.0001 0.0001 0.0001 0.0001 0.0001 0.402621 0.550047 0.507777 -0.0797613 -0.0292828  0.0128759   0.00263743  -0.00127353 -0.000534621  -0.186484   0.168398 0.00092926 -0.205814 -0.249204  -9.80367     0.548     0.96 0.753646
                25.4 -0.917011   2.10642  -85.1937 -0.447942 -0.266286    1.4375 0.0001 0.0001 0.0001 0.0001 0.0001 0.0001 0.405432 0.530877 0.456131  -0.0770284 -0.00871553   0.0138035   0.00267133  -0.00127834 -0.000540414  -0.185892   0.171021 0.00105737 -0.206468 -0.246688  -9.80372     0.548    0.977 0.725691
             25.4998 -0.716068   1.86038  -85.8797 -0.453221 -0.267276    1.4377 0.0001 0.0001 0.0001 0.0001 0.0001 0.0001 0.414829 0.570788 0.499721  -0.0378105 -0.00654373   0.0024815   0.00267377  -0.00127996 -0.000566948  -0.185916   0.170691 0.00119581 -0.206342 -0.246981  -9.80372    0.543  1.0305 0.72392
             25.5997 -0.564121   1.71363   -86.108 -0.456316 -0.270616    1.4397 0.0001 0.0001 0.0001 0.0001 0.0001 0.0001 0.403067 0.551367  0.50593 0.00374476 -0.0117129 0.00539896   0.00267374  -0.00129844 -0.000590636   -0.187598    0.170561 0.000886743 -0.207751 -0.247822  -9.80367     0.546   1.0295 0.728509
             25.6995 -0.372095   1.48931  -85.7359 -0.457325 -0.269394   1.44075 0.0001 0.0001 0.0001 0.0001 0.0001 0.0001 0.432351 0.551555 0.488559   0.0283469 -0.00662906 -0.00444113   0.00267301  -0.00128204 -0.000605976    -0.18706    0.171845 0.000697654 -0.207836 -0.246482   -9.8037     0.546   1.0105 0.758041
             25.7997 -0.303133    1.5028  -84.9224   -0.4544 -0.269641   1.44197 0.0001 0.0001 0.0001 0.0001 0.0001 0.0001 0.392249 0.559301 0.514099    0.0547102  -0.00793308 -0.000836259   0.00265676  -0.00128039 -0.000626865   -0.187151    0.172289 0.000401563  -0.20811 -0.246136   -9.8037     0.545    1.034 0.786267
             25.8996  -0.3319  1.50918 -83.7273 -0.452127 -0.269324   1.44181 0.0001 0.0001 0.0001 0.0001 0.0001 0.0001 0.423318 0.544724 0.512095    0.0768543 -0.000766637  -0.00326302   0.00264785  -0.00125797 -0.000634895  -0.187696   0.173679 0.00032845 -0.209172 -0.245159   -9.8037     0.546    1.025 0.817073
             25.9994 -0.32598  1.53153 -82.0368 -0.445855 -0.266997   1.44052 0.0001 0.0001 0.0001 0.0001 0.0001 0.0001 0.467262 0.610314 0.586065     0.10618   0.0183155 -0.00762365   0.00263144  -0.00122513 -0.000661642   -0.187438    0.174808 0.000423143 -0.209423 -0.244068  -9.80373     0.546   1.2655 0.856183
             26.1001 -0.356222   1.49114  -80.0145 -0.438536 -0.263772   1.44083 0.0001 0.0001 0.0001 0.0001 0.0001 0.0001 0.344255 0.446712  0.43078    0.118156   0.0296429 -0.00724962   0.00261602  -0.00118908 -0.000665368   -0.187946    0.176168 0.000153046 -0.210442 -0.243103  -9.80373     0.546    0.931 0.845865
             26.1999 -0.478624   1.51116  -77.9374 -0.430033 -0.260755   1.44063 0.0001 0.0001 0.0001 0.0001 0.0001 0.0001 0.371284 0.460901  0.42662    0.119838   0.0318782 -0.00607314  0.00260615 -0.00114808 -0.00065932    -0.188612     0.177192 -8.97192e-06 -0.211453 -0.242502  -9.80372     0.546   0.9305 0.859753
             26.2997 -0.598267   1.56151  -75.6952 -0.418247 -0.255174    1.4393 0.0001 0.0001 0.0001 0.0001 0.0001 0.0001 0.405104 0.455571 0.446139  0.132418 0.0438266 -0.015264   0.00258515  -0.00109867 -0.000657999   -0.187941    0.177755 3.90431e-05 -0.211121  -0.24172  -9.80375     0.546   0.9535 0.861563
             26.3996 -0.844642   1.70317  -73.3824 -0.405354  -0.25136   1.44022 0.0001 0.0001 0.0001 0.0001 0.0001 0.0001 0.380793 0.458829 0.427463    0.148364    0.039986 -0.00861841   0.00253332  -0.00106651 -0.000660237    -0.188291     0.177961 -0.000363067 -0.211516 -0.241696  -9.80374    0.546  0.9575 0.86423
             26.4994 -1.11589  2.01221 -71.0253 -0.391466 -0.244708    1.4397 0.0001 0.0001 0.0001 0.0001 0.0001 0.0001 0.422359 0.467794 0.441362   0.153804  0.0537592 -0.0176454   0.00250116  -0.00102568 -0.000651337    -0.187615     0.178674 -0.000480851 -0.211266 -0.240775  -9.80377     0.546   1.0295 0.850413
             26.5997 -1.17927  2.36728  -68.396 -0.379524 -0.238796   1.43667 0.0001 0.0001 0.0001 0.0001 0.0001 0.0001 0.417695 0.452684 0.443474  0.153399 0.0665035  -0.02359   0.00244463 -0.000977661 -0.000664014    -0.188033     0.179592 -0.000393581 -0.212034 -0.240187  -9.80377     0.546    1.035 0.855072
             26.6995 -1.14266  2.59176 -65.5816 -0.363444 -0.232698   1.43519 0.0001 0.0001 0.0001 0.0001 0.0001 0.0001 0.469042 0.489346  0.45836   0.157435  0.0646408 -0.0142927    0.0023876  -0.00092397 -0.000670093    -0.188121       0.1794 -0.000459163 -0.212018 -0.240392  -9.80376     0.546   1.0395 0.862434
             26.7994 -1.00821  2.86722  -62.869 -0.353636 -0.226087   1.43571 0.0001 0.0001 0.0001 0.0001 0.0001 0.0001 0.462465 0.439904 0.459633     0.13639   0.0667807 -0.00378207   0.00235788 -0.000878099 -0.000667273    -0.188581     0.180801 -0.000744017 -0.213074 -0.239448  -9.80376    0.546   1.071 0.85761
                26.9 -0.945484   2.98911  -60.1682 -0.340347 -0.218438   1.43495 0.0001 0.0001 0.0001 0.0001 0.0001 0.0001  0.45073 0.453079 0.459219    0.125688   0.0727762 -0.00439992   0.00233493 -0.000825218 -0.000648552    -0.188359     0.180856 -0.000664952 -0.212922  -0.23929  -9.80377     0.577     1.02 0.839216
             26.9999 -0.938429   3.08401  -57.4449 -0.330982 -0.212155   1.43542 0.0001 0.0001 0.0001 0.0001 0.0001 0.0001 0.450373 0.454292 0.467636    0.111999   0.0728952 -0.00332954   0.00231213 -0.000765013 -0.000646854     -0.18882     0.181451 -0.000813653 -0.213598 -0.239048  -9.80376     0.586   1.0515 0.843081
             27.0997 -0.79862   3.1956 -54.7534 -0.322015 -0.206515   1.43586 0.0001 0.0001 0.0001 0.0001 0.0001 0.0001 0.463156 0.445322 0.439012      0.10047    0.0722841 -0.000271309   0.00225914 -0.000715181 -0.000632057    -0.189378     0.181756 -0.000925585 -0.214198 -0.239106  -9.80375     0.602    1.046 0.842256
             27.1996 -0.674972   3.27082  -51.9113 -0.315205  -0.20007   1.43305 0.0001 0.0001 0.0001 0.0001 0.0001 0.0001 0.448116 0.433685 0.460396 0.0870334 0.0776032 -0.011774   0.00223214 -0.000651623 -0.000642664    -0.189776     0.182318 -0.000574406 -0.214816 -0.238881  -9.80374    0.621  1.0465 0.83612
             27.2994 -0.545178   3.40844  -49.2885 -0.308688 -0.194837   1.43221 0.0001 0.0001 0.0001 0.0001 0.0001 0.0001 0.440361  0.42416 0.471814  0.0748743  0.0734745 -0.0088543   0.00218523 -0.000604532 -0.000634373    -0.190419      0.18259 -0.000599195 -0.215454 -0.239042  -9.80372     0.648    1.024 0.837891
                27.4 -0.523276   3.43519  -46.7659 -0.301548 -0.187606   1.42984 0.0001 0.0001 0.0001 0.0001 0.0001 0.0001 0.447086 0.394448 0.465055  0.0612271  0.0765881 -0.0137247   0.00216671 -0.000546925 -0.000605322    -0.190549     0.182437 -0.000403676 -0.215456  -0.23923  -9.80372     0.657   0.9945 0.832076
             27.4999 -0.423164   3.45527  -44.6392 -0.294249 -0.180247    1.4283 0.0001 0.0001 0.0001 0.0001 0.0001 0.0001 0.481183 0.412382 0.466548  0.0576005  0.0728994 -0.0135707   0.00213633 -0.000499445 -0.000574084    -0.190583     0.182121 -0.000368731 -0.215283 -0.239479  -9.80371     0.642   1.0565 0.857075
             27.5997 -0.325211   3.41597  -42.7018 -0.290242  -0.17498   1.42684 0.0001 0.0001 0.0001 0.0001 0.0001 0.0001 0.493052 0.415419  0.47583  0.0464844  0.0632763 -0.0118599   0.00211494 -0.000449238 -0.000550013    -0.190909     0.182316 -0.000332631 -0.215633 -0.239546   -9.8037     0.649   1.0265 0.855821
             27.6996 -0.0468514    3.38068   -40.8726 -0.285521 -0.171097   1.42448 0.0001 0.0001 0.0001 0.0001 0.0001 0.0001 0.497423 0.414239 0.445946  0.0435154   0.054192 -0.0174113    0.0020467 -0.000404839 -0.000545435    -0.191353     0.182199 -0.000183417 -0.215847  -0.23991  -9.80369     0.649    1.076 0.835502
             27.7994 -0.0307568    3.35307   -39.0877 -0.279879 -0.162398   1.42205 0.0001 0.0001 0.0001 0.0001 0.0001 0.0001 0.488069 0.413757 0.460981  0.0413012  0.0717156 -0.0226595   0.00207341 -0.000370157 -0.000520985   -0.190883    0.181969 -0.00011444 -0.215388 -0.239746   -9.8037     0.647    1.066 0.855066
                27.9 -0.0462716    3.31286   -37.2269 -0.278113 -0.155885    1.4226 0.0001 0.0001 0.0001 0.0001 0.0001 0.0001 0.488173 0.386318 0.457138  0.0379859  0.0785772 -0.0206178   0.00204506 -0.000341809 -0.000527179    -0.190978     0.182398 -0.000547904 -0.215755  -0.23955   -9.8037     0.648    1.049 0.846997
             27.9999 -0.0442453    3.28059   -35.2759 -0.274003 -0.143621   1.42153 0.0001 0.0001 0.0001 0.0001 0.0001 0.0001 0.519736 0.414694 0.470726  0.0433199  0.0949111 -0.0189783   0.00202223  -0.00031163 -0.000521044    -0.190289     0.182433 -0.000695092 -0.215382 -0.239049  -9.80372     0.648   1.0695 0.859748
             28.0997 0.243812  3.03499 -33.2313 -0.267836 -0.131109   1.41981 0.0001 0.0001 0.0001 0.0001 0.0001 0.0001 0.546076  0.43076 0.450593   0.048123  0.0970955 -0.0143919   0.00197603 -0.000256242 -0.000513416    -0.189874      0.18215 -0.000695244  -0.21494 -0.238909  -9.80373     0.648   1.0795 0.848078
             28.1995 0.762491  2.94652  -30.707 -0.261258 -0.121052   1.41493 0.0001 0.0001 0.0001 0.0001 0.0001 0.0001 0.528618 0.423992 0.461046 0.0617947 0.0948678 -0.040189   0.00190647 -0.000207611 -0.000522292    -0.189886     0.181914 -0.000346548 -0.214763 -0.239037  -9.80373     0.648   1.0705 0.865483
             28.2994 0.713269  2.22671 -28.3438 -0.256592 -0.112323   1.40784 0.0001 0.0001 0.0001 0.0001 0.0001 0.0001 0.567391  0.39773 0.453932  0.0444631   0.103001 -0.0407885   0.00187377 -0.000134494 -0.000521053   -0.189981    0.182181 0.000112177 -0.215024 -0.238972  -9.80373     0.648    1.099 0.871702
                28.4 0.877761  2.82834 -25.0111   -0.2551 -0.105591   1.40532 0.0001 0.0001 0.0001 0.0001 0.0001 0.0001 0.554402 0.366271 0.454953  0.0676273  0.0886372 -0.0601548   0.00184853 -0.000149121  -0.00053416    -0.189986     0.183071 -0.000169278 -0.215762 -0.238584  -9.80372     0.688   1.0245 0.860908
             28.4998 -0.100333   2.80725  -23.1241 -0.250487 -0.103838   1.40326 0.0001 0.0001 0.0001 0.0001 0.0001 0.0001 0.574339 0.361599 0.446345    0.07931  0.0871238 -0.0577448   0.00190339 -8.20716e-05 -0.000477027    -0.190732     0.183713 -0.000742846  -0.21659 -0.238926   -9.8037     0.698    1.017 0.872173
             28.5997 -1.87623  1.62281 -22.7499  -0.242824 -0.0974786    1.40234 0.0001 0.0001 0.0001 0.0001 0.0001 0.0001 0.565585 0.412436 0.485605   0.148447  0.0780165 -0.0476113   0.00190533  -1.8261e-05 -0.000406144   -0.190732    0.184163 -0.00132233 -0.216983 -0.238778  -9.80369     0.678    1.072 0.876866
             28.6995 -2.02448  3.20642  -20.826  -0.221155 -0.0878275      1.397 0.0001 0.0001 0.0001 0.0001 0.0001 0.0001 0.563119 0.405769 0.461248   0.208282  0.0716581 -0.0512631   0.0018161 -0.00010893 -0.00048915   -0.190814    0.183481 -0.00149095 -0.216383 -0.239017   -9.8037     0.688    1.082 0.852126
             28.7998 -1.34726  5.31809 -18.2303 -0.197384 -0.082268   1.39268 0.0001 0.0001 0.0001 0.0001 0.0001 0.0001 0.557967 0.391688 0.424709   0.235502   0.100447 -0.0854966   0.00176902 -9.00464e-05 -0.000542404   -0.191132    0.183506 -0.00191579 -0.216451 -0.239259  -9.80369     0.688    1.013 0.877098
             28.8996 -0.726575    3.2407   -15.463   -0.18018 -0.0744704    1.38041 0.0001 0.0001 0.0001 0.0001 0.0001 0.0001 0.577621 0.370228 0.461953   0.193435    0.11196 -0.0476016  0.00166139 0.000112473 -0.00057472   -0.191344    0.184041 -0.00106866 -0.217018  -0.23939  -9.80368    0.685  1.0695 0.86676
             28.9994  1.05903  3.55999 -12.4576    -0.1582 -0.0649902    1.37904 0.0001 0.0001 0.0001 0.0001 0.0001 0.0001 0.571583 0.368628 0.473163   0.261405  0.0988756 -0.0376852   0.00166262  0.000104713 -0.000514898   -0.191327    0.184223 -0.00131089 -0.217172  -0.23936  -9.80367     0.725   1.0285 0.885756
             29.0997   2.0343  3.70997 -10.9999  -0.132875 -0.0534154    1.37201 0.0001 0.0001 0.0001 0.0001 0.0001 0.0001 0.591158 0.381317 0.492287   0.292318   0.101524 -0.0264558    0.0016469  0.000163448 -0.000424245    -0.191065     0.184409 -0.000696445 -0.217403 -0.239185  -9.80367     0.699   1.0825 0.890993
             29.1995  2.33873  4.66163 -10.3282 -0.0981529 -0.0427285    1.37262 0.0001 0.0001 0.0001 0.0001 0.0001 0.0001 0.552059 0.362996 0.455296   0.324054  0.0617046 -0.0208928   0.00163546  0.000117308 -0.000394412     -0.1913    0.183871 -0.00122921 -0.216838 -0.239264  -9.80368     0.703   1.0415 0.894383
             29.2994  2.30651  4.74844 -9.90991 -0.0641494 -0.0402868    1.37472 0.0001 0.0001 0.0001 0.0001 0.0001 0.0001 0.571498 0.370562  0.46268   0.377933 0.00580038 -0.0187566   0.00169075  0.000169022 -0.000372457   -0.191374    0.183874 -0.00199129  -0.21678 -0.239312  -9.80368     0.709    1.042 0.880998
                29.4  2.21763  4.50216 -9.80828 -0.0220135 -0.0333416    1.36776 0.0001 0.0001 0.0001 0.0001 0.0001 0.0001 0.554379 0.375261 0.457324   0.423692  0.0166248 -0.0474037   0.00167837  0.000207526 -0.000361179   -0.191385    0.183259 -0.00155118 -0.216282 -0.239116   -9.8037     0.704     1.02 0.887745
             29.4999 0.318602  4.94983 -9.33702   0.025854 -0.0288326    1.36103 0.0001 0.0001 0.0001 0.0001 0.0001 0.0001 0.565868  0.38261 0.458031   0.515544 0.00586003 -0.0539924   0.00174001  0.000180097 -0.000399472   -0.191278    0.182987 -0.00138206 -0.216115 -0.238938  -9.80371     0.705   1.0065 0.887233
             29.5997 -0.0540423    4.66818   -8.34965  0.0811198 -0.0283054    1.36074 0.0001 0.0001 0.0001 0.0001 0.0001 0.0001  0.56556 0.382118 0.469828   0.638861 -0.0738405 -0.0445462   0.00166951  0.000202275 -0.000430028   -0.190907    0.182765 -0.00210386 -0.216065 -0.238656  -9.80372     0.706    1.008 0.902778
