1.000000 0.000000 0.000000 0.000000 0.000000 1.000000 0.000000 0.000000 0.000000 0.000000 1.000000 0.000000
0.999996 -0.002188 0.001688 0.817893 0.002189 0.999997 -0.000528 -0.082172 -0.001687 0.000531 0.999998 0.009114
0.999997 -0.001763 0.001755 2.301576 0.001767 0.999997 -0.001749 -0.054747 -0.001752 0.001752 0.999997 0.025814
0.999999 -0.000669 0.000913 3.866850 0.000671 0.999996 -0.002718 -0.001385 -0.000911 0.002719 0.999996 0.049060
1.000000 0.000031 0.000931 5.212812 -0.000028 0.999995 -0.003091 0.012740 -0.000931 0.003091 0.999995 0.063559
0.999999 -0.000385 0.001660 6.516418 0.000390 0.999994 -0.003357 0.016295 -0.001659 0.003358 0.999993 0.074398
0.999995 -0.000270 0.003057 7.857851 0.000284 0.999989 -0.004659 0.023681 -0.003056 0.004660 0.999984 0.095399
0.999994 -0.000355 0.003361 9.167371 0.000371 0.999989 -0.004767 0.031962 -0.003359 0.004768 0.999983 0.106489
0.999998 -0.000809 0.001947 10.513858 0.000816 0.999993 -0.003700 0.037627 -0.001944 0.003702 0.999991 0.125438
1.000000 -0.000778 -0.000327 11.848054 0.000778 0.999999 -0.000713 0.053880 0.000327 0.000713 1.000000 0.137277
0.999999 -0.000938 -0.001209 13.184040 0.000941 0.999996 0.002569 0.062055 0.001206 -0.002570 0.999996 0.155299
0.999999 -0.000805 -0.001344 14.522561 0.000812 0.999988 0.004867 0.075206 0.001340 -0.004868 0.999987 0.171614
1.000000 -0.000399 -0.000432 15.871702 0.000402 0.999983 0.005758 0.091237 0.000430 -0.005758 0.999983 0.189036
0.999998 -0.000484 0.002066 17.233851 0.000477 0.999994 0.003536 0.089729 -0.002067 -0.003535 0.999992 0.205209
0.999992 0.000142 0.003996 18.583061 -0.000139 1.000000 -0.000738 0.090413 -0.003996 0.000737 0.999992 0.221682
0.999997 -0.000422 0.002244 19.941878 0.000429 0.999996 -0.002837 0.103111 -0.002243 0.002838 0.999993 0.241664
1.000000 -0.000211 -0.000385 21.305035 0.000210 0.999994 -0.003347 0.107977 0.000386 0.003347 0.999994 0.251604
0.999999 0.000422 -0.001132 22.621015 -0.000423 0.999999 -0.000938 0.107443 0.001132 0.000938 0.999999 0.283143
0.999999 0.001039 0.000081 23.982155 -0.001039 0.999998 0.001397 0.120210 -0.000080 -0.001397 0.999999 0.282458
0.999989 0.001945 0.004239 25.363867 -0.001949 0.999998 0.000886 0.119614 -0.004237 -0.000895 0.999991 0.292089
0.999984 0.002013 0.005269 26.732854 -0.002008 0.999997 -0.001027 0.115904 -0.005272 0.001016 0.999986 0.304253
0.999988 0.002220 0.004338 28.105906 -0.002203 0.999990 -0.003933 0.122412 -0.004346 0.003923 0.999983 0.334320
0.999997 0.001741 0.001479 29.483928 -0.001734 0.999987 -0.004767 0.117611 -0.001488 0.004764 0.999988 0.333050
0.999997 0.002516 -0.000306 30.873776 -0.002517 0.999988 -0.004111 0.124432 0.000296 0.004112 0.999992 0.367896
0.999995 0.002902 -0.001571 32.251321 -0.002905 0.999994 -0.002034 0.129519 0.001565 0.002039 0.999997 0.367210
0.999989 0.003310 -0.003231 33.637720 -0.003310 0.999995 -0.000024 0.133924 0.003231 0.000034 0.999995 0.397855
0.999988 0.003575 -0.003205 35.029771 -0.003572 0.999993 0.000809 0.137466 0.003208 -0.000798 0.999995 0.414790
0.999994 0.003226 -0.001515 36.420678 -0.003227 0.999995 -0.000460 0.138142 0.001513 0.000465 0.999999 0.436114
0.999996 0.002899 -0.000109 37.841703 -0.002899 0.999995 0.001289 0.139603 0.000112 -0.001289 0.999999 0.457357
0.999997 0.002563 0.000182 39.232301 -0.002563 0.999990 0.003526 0.140594 -0.000173 -0.003526 0.999994 0.472406
0.999996 0.002826 0.000084 40.621318 -0.002827 0.999977 0.006157 0.147859 -0.000066 -0.006157 0.999981 0.490194
0.999995 0.003087 0.000371 42.031938 -0.003090 0.999964 0.007955 0.165283 -0.000347 -0.007956 0.999968 0.503748
0.999996 0.002681 0.000457 43.431621 -0.002685 0.999951 0.009498 0.167727 -0.000432 -0.009499 0.999955 0.523939
0.999997 0.002346 0.000365 44.877632 -0.002349 0.999962 0.008348 0.171711 -0.000345 -0.008349 0.999965 0.543527
0.999999 0.001374 -0.000144 46.276392 -0.001373 0.999970 0.007637 0.166425 0.000155 -0.007636 0.999971 0.561577
1.000000 0.000620 0.000327 47.690978 -0.000623 0.999971 0.007606 0.174578 -0.000322 -0.007607 0.999971 0.584427
0.999999 -0.000346 0.001118 49.071082 0.000337 0.999974 0.007261 0.178919 -0.001121 -0.007261 0.999973 0.598484
0.999998 -0.001373 0.001269 50.504900 0.001363 0.999968 0.007941 0.189562 -0.001280 -0.007939 0.999968 0.616689
0.999996 -0.002513 0.001324 51.932073 0.002501 0.999960 0.008615 0.192933 -0.001345 -0.008612 0.999962 0.636396
0.999990 -0.003730 0.002404 53.353063 0.003710 0.999957 0.008465 0.205230 -0.002436 -0.008456 0.999961 0.652581
0.999986 -0.004210 0.003318 54.801132 0.004187 0.999966 0.007036 0.225134 -0.003347 -0.007022 0.999970 0.667705
0.999983 -0.004768 0.003364 56.209282 0.004749 0.999974 0.005446 0.235811 -0.003390 -0.005430 0.999980 0.684944
0.999982 -0.005221 0.003041 57.624363 0.005211 0.999980 0.003457 0.241738 -0.003059 -0.003441 0.999989 0.702901
0.999981 -0.005215 0.003267 59.085278 0.005207 0.999984 0.002418 0.254998 -0.003280 -0.002401 0.999992 0.719641
0.999980 -0.004987 0.003915 60.501808 0.004982 0.999987 0.001293 0.261222 -0.003921 -0.001273 0.999992 0.736742
0.999980 -0.004418 0.004594 61.942449 0.004420 0.999990 -0.000476 0.272100 -0.004592 0.000496 0.999989 0.751314
0.999983 -0.003983 0.004322 63.336006 0.003996 0.999988 -0.002837 0.283944 -0.004310 0.002855 0.999987 0.763743
0.999988 -0.003400 0.003544 64.680113 0.003412 0.999988 -0.003522 0.289784 -0.003532 0.003534 0.999988 0.780156
0.999991 -0.002764 0.003287 66.134257 0.002776 0.999990 -0.003629 0.305155 -0.003277 0.003639 0.999988 0.799988
0.999992 -0.002236 0.003201 67.543655 0.002242 0.999996 -0.001743 0.312457 -0.003197 0.001750 0.999993 0.818507
0.999990 -0.001485 0.004259 68.999728 0.001481 0.999998 0.000923 0.335044 -0.004261 -0.000917 0.999991 0.832970
0.999984 -0.000842 0.005663 70.423237 0.000818 0.999990 0.004353 0.348116 -0.005666 -0.004348 0.999974 0.849242
0.999980 0.000097 0.006297 71.836406 -0.000148 0.999967 0.008068 0.368586 -0.006296 -0.008069 0.999948 0.865347
0.999982 0.000507 0.005898 73.230969 -0.000582 0.999920 0.012653 0.376875 -0.005891 -0.012656 0.999903 0.879880
0.999985 0.001049 0.005370 74.616806 -0.001135 0.999872 0.015982 0.385699 -0.005352 -0.015988 0.999858 0.894244
0.999984 0.001760 0.005345 76.046058 -0.001856 0.999836 0.018035 0.397210 -0.005313 -0.018044 0.999823 0.907401
0.999982 0.002125 0.005636 77.433980 -0.002227 0.999831 0.018269 0.401683 -0.005596 -0.018281 0.999817 0.925955
0.999982 0.002230 0.005623 78.824097 -0.002326 0.999852 0.017058 0.409041 -0.005584 -0.017071 0.999839 0.941632
0.999987 0.002152 0.004595 80.230465 -0.002229 0.999856 0.016803 0.409526 -0.004558 -0.016813 0.999848 0.959403
0.999987 0.001866 0.004649 81.605758 -0.001941 0.999868 0.016140 0.411220 -0.004618 -0.016149 0.999859 0.972570
0.999987 0.001692 0.004876 82.995319 -0.001766 0.999884 0.015160 0.421080 -0.004849 -0.015169 0.999873 0.985513
0.999989 0.001127 0.004463 84.376408 -0.001194 0.999884 0.015214 0.418671 -0.004445 -0.015219 0.999874 1.004677
0.999989 0.000252 0.004678 85.762377 -0.000325 0.999879 0.015561 0.422746 -0.004673 -0.015562 0.999868 1.017513
0.999985 -0.000952 0.005305 87.110115 0.000878 0.999900 0.014117 0.424448 -0.005318 -0.014112 0.999886 1.030148
0.999978 -0.001820 0.006428 88.459704 0.001739 0.999918 0.012665 0.436577 -0.006451 -0.012654 0.999899 1.046325
0.999972 -0.002976 0.006856 89.839106 0.002900 0.999935 0.011046 0.446670 -0.006888 -0.011025 0.999915 1.063570
0.999969 -0.003996 0.006796 91.213792 0.003934 0.999950 0.009152 0.446735 -0.006833 -0.009125 0.999935 1.078052
0.999970 -0.004391 0.006439 92.605919 0.004341 0.999960 0.007798 0.461861 -0.006473 -0.007770 0.999949 1.091652
0.999972 -0.004472 0.006072 93.940703 0.004432 0.999968 0.006592 0.468576 -0.006101 -0.006565 0.999960 1.108677
0.999975 -0.004531 0.005501 95.288661 0.004496 0.999970 0.006243 0.481959 -0.005529 -0.006218 0.999965 1.117779
0.999978 -0.004513 0.004889 96.654204 0.004483 0.999971 0.006135 0.492722 -0.004916 -0.006113 0.999969 1.132996
0.999981 -0.004389 0.004275 97.994649 0.004362 0.999970 0.006415 0.500279 -0.004303 -0.006396 0.999970 1.148619
0.999981 -0.004068 0.004599 99.331382 0.004032 0.999962 0.007683 0.520071 -0.004630 -0.007664 0.999960 1.157751
0.999973 -0.003995 0.006124 100.698887 0.003940 0.999952 0.009019 0.534348 -0.006160 -0.008995 0.999941 1.180328
0.999967 -0.003911 0.007183 102.045092 0.003846 0.999951 0.009080 0.550091 -0.007218 -0.009052 0.999933 1.188978
0.999974 -0.003786 0.006186 103.408671 0.003731 0.999954 0.008839 0.558404 -0.006219 -0.008815 0.999942 1.206171
0.999986 -0.003644 0.003822 104.768484 0.003608 0.999948 0.009487 0.580779 -0.003856 -0.009473 0.999948 1.217145
0.999990 -0.003501 0.002663 106.059688 0.003477 0.999954 0.008888 0.596100 -0.002694 -0.008878 0.999957 1.231248
0.999987 -0.003517 0.003818 107.399906 0.003492 0.999973 0.006454 0.605594 -0.003840 -0.006441 0.999972 1.249664
0.999979 -0.003030 0.005692 108.699212 0.003010 0.999989 0.003559 0.608583 -0.005703 -0.003542 0.999977 1.260413
0.999977 -0.002162 0.006479 110.025651 0.002152 0.999996 0.001584 0.610517 -0.006482 -0.001570 0.999978 1.277162
0.999985 -0.001230 0.005243 111.366188 0.001223 0.999998 0.001440 0.617007 -0.005245 -0.001434 0.999985 1.293143
0.999996 -0.000477 0.002775 112.671031 0.000468 0.999994 0.003287 0.632178 -0.002777 -0.003285 0.999991 1.303460
0.999999 0.000545 0.001090 114.018485 -0.000552 0.999980 0.006240 0.644538 -0.001087 -0.006240 0.999980 1.323857
0.999998 0.001995 0.000868 115.342037 -0.002002 0.999960 0.008766 0.653479 -0.000850 -0.008768 0.999961 1.335646
0.999990 0.003284 0.002881 116.695436 -0.003310 0.999952 0.009264 0.660458 -0.002851 -0.009274 0.999953 1.348403
0.999977 0.004391 0.005072 118.009257 -0.004436 0.999951 0.008832 0.658367 -0.005033 -0.008854 0.999948 1.363501
0.999970 0.005150 0.005735 119.348206 -0.005198 0.999952 0.008327 0.662227 -0.005692 -0.008357 0.999949 1.377360
0.999967 0.006232 0.005148 120.668436 -0.006279 0.999939 0.009046 0.658149 -0.005092 -0.009078 0.999946 1.390758
0.999960 0.007518 0.004908 121.990497 -0.007567 0.999920 0.010173 0.663104 -0.004831 -0.010210 0.999936 1.399833
0.999952 0.008698 0.004476 123.316903 -0.008751 0.999890 0.011970 0.662021 -0.004371 -0.012009 0.999918 1.410212
0.999944 0.009968 0.003569 124.636392 -0.010014 0.999863 0.013170 0.664299 -0.003437 -0.013205 0.999907 1.425604
0.999937 0.010891 0.002852 126.002729 -0.010929 0.999843 0.013983 0.655018 -0.002699 -0.014013 0.999898 1.436961
0.999926 0.011878 0.002715 127.348215 -0.011913 0.999842 0.013230 0.649984 -0.002557 -0.013261 0.999909 1.453455
0.999912 0.012776 0.003611 128.666254 -0.012823 0.999829 0.013359 0.640067 -0.003440 -0.013404 0.999904 1.470646
0.999897 0.013550 0.004655 130.009560 -0.013600 0.999848 0.010876 0.626515 -0.004507 -0.010938 0.999930 1.480352
0.999891 0.013852 0.005020 131.342095 -0.013905 0.999847 0.010586 0.610133 -0.004873 -0.010655 0.999931 1.495990
0.999889 0.013912 0.005259 132.689414 -0.013956 0.999867 0.008490 0.597187 -0.005140 -0.008563 0.999950 1.509939
0.999888 0.013707 0.006005 134.014707 -0.013743 0.999887 0.006116 0.587821 -0.005921 -0.006198 0.999963 1.518568
0.999898 0.013086 0.005713 135.340415 -0.013111 0.999904 0.004500 0.574537 -0.005654 -0.004575 0.999974 1.533071
0.999912 0.011957 0.005707 136.693983 -0.011980 0.999920 0.004015 0.567600 -0.005659 -0.004083 0.999976 1.545885
0.999921 0.010749 0.006553 138.064174 -0.010759 0.999941 0.001514 0.556011 -0.006536 -0.001585 0.999977 1.554480
0.999929 0.009770 0.006767 139.417015 -0.009774 0.999952 0.000524 0.544528 -0.006761 -0.000590 0.999977 1.568213
0.999942 0.008522 0.006571 140.728887 -0.008520 0.999964 -0.000287 0.536227 -0.006573 0.000231 0.999978 1.578289
0.999953 0.007422 0.006199 142.087913 -0.007419 0.999972 -0.000469 0.529950 -0.006202 0.000423 0.999981 1.590638
0.999964 0.006354 0.005571 143.411902 -0.006345 0.999979 -0.001617 0.529522 -0.005581 0.001581 0.999983 1.593527
0.999979 0.005387 0.003611 144.753957 -0.005379 0.999983 -0.002271 0.525889 -0.003623 0.002252 0.999991 1.611311
0.999986 0.004471 0.002896 146.113093 -0.004453 0.999970 -0.006288 0.516710 -0.002924 0.006275 0.999976 1.632693
0.999980 0.003372 0.005426 147.442211 -0.003289 0.999878 -0.015283 0.501803 -0.005477 0.015264 0.999868 1.641509
0.999976 0.001821 0.006714 148.772034 -0.001653 0.999688 -0.024907 0.488993 -0.006757 0.024895 0.999667 1.646560
0.999992 0.000671 0.004009 150.113700 -0.000564 0.999643 -0.026711 0.486912 -0.004025 0.026708 0.999635 1.665582
0.999999 0.001024 0.000512 151.475773 -0.001012 0.999719 -0.023697 0.487547 -0.000536 0.023696 0.999719 1.687573
0.999997 0.001810 -0.001610 152.830392 -0.001845 0.999750 -0.022269 0.494964 0.001569 0.022272 0.999751 1.693645
0.999995 0.002739 -0.001516 154.168758 -0.002771 0.999771 -0.021234 0.500636 0.001458 0.021238 0.999773 1.717870
0.999993 0.003391 0.001562 155.512954 -0.003349 0.999657 -0.025990 0.493813 -0.001650 0.025985 0.999661 1.726672
0.999981 0.003959 0.004659 156.868776 -0.003809 0.999487 -0.031799 0.475066 -0.004782 0.031781 0.999483 1.745953
0.999975 0.003862 0.005847 158.212611 -0.003656 0.999384 -0.034903 0.467713 -0.005978 0.034881 0.999374 1.759757
0.999973 0.003973 0.006109 159.536617 -0.003746 0.999320 -0.036689 0.462629 -0.006251 0.036666 0.999308 1.776268
0.999967 0.004858 0.006588 160.888529 -0.004625 0.999380 -0.034913 0.460857 -0.006753 0.034881 0.999369 1.782007
0.999965 0.005921 0.005966 162.225835 -0.005723 0.999450 -0.032673 0.462957 -0.006157 0.032638 0.999448 1.789188
0.999969 0.006764 0.003929 163.572153 -0.006654 0.999601 -0.027443 0.470378 -0.004113 0.027416 0.999616 1.803888
0.999967 0.007408 0.003210 164.957490 -0.007327 0.999673 -0.024486 0.471196 -0.003391 0.024461 0.999695 1.816026
0.999959 0.007817 0.004520 166.333615 -0.007704 0.999674 -0.024338 0.469884 -0.004708 0.024302 0.999694 1.819283
0.999961 0.007590 0.004474 167.643278 -0.007481 0.999689 -0.023773 0.467313 -0.004653 0.023739 0.999707 1.828104
0.999972 0.007117 0.002154 168.985714 -0.007069 0.999745 -0.021468 0.461108 -0.002307 0.021452 0.999767 1.842820
0.999978 0.006533 -0.000575 170.353997 -0.006541 0.999839 -0.016738 0.463946 0.000465 0.016741 0.999860 1.863102
0.999978 0.006369 -0.001805 171.742490 -0.006387 0.999927 -0.010234 0.470364 0.001740 0.010246 0.999946 1.888032
0.999978 0.006619 -0.000851 173.162136 -0.006623 0.999962 -0.005645 0.474296 0.000814 0.005651 0.999984 1.908368
0.999972 0.007317 0.001298 174.557887 -0.007313 0.999970 -0.002704 0.481142 -0.001318 0.002694 0.999996 1.927745
0.999968 0.007339 0.003327 175.978504 -0.007328 0.999968 -0.003076 0.480294 -0.003350 0.003052 0.999990 1.939154
0.999969 0.006520 0.004512 177.348176 -0.006502 0.999971 -0.003920 0.470201 -0.004538 0.003891 0.999982 1.959886
0.999979 0.004772 0.004472 178.711719 -0.004737 0.999958 -0.007812 0.461945 -0.004509 0.007790 0.999959 1.963703
0.999996 0.002781 0.000613 180.063550 -0.002776 0.999966 -0.007800 0.460700 -0.000635 0.007799 0.999969 1.984870
0.999993 0.001285 -0.003407 181.463387 -0.001301 0.999989 -0.004454 0.473291 0.003402 0.004458 0.999984 2.007601
0.999989 0.000648 -0.004598 182.862724 -0.000657 0.999998 -0.001846 0.483627 0.004597 0.001849 0.999988 2.017760
0.999994 0.000511 -0.003420 184.262273 -0.000502 0.999997 0.002452 0.498875 0.003422 -0.002450 0.999991 2.040945
1.000000 0.000438 -0.000285 185.652157 -0.000437 0.999993 0.003588 0.505325 0.000287 -0.003588 0.999994 2.055338
0.999997 0.000929 0.002141 187.036572 -0.000936 0.999994 0.003357 0.512883 -0.002138 -0.003359 0.999992 2.071388
0.999995 0.001056 0.003017 188.429144 -0.001066 0.999994 0.003317 0.521347 -0.003014 -0.003320 0.999990 2.086167
0.999993 0.000854 0.003589 189.829520 -0.000862 0.999998 0.002019 0.522679 -0.003587 -0.002023 0.999992 2.100911
0.999991 0.000914 0.004183 191.206934 -0.000912 0.999999 -0.000522 0.522018 -0.004183 0.000518 0.999991 2.116925
0.999990 0.001313 0.004363 192.623414 -0.001303 0.999996 -0.002470 0.524198 -0.004367 0.002464 0.999987 2.134801
0.999985 0.001653 0.005230 194.011560 -0.001622 0.999981 -0.005884 0.521081 -0.005240 0.005875 0.999969 2.144392
0.999975 0.002062 0.006734 195.476980 -0.001992 0.999944 -0.010383 0.513825 -0.006755 0.010370 0.999923 2.154349
0.999975 0.002284 0.006732 196.896284 -0.002187 0.999893 -0.014452 0.512572 -0.006764 0.014436 0.999873 2.162587
0.999992 0.002562 0.002905 198.348701 -0.002525 0.999920 -0.012421 0.515696 -0.002937 0.012414 0.999919 2.174417
0.999993 0.003055 -0.002364 199.786065 -0.003065 0.999987 -0.004087 0.530425 0.002351 0.004095 0.999989 2.196146
0.999987 0.004223 -0.002714 201.192492 -0.004210 0.999980 0.004824 0.543240 0.002734 -0.004812 0.999985 2.206112
0.999985 0.005387 0.001068 202.626565 -0.005398 0.999927 0.010792 0.559429 -0.001010 -0.010797 0.999941 2.218291
0.999973 0.006307 0.003644 204.047003 -0.006353 0.999899 0.012714 0.559025 -0.003563 -0.012737 0.999913 2.237971
0.999976 0.005753 0.003874 205.492451 -0.005795 0.999922 0.011085 0.557108 -0.003810 -0.011107 0.999931 2.249289
0.999982 0.004536 0.003963 206.955365 -0.004565 0.999961 0.007551 0.551999 -0.003929 -0.007569 0.999964 2.262738
0.999988 0.003345 0.003481 208.395423 -0.003363 0.999981 0.005245 0.543751 -0.003463 -0.005257 0.999980 2.278853
0.999992 0.002822 0.002777 209.876051 -0.002839 0.999977 0.006137 0.547881 -0.002760 -0.006144 0.999977 2.293940
0.999992 0.002711 0.003051 211.333021 -0.002733 0.999968 0.007478 0.550295 -0.003031 -0.007486 0.999967 2.308002
0.999989 0.002549 0.003976 212.815865 -0.002581 0.999964 0.008088 0.558774 -0.003956 -0.008098 0.999959 2.319158
0.999990 0.002303 0.003801 214.285926 -0.002331 0.999969 0.007516 0.558855 -0.003783 -0.007525 0.999965 2.335087
0.999994 0.002025 0.002644 215.736247 -0.002044 0.999970 0.007425 0.567758 -0.002629 -0.007431 0.999969 2.346969
0.999996 0.001671 0.002283 217.170192 -0.001685 0.999979 0.006208 0.568004 -0.002272 -0.006212 0.999978 2.360985
0.999997 0.001308 0.002226 218.646927 -0.001323 0.999976 0.006773 0.573815 -0.002217 -0.006776 0.999975 2.377438
0.999998 0.001010 0.001932 220.133941 -0.001024 0.999973 0.007215 0.579982 -0.001925 -0.007216 0.999972 2.394386
0.999998 0.000639 0.001686 221.626646 -0.000651 0.999975 0.007051 0.586934 -0.001681 -0.007052 0.999974 2.411072
0.999999 0.000301 0.001479 223.150477 -0.000313 0.999969 0.007890 0.591754 -0.001476 -0.007890 0.999968 2.426272
0.999999 -0.000120 0.001356 224.625694 0.000110 0.999970 0.007703 0.603689 -0.001356 -0.007703 0.999969 2.444396
0.999999 -0.000656 0.001459 226.077795 0.000644 0.999967 0.008079 0.612857 -0.001465 -0.008078 0.999966 2.459896
0.999999 -0.000559 0.001491 227.556574 0.000549 0.999976 0.006920 0.621272 -0.001495 -0.006919 0.999975 2.477273
0.999999 -0.000471 0.001142 229.033707 0.000465 0.999983 0.005806 0.626092 -0.001145 -0.005806 0.999982 2.492944
0.999999 -0.000353 0.001473 230.554734 0.000347 0.999993 0.003801 0.627767 -0.001474 -0.003801 0.999992 2.507090
0.999997 -0.000236 0.002229 232.073805 0.000229 0.999995 0.003012 0.636028 -0.002230 -0.003011 0.999993 2.530455
0.999996 -0.000332 0.002651 233.541430 0.000326 0.999997 0.002392 0.637789 -0.002652 -0.002391 0.999994 2.541247
0.999997 -0.000291 0.002409 235.054145 0.000284 0.999996 0.002818 0.646306 -0.002410 -0.002818 0.999993 2.559342
0.999998 -0.000146 0.001814 236.564483 0.000139 0.999991 0.004179 0.650566 -0.001814 -0.004179 0.999990 2.577646
0.999997 0.000394 0.002446 238.063302 -0.000408 0.999984 0.005592 0.659393 -0.002443 -0.005593 0.999981 2.596527
0.999989 0.001004 0.004552 239.571124 -0.001026 0.999989 0.004683 0.668736 -0.004547 -0.004688 0.999979 2.604253
0.999986 0.001553 0.005088 241.048221 -0.001571 0.999992 0.003611 0.674289 -0.005082 -0.003619 0.999981 2.616782
0.999991 0.001900 0.003690 242.590904 -0.001916 0.999989 0.004226 0.681247 -0.003682 -0.004233 0.999984 2.631609
0.999994 0.002610 0.002316 244.125724 -0.002621 0.999985 0.004832 0.686287 -0.002303 -0.004838 0.999986 2.649379
0.999993 0.002797 0.002655 245.618418 -0.002809 0.999985 0.004719 0.695389 -0.002642 -0.004726 0.999985 2.654702
0.999989 0.002815 0.003693 247.136749 -0.002832 0.999985 0.004602 0.698290 -0.003680 -0.004612 0.999983 2.673207
0.999987 0.002530 0.004379 248.617544 -0.002546 0.999990 0.003804 0.700418 -0.004370 -0.003815 0.999983 2.686154
0.999987 0.002234 0.004649 250.160144 -0.002256 0.999986 0.004843 0.705980 -0.004638 -0.004853 0.999977 2.701977
0.999987 0.002246 0.004590 251.702688 -0.002273 0.999980 0.005882 0.707499 -0.004577 -0.005893 0.999972 2.714882
0.999985 0.002347 0.004858 253.247031 -0.002385 0.999966 0.007907 0.719162 -0.004840 -0.007918 0.999957 2.735791
0.999984 0.002455 0.005050 254.805929 -0.002500 0.999956 0.009004 0.714808 -0.005027 -0.009017 0.999947 2.746425
0.999982 0.002544 0.005378 256.336309 -0.002580 0.999973 0.006815 0.711789 -0.005360 -0.006828 0.999962 2.761610
0.999979 0.002516 0.005972 257.888634 -0.002549 0.999981 0.005533 0.706960 -0.005958 -0.005548 0.999967 2.772055
0.999972 0.002539 0.006996 259.419335 -0.002551 0.999995 0.001678 0.699946 -0.006992 -0.001696 0.999974 2.783619
0.999979 0.002321 0.006087 260.978051 -0.002321 0.999997 -0.000074 0.693333 -0.006087 0.000060 0.999981 2.791343
0.999985 0.002174 0.005031 262.471896 -0.002172 0.999998 -0.000484 0.694737 -0.005032 0.000473 0.999987 2.804872
0.999972 0.002918 0.006835 263.974407 -0.002897 0.999991 -0.003054 0.696431 -0.006844 0.003035 0.999972 2.815736
0.999957 0.002955 0.008812 265.524510 -0.002904 0.999979 -0.005750 0.699418 -0.008829 0.005724 0.999945 2.822090
0.999961 0.003070 0.008234 267.067889 -0.003020 0.999977 -0.006070 0.698212 -0.008253 0.006045 0.999948 2.839746
0.999969 0.003441 0.007132 268.603747 -0.003401 0.999979 -0.005515 0.697265 -0.007151 0.005491 0.999959 2.852041
0.999969 0.004066 0.006808 270.146947 -0.004031 0.999979 -0.005114 0.701606 -0.006829 0.005087 0.999964 2.859537
0.999963 0.005068 0.006910 271.670455 -0.005043 0.999981 -0.003670 0.709838 -0.006929 0.003635 0.999969 2.867923
0.999961 0.005913 0.006537 273.244066 -0.005901 0.999981 -0.001823 0.705997 -0.006548 0.001784 0.999977 2.880079
0.999956 0.006826 0.006403 274.827507 -0.006821 0.999976 -0.000860 0.708792 -0.006409 0.000816 0.999979 2.889185
0.999951 0.007701 0.006200 276.359227 -0.007696 0.999970 -0.000772 0.707504 -0.006205 0.000724 0.999980 2.900938
0.999947 0.008585 0.005740 277.886158 -0.008580 0.999963 -0.000864 0.706152 -0.005747 0.000815 0.999983 2.909333
0.999942 0.009484 0.005133 279.390550 -0.009474 0.999953 -0.001967 0.696485 -0.005152 0.001918 0.999985 2.919718
0.999931 0.010499 0.005294 280.921544 -0.010487 0.999942 -0.002288 0.682672 -0.005317 0.002233 0.999983 2.931972
0.999918 0.011004 0.006564 282.518367 -0.010975 0.999930 -0.004322 0.673455 -0.006611 0.004250 0.999969 2.940748
0.999914 0.011162 0.006868 284.045181 -0.011118 0.999917 -0.006443 0.665292 -0.006939 0.006366 0.999956 2.946255
0.999923 0.011436 0.004774 285.595894 -0.011403 0.999912 -0.006832 0.651062 -0.004852 0.006777 0.999965 2.965675
0.999936 0.011094 0.002275 287.121574 -0.011078 0.999914 -0.006948 0.643681 -0.002352 0.006923 0.999973 2.974886
0.999946 0.010090 0.002498 288.688255 -0.010069 0.999916 -0.008219 0.635450 -0.002580 0.008193 0.999963 2.982754
0.999954 0.009266 0.002582 290.262676 -0.009240 0.999910 -0.009753 0.631043 -0.002672 0.009729 0.999949 2.999484
0.999964 0.008291 0.001917 291.794023 -0.008273 0.999921 -0.009502 0.621106 -0.001996 0.009486 0.999953 3.017601
0.999968 0.007797 0.001553 293.360341 -0.007782 0.999926 -0.009383 0.613806 -0.001626 0.009371 0.999955 3.035196
0.999972 0.007173 0.002100 294.916459 -0.007152 0.999926 -0.009790 0.608881 -0.002170 0.009775 0.999950 3.043202
0.999978 0.006213 0.002312 296.490690 -0.006187 0.999918 -0.011239 0.608498 -0.002382 0.011224 0.999934 3.057600
0.999981 0.005167 0.003335 298.026294 -0.005128 0.999920 -0.011558 0.604128 -0.003394 0.011541 0.999928 3.069233
0.999977 0.004453 0.005045 299.578434 -0.004393 0.999919 -0.011956 0.606432 -0.005098 0.011933 0.999916 3.075514
0.999974 0.005204 0.005074 301.156977 -0.005145 0.999920 -0.011561 0.598568 -0.005134 0.011535 0.999920 3.086827
0.999969 0.006283 0.004772 302.749096 -0.006226 0.999909 -0.011946 0.600845 -0.004846 0.011915 0.999917 3.089735
0.999966 0.006713 0.004796 304.352500 -0.006654 0.999902 -0.012302 0.602001 -0.004878 0.012270 0.999913 3.105903
0.999969 0.006931 0.003819 305.946741 -0.006878 0.999880 -0.013858 0.598956 -0.003915 0.013832 0.999897 3.120854
0.999971 0.007374 0.001949 307.529295 -0.007345 0.999868 -0.014470 0.585592 -0.002056 0.014455 0.999893 3.143469
0.999974 0.007241 0.000737 309.135458 -0.007228 0.999847 -0.015957 0.586666 -0.000853 0.015952 0.999872 3.150075
0.999987 0.005086 -0.000030 310.750490 -0.005086 0.999889 -0.014003 0.582614 -0.000042 0.014003 0.999902 3.174549
0.999995 0.003042 0.000552 312.383656 -0.003035 0.999912 -0.012947 0.594216 -0.000591 0.012946 0.999916 3.191854
0.999990 0.002694 0.003434 314.015568 -0.002652 0.999920 -0.012361 0.589563 -0.003467 0.012351 0.999918 3.202514
0.999974 0.002819 0.006638 315.612586 -0.002724 0.999895 -0.014220 0.585955 -0.006677 0.014201 0.999877 3.217188
0.999968 0.002999 0.007386 317.232237 -0.002884 0.999877 -0.015438 0.590953 -0.007431 0.015416 0.999854 3.227464
0.999973 0.003335 0.006558 318.876255 -0.003230 0.999867 -0.015993 0.588201 -0.006610 0.015971 0.999851 3.243765
0.999973 0.003902 0.006153 320.524372 -0.003801 0.999859 -0.016338 0.589209 -0.006216 0.016315 0.999848 3.251648
0.999969 0.004298 0.006645 322.132466 -0.004188 0.999854 -0.016544 0.586467 -0.006715 0.016516 0.999841 3.263934
0.999965 0.004845 0.006792 323.759459 -0.004732 0.999852 -0.016541 0.578837 -0.006871 0.016509 0.999840 3.284819
0.999968 0.005312 0.005978 325.399837 -0.005221 0.999872 -0.015125 0.578032 -0.006058 0.015093 0.999868 3.296153
0.999969 0.005958 0.005154 327.024133 -0.005882 0.999876 -0.014626 0.587544 -0.005241 0.014596 0.999880 3.307802
0.999954 0.006932 0.006704 328.634480 -0.006828 0.999859 -0.015359 0.579466 -0.006809 0.015313 0.999860 3.322451
0.999944 0.006911 0.007991 330.259464 -0.006777 0.999836 -0.016774 0.571261 -0.008106 0.016719 0.999827 3.335853
0.999953 0.006656 0.006997 331.868175 -0.006538 0.999839 -0.016730 0.560866 -0.007107 0.016683 0.999836 3.350620
0.999952 0.006786 0.007080 333.470089 -0.006670 0.999846 -0.016235 0.558222 -0.007189 0.016187 0.999843 3.370524
0.999966 0.006549 0.004971 335.072960 -0.006473 0.999866 -0.015029 0.558739 -0.005069 0.014996 0.999875 3.368040
0.999977 0.006425 0.002347 336.685076 -0.006397 0.999911 -0.011714 0.564575 -0.002422 0.011699 0.999929 3.395720
0.999982 0.005153 0.003073 338.309546 -0.005118 0.999924 -0.011252 0.557366 -0.003131 0.011236 0.999932 3.410871
0.999975 0.003917 0.005913 339.928928 -0.003855 0.999938 -0.010421 0.550905 -0.005953 0.010398 0.999928 3.431543
0.999957 0.003138 0.008702 341.517291 -0.003053 0.999948 -0.009734 0.551639 -0.008732 0.009707 0.999915 3.438158
0.999967 0.001631 0.007899 343.137401 -0.001560 0.999958 -0.009012 0.562069 -0.007914 0.008999 0.999928 3.449822
0.999978 0.000517 0.006538 344.747551 -0.000459 0.999960 -0.008921 0.566358 -0.006543 0.008918 0.999939 3.464499
0.999971 -0.001530 0.007456 346.356285 0.001609 0.999943 -0.010601 0.569574 -0.007440 0.010613 0.999916 3.474807
0.999963 -0.002504 0.008280 347.945558 0.002606 0.999920 -0.012337 0.580182 -0.008249 0.012358 0.999890 3.494442
0.999969 -0.002494 0.007492 349.543807 0.002588 0.999918 -0.012559 0.592745 -0.007461 0.012578 0.999893 3.504803
0.999973 -0.002952 0.006754 351.122588 0.003039 0.999912 -0.012883 0.604532 -0.006715 0.012903 0.999894 3.518982
0.999975 -0.002725 0.006577 352.717320 0.002811 0.999909 -0.013180 0.614886 -0.006541 0.013198 0.999892 3.526080
0.999974 -0.003089 0.006463 354.318331 0.003179 0.999898 -0.013960 0.623716 -0.006419 0.013980 0.999882 3.543951
0.999977 -0.003201 0.005935 355.934493 0.003287 0.999888 -0.014575 0.632651 -0.005888 0.014594 0.999876 3.562101
0.999982 -0.002815 0.005332 357.512579 0.002892 0.999890 -0.014546 0.644003 -0.005290 0.014562 0.999880 3.577339
0.999980 -0.003058 0.005519 359.085249 0.003141 0.999882 -0.015059 0.653762 -0.005472 0.015076 0.999871 3.592499
0.999986 -0.002794 0.004589 360.682435 0.002863 0.999881 -0.015151 0.665453 -0.004546 0.015164 0.999875 3.601632
0.999988 -0.003129 0.003813 362.266251 0.003190 0.999868 -0.015952 0.678811 -0.003763 0.015964 0.999865 3.623466
0.999983 -0.002997 0.005027 363.874453 0.003086 0.999838 -0.017709 0.683042 -0.004973 0.017725 0.999831 3.631527
0.999978 -0.002580 0.006086 365.479631 0.002700 0.999798 -0.019936 0.695693 -0.006033 0.019952 0.999783 3.654528
0.999982 -0.002675 0.005282 367.061741 0.002780 0.999798 -0.019921 0.705967 -0.005228 0.019935 0.999788 3.667215
0.999985 -0.002439 0.004819 368.664749 0.002526 0.999832 -0.018128 0.717066 -0.004774 0.018140 0.999824 3.680146
0.999983 -0.002252 0.005376 370.257847 0.002342 0.999854 -0.016924 0.734986 -0.005337 0.016936 0.999842 3.691968
0.999979 -0.001568 0.006286 371.893663 0.001667 0.999873 -0.015851 0.744063 -0.006260 0.015861 0.999855 3.705241
0.999981 -0.001463 0.006028 373.468110 0.001557 0.999877 -0.015598 0.751149 -0.006004 0.015607 0.999860 3.717369
0.999985 -0.000939 0.005419 375.056683 0.001022 0.999882 -0.015357 0.761340 -0.005404 0.015362 0.999867 3.733871
0.999987 -0.000367 0.005040 376.667055 0.000442 0.999890 -0.014851 0.765863 -0.005033 0.014853 0.999877 3.746840
0.999987 -0.000196 0.005086 378.286890 0.000270 0.999894 -0.014544 0.774385 -0.005082 0.014545 0.999881 3.760141
0.999986 0.000209 0.005225 379.892992 -0.000141 0.999914 -0.013110 0.781166 -0.005227 0.013109 0.999900 3.772746
0.999985 0.000132 0.005543 381.502993 -0.000063 0.999923 -0.012376 0.789516 -0.005544 0.012376 0.999908 3.782029
0.999987 0.000535 0.005133 383.106584 -0.000477 0.999937 -0.011202 0.799597 -0.005138 0.011200 0.999924 3.796727
0.999989 0.001214 0.004602 384.717042 -0.001169 0.999950 -0.009946 0.808079 -0.004614 0.009941 0.999940 3.813847
0.999988 0.001520 0.004568 386.337897 -0.001480 0.999960 -0.008845 0.807908 -0.004582 0.008838 0.999950 3.831754
0.999984 0.001890 0.005389 387.974489 -0.001849 0.999969 -0.007609 0.825535 -0.005403 0.007599 0.999957 3.842885
0.999982 0.001933 0.005705 389.585789 -0.001893 0.999973 -0.007114 0.837644 -0.005719 0.007103 0.999958 3.855396
0.999984 0.002088 0.005272 391.200613 -0.002060 0.999983 -0.005424 0.840767 -0.005283 0.005413 0.999971 3.868711
0.999981 0.002744 0.005576 392.818188 -0.002716 0.999984 -0.005017 0.846926 -0.005589 0.005002 0.999972 3.882538
