1743735137.1784 124.6797
1743735137.2825 124.6797
1743735137.3866 124.6797
1743735137.4909 127.4102
1743735137.5950 127.6680
1743735137.6991 132.0508
1743735137.8034 136.9492
1743735137.9075 136.9492
1743735138.0116 136.9492
1743735138.1159 142.1055
1743735138.2200 142.1055
1743735138.3243 146.2305
1743735138.4284 146.4883
1743735138.5326 151.9023
1743735138.6368 152.4180
1743735138.7409 156.0273
1743735138.8451 156.5430
1743735138.9494 161.6992
1743735139.0535 162.2148
1743735139.1578 167.6289
1743735139.2619 168.4023
1743735139.3661 173.5586
1743735139.4703 174.3320
1743735139.5745 176.6523
1743735139.6786 180.5195
1743735139.7828 180.5195
1743735139.8870 184.9023
1743735139.9911 184.9023
1743735140.0953 187.2227
1743735140.1994 188.5117
1743735140.3036 191.8633
1743735140.4078 191.8633
1743735140.5119 195.9883
1743735140.6160 197.5352
1743735140.7201 199.8555
1743735140.8243 201.6602
1743735140.9284 203.2070
1743735141.0325 205.5273
1743735141.1367 207.3320
1743735141.2408 207.8477
1743735141.3449 211.4570
1743735141.4490 213.0039
1743735141.5531 213.5195
1743735141.6573 217.3867
1743735141.7615 218.9336
1743735141.8656 219.4492
1743735141.9698 224.0898
1743735142.0739 224.0898
1743735142.1780 225.8945
1743735142.2821 226.9258
1743735142.3863 226.9258
1743735142.4904 228.4727
1743735142.5946 231.8242
1743735142.6986 231.8242
1743735142.8029 232.8555
1743735142.9070 236.2070
1743735143.0110 236.2070
1743735143.1151 236.9805
1743735143.2193 240.5898
1743735143.3234 240.5898
1743735143.4274 241.1055
1743735143.5315 244.4570
1743735143.6356 244.4570
1743735143.7398 244.7148
1743735143.8439 248.3242
1743735143.9480 248.3242
1743735144.0520 248.5820
1743735144.1561 251.9336
1743735144.2603 251.9336
1743735144.3644 252.4492
1743735144.4684 256.0586
1743735144.5725 256.0586
1743735144.6766 256.3164
1743735144.7808 259.6680
1743735144.8848 259.6680
1743735144.9889 260.4414
1743735145.0930 263.7930
1743735145.1971 263.7930
1743735145.3011 264.8242
1743735145.4053 268.4336
1743735145.5094 268.4336
1743735145.6135 272.0430
1743735145.7177 272.8164
1743735145.8218 272.8164
1743735145.9259 275.9102
1743735146.0300 276.9414
1743735146.1342 280.8086
1743735146.2383 280.8086
1743735146.3424 281.8398
1743735146.4465 281.8398
1743735146.5506 285.1914
1743735146.6548 286.4805
1743735146.7589 286.4805
1743735146.8630 287.5117
1743735146.9672 291.1211
1743735147.0713 291.1211
1743735147.1754 291.1211
1743735147.2795 294.7305
1743735147.3836 294.7305
1743735147.4878 294.7305
1743735147.5918 298.0820
1743735147.6959 298.0820
1743735147.8000 298.0820
1743735147.9041 300.4023
1743735148.0083 300.4023
1743735148.1124 300.4023
1743735148.2165 303.4961
1743735148.3207 303.4961
1743735148.4248 303.4961
1743735148.5289 307.3633
1743735148.6330 307.3633
1743735148.7372 308.3945
1743735148.8414 308.3945
1743735148.9455 308.9102
1743735149.0496 310.7148
1743735149.1538 314.5820
1743735149.2580 314.5820
1743735149.3622 314.8398
1743735149.4663 319.4805
1743735149.5704 319.4805
1743735149.6746 319.4805
1743735149.7788 319.4805
1743735149.8829 319.4805
1743735149.9870 320.5117
1743735150.0912 323.0898
1743735150.1953 323.0898
1743735150.2995 323.0898
1743735150.4037 323.0898
1743735150.5078 325.6680
1743735150.6119 325.6680
1743735150.7160 327.7305
1743735150.8202 327.7305
1743735150.9243 327.7305
1743735151.0284 330.5664
1743735151.1325 330.5664
1743735151.2368 331.0820
1743735151.3409 332.8867
1743735151.4450 336.7539
1743735151.5492 336.7539
1743735151.6533 338.5586
1743735151.7574 338.5586
1743735151.8615 338.8164
1743735151.9657 342.1680
1743735152.0698 342.1680
1743735152.1739 342.4258
1743735152.2780 345.7773
1743735152.3822 345.7773
1743735152.4864 346.8086
1743735152.5905 350.1602
1743735152.6947 350.1602
1743735152.7988 350.9336
1743735152.9029 354.2852
1743735153.0070 354.2852
1743735153.1110 354.8008
1743735153.2152 358.4102
1743735153.3193 358.4102
1743735153.4234 358.9258
1743735153.5275 362.5352
1743735153.6317 362.5352
1743735153.7358 362.7930
1743735153.8399 366.1445
1743735153.9440 366.1445
1743735154.0480 366.4023
1743735154.1522 369.7539
1743735154.2563 369.7539
1743735154.3604 369.7539
1743735154.4645 372.0742
1743735154.5687 372.0742
1743735154.6728 372.0742
1743735154.7768 375.1680
1743735154.8809 380.0664
1743735154.9850 380.0664
1743735155.0890 380.0664
1743735155.1932 380.0664
1743735155.2973 380.0664
1743735155.4014 380.8398
1743735155.5054 383.4180
1743735155.6095 383.4180
1743735155.7137 385.4805
1743735155.8178 385.4805
1743735155.9219 385.4805
1743735156.0259 390.3789
1743735156.1300 390.3789
1743735156.2340 391.1523
1743735156.3380 393.7305
1743735156.4422 393.7305
1743735156.5463 396.3086
1743735156.6502 396.3086
1743735156.7543 396.5664
1743735156.8583 399.9180
1743735156.9624 399.9180
1743735157.0665 400.6914
1743735157.1705 404.0430
1743735157.2745 404.0430
1743735157.3785 404.8164
1743735157.4827 408.1680
1743735157.5867 408.1680
1743735157.6907 409.1992
1743735157.7948 412.5508
1743735157.8988 412.5508
1743735158.0029 416.1602
1743735158.1071 417.1914
1743735158.2112 421.0586
1743735158.3152 421.0586
1743735158.4193 423.1211
1743735158.5233 424.9258
1743735158.6273 425.9570
1743735158.7313 425.9570
1743735158.8354 430.3398
1743735158.9394 431.3711
1743735159.0434 431.3711
1743735159.1475 435.7539
1743735159.2516 436.5273
1743735159.3555 436.5273
1743735159.4595 440.9102
1743735159.5637 441.9414
1743735159.6677 445.5508
1743735159.7717 445.5508
1743735159.8758 447.8711
1743735159.9798 447.8711
1743735160.0838 451.9961
1743735160.1878 452.5117
1743735160.2919 456.3789
1743735160.3958 458.1836
1743735160.4998 459.7305
1743735160.6038 462.3086
1743735160.7079 464.6289
1743735160.8119 466.1758
1743735160.9159 468.7539
1743735161.0200 472.8789
1743735161.1240 472.8789
1743735161.2280 477.5195
1743735161.3321 477.5195
1743735161.4362 481.6445
1743735161.5402 486.2852
1743735161.6442 486.2852
1743735161.7482 493.5039
1743735161.8523 495.8242
1743735161.9563 498.4023
1743735162.0604 506.1367
1743735162.1644 506.3945
1743735162.2686 512.3242
1743735162.3725 512.3242
1743735162.4767 517.2227
1743735162.5808 517.2227
1743735162.6849 517.2227
1743735162.7889 522.1211
1743735162.8930 527.0195
1743735162.9970 531.6602
1743735163.1012 531.6602
1743735163.2054 534.4961
1743735163.3093 535.7852
1743735163.4134 537.3320
1743735163.5175 542.2305
1743735163.6217 546.8711
1743735163.7262 551.5117
1743735163.8298 551.5117
1743735163.9363 551.5117
1743735164.0410 555.8945
1743735164.1420 555.8945
1743735164.2462 555.8945
1743735164.3503 555.8945
1743735164.4544 560.0195
1743735164.5585 560.2773
1743735164.6631 565.4336
1743735164.7668 565.4336
1743735164.8709 570.0742
1743735164.9749 570.0742
1743735165.0791 574.4570
1743735165.1836 574.4570
1743735165.2873 578.8398
