1743735137.178387 0.012820 0.000000 0.000000 0.000000 0.000000 0.000000
1743735137.282515 0.246582 3.596746 18.596132 39.962514 6.316327 68.718301
1743735137.386641 0.006064 3.523670 19.364439 31.717264 6.305348 60.916785
1743735137.490891 0.015363 3.520017 20.391327 30.420817 8.400510 62.748034
1743735137.595012 0.011402 3.536635 20.887022 34.662730 8.436850 67.534639
1743735137.699142 0.009323 3.547155 22.955154 31.633175 7.176781 65.321588
1743735137.803391 0.011329 3.544108 23.024250 29.614613 8.939672 65.133972
1743735137.907515 0.010739 3.692775 21.175373 38.900921 7.743288 71.523096
1743735138.011639 0.008208 3.510748 21.154235 35.239028 6.941478 66.853697
1743735138.115893 0.011103 3.576897 22.934197 33.290910 8.419949 68.233056
1743735138.220017 0.010381 3.524310 22.166000 33.416596 8.104846 67.222133
1743735138.324262 0.010167 3.490396 22.046156 33.211855 7.785947 66.544521
1743735138.428390 0.011328 3.550809 23.148699 37.364330 8.299380 72.374546
1743735138.532642 0.008930 3.569047 23.999258 39.620945 7.155627 74.353807
1743735138.636788 0.009095 3.570256 22.753951 38.641421 7.116473 72.091196
1743735138.740913 0.009320 3.589753 23.697453 42.745476 7.153312 77.195314
1743735138.845141 0.006732 3.639374 24.064378 41.566414 6.331748 75.608646
1743735138.949394 0.009281 3.643014 25.393186 43.713847 7.169798 79.929126
1743735139.053516 0.007222 3.662727 23.934450 47.078220 6.241470 80.924089
1743735139.157764 0.007370 3.637346 23.649657 47.779301 6.269120 81.342794
1743735139.261889 0.007384 3.847736 25.155024 53.339561 7.739882 90.089587
1743735139.366146 0.006276 3.620822 24.104833 46.169281 6.222350 80.123562
1743735139.470268 0.007975 6.227902 27.179946 43.431991 10.983352 87.831166
1743735139.574519 0.006876 3.600576 22.391290 44.928738 6.080203 77.007683
1743735139.678644 0.007901 3.703680 24.370311 41.962391 6.718262 76.762545
1743735139.782770 0.008389 3.569817 21.962859 48.526337 6.488400 80.555802
1743735139.887015 0.007162 3.567823 21.597971 42.581710 6.060831 73.815497
1743735139.991144 0.010326 4.126426 22.443743 44.334273 9.936154 80.850922
1743735140.095268 0.006755 3.639932 22.682320 44.991673 6.002594 77.323274
1743735140.199393 0.008430 3.503667 21.940918 44.131410 6.672899 76.257324
1743735140.303643 0.008382 3.527677 20.305326 44.540319 6.286167 74.667871
1743735140.407766 0.009606 3.511934 20.166683 42.019167 6.765140 72.472530
1743735140.511889 0.010518 3.617918 21.719687 45.037264 7.363478 77.748865
1743735140.616016 0.007631 3.655174 21.928909 42.200379 6.002359 73.794452
1743735140.720141 0.009330 3.640242 20.453803 44.946597 6.947924 75.997896
1743735140.824267 0.007996 3.685965 21.346950 47.405857 6.185447 78.632215
1743735140.928394 0.011031 4.087556 21.045350 42.741999 10.309485 78.195421
1743735141.032518 0.006992 3.630496 20.378306 42.895721 6.049987 72.961502
1743735141.136663 0.009005 4.036382 20.647692 44.213250 7.069500 75.975829
1743735141.240770 0.009210 3.587610 19.808373 41.777671 6.626358 71.809222
1743735141.344893 0.010215 3.555451 19.686177 46.289838 6.852412 76.394093
1743735141.449020 0.007880 3.593791 20.217546 40.476923 6.231008 70.527148
1743735141.553143 0.011308 3.623256 19.582966 45.232442 7.974556 76.424528
1743735141.657271 0.007006 3.588873 19.898342 45.033998 6.007799 74.536018
1743735141.761519 0.009566 3.557931 20.099501 43.944220 6.902635 74.513853
1743735141.865646 0.011681 3.600906 18.767834 44.928988 6.888620 74.198029
1743735141.969771 0.009071 3.560472 18.183100 40.327255 6.409043 68.488941
1743735142.073892 0.012303 3.524551 17.609990 39.913582 8.088334 69.148760
1743735142.178017 0.010296 3.523708 17.936272 40.902018 7.399444 69.771738
1743735142.282145 0.009822 3.480313 16.271624 39.417314 7.174672 66.353745
1743735142.386256 0.012233 3.492122 16.347180 38.202854 8.441142 66.495531
1743735142.490385 0.011200 3.364920 15.122446 34.348239 7.700009 60.546814
1743735142.594632 0.010659 3.412431 15.053279 38.181396 8.257903 64.915668
1743735142.698631 0.016629 3.359130 14.413822 33.533372 7.864495 59.187448
1743735142.802892 0.011755 3.385790 14.513956 35.220378 8.686408 61.818287
1743735142.907020 0.011135 3.548995 14.823773 33.377747 9.152143 60.913793
1743735143.011026 0.014773 3.821228 14.119634 31.412250 9.825140 59.193025
1743735143.115144 0.011955 3.376468 13.850526 32.880325 9.053041 59.172315
1743735143.219276 0.011279 3.268328 13.211192 30.228955 7.946663 54.666417
1743735143.323399 0.011416 3.489793 12.987045 29.664280 9.260495 55.413029
1743735143.427397 0.010651 3.324137 12.977151 28.813308 9.040796 54.166043
1743735143.531522 0.011665 3.231106 12.474270 28.430731 8.667760 52.815532
1743735143.635647 0.011714 3.361351 12.738098 30.412504 9.294230 55.817897
1743735143.739773 0.010607 3.402281 12.695457 29.180370 6.444052 51.732767
1743735143.843898 0.010201 4.130020 13.528900 27.646873 9.620338 54.936332
1743735143.948023 0.013180 3.383747 13.731612 26.561727 9.465147 53.155413
1743735144.052023 0.010644 3.518423 13.921300 26.953741 9.340534 53.744642
1743735144.156146 0.012382 3.253595 13.200951 27.992968 8.978240 53.438136
1743735144.260272 0.011638 3.414793 12.892593 27.439358 9.664879 53.423261
1743735144.364400 0.010894 3.460460 13.120829 26.979068 9.476888 53.048139
1743735144.468398 0.011373 3.367630 14.085387 28.805664 6.248884 52.518938
1743735144.572522 0.006104 3.490436 15.626249 29.459144 5.872418 54.454351
1743735144.676643 0.007288 3.740384 14.766243 29.708472 6.030001 54.252388
1743735144.780773 0.006454 3.478539 14.358169 27.383471 5.885609 51.112242
1743735144.884770 0.006303 3.600699 18.293973 30.075385 5.925675 57.902035
1743735144.988898 0.006722 3.414248 14.843785 32.442727 5.857614 56.565096
1743735145.093019 0.006447 3.665177 15.817851 30.163689 6.094764 55.747928
1743735145.197150 0.009825 3.691035 16.410991 30.901177 7.102927 58.115955
1743735145.301147 0.006341 5.065452 18.523821 31.800384 6.758898 62.154896
1743735145.405270 0.006263 3.569571 16.241554 30.487658 5.964780 56.269826
1743735145.509398 0.009775 3.560212 16.679498 32.679206 6.709795 59.638486
1743735145.613525 0.006156 3.542032 17.350697 39.401990 5.962565 66.263440
1743735145.717669 0.006880 3.568912 16.776692 29.619467 5.949353 55.921304
1743735145.821774 0.010869 3.850299 16.313993 32.377160 9.551163 62.103484
1743735145.925896 0.007060 3.740959 16.924602 31.043580 6.591378 58.307579
1743735146.030022 0.011253 3.819933 16.539818 32.633187 9.522083 62.526274
1743735146.134150 0.011391 3.550271 16.370406 31.937228 7.779132 59.648428
1743735146.238273 0.011313 3.544167 16.383544 30.231787 8.828057 58.998868
1743735146.342399 0.010718 3.580614 15.894759 32.875613 9.126562 61.488266
1743735146.446522 0.011782 3.562084 15.621288 30.040037 8.796042 58.031233
1743735146.550646 0.011413 3.604510 16.241663 30.349878 9.027989 59.235453
1743735146.654779 0.010524 3.638682 15.304612 30.547928 8.987595 58.489341
1743735146.758900 0.011388 3.670679 15.975518 29.865747 9.278196 58.801528
1743735146.863027 0.006672 3.444234 15.566325 30.195321 5.887453 55.100005
1743735146.967171 0.006230 3.686553 15.679289 29.153500 6.113822 54.639394
1743735147.071275 0.007408 3.346028 14.400494 25.664223 5.853266 49.271419
1743735147.175397 0.006391 3.729029 15.226651 25.416185 6.130019 50.508275
1743735147.279527 0.007129 4.306226 20.302184 28.142561 7.136784 59.894884
1743735147.383647 0.011619 6.495413 14.053935 25.390694 11.182788 57.134449
1743735147.487777 0.010264 3.490622 17.030224 25.315476 9.635053 55.481639
1743735147.591777 0.011675 3.365657 13.099412 25.619622 8.952400 51.048766
1743735147.695897 0.011342 3.455069 12.938865 25.148968 9.424678 50.978922
1743735147.800027 0.010670 3.850859 12.718068 23.494126 10.146098 50.219821
1743735147.904147 0.011104 3.452115 12.415761 22.547165 9.340893 47.767038
1743735148.008277 0.010720 3.665447 12.362644 20.910175 9.817797 46.766783
1743735148.112407 0.010410 3.662143 12.618524 23.198448 9.826922 49.316447
1743735148.216527 0.015802 3.369378 12.591423 24.121465 8.892548 48.990616
1743735148.320657 0.012170 3.562686 12.538061 21.625188 9.548037 47.286142
1743735148.424777 0.010718 3.593378 12.374498 23.109921 9.502394 48.590909
1743735148.528907 0.010539 3.297600 12.882872 22.866833 8.710497 47.768341
1743735148.633027 0.011652 3.463838 12.392717 21.572924 9.355623 46.796754
1743735148.737167 0.010482 3.614899 12.873916 21.277873 9.414758 47.191928
1743735148.841407 0.010178 3.906401 12.472991 23.162923 9.934258 49.486751
1743735148.945547 0.010657 3.491614 12.184354 21.042654 9.122793 45.852072
1743735149.049647 0.010568 3.507685 12.306105 22.225711 9.286068 47.336137
1743735149.153777 0.011137 3.531614 11.839210 22.330761 9.149026 46.861748
1743735149.258027 0.012370 3.606755 12.103290 22.065990 9.878114 47.666519
1743735149.362157 0.021449 3.727453 12.585588 21.513466 9.504816 47.352772
1743735149.466277 0.011078 3.542609 12.244596 22.777996 9.275814 47.852093
1743735149.570407 0.009968 3.392031 12.127990 24.490569 6.192194 46.212752
1743735149.674647 0.010890 3.807844 12.151701 21.203053 10.015125 47.188613
1743735149.778777 0.010765 3.741769 12.185425 22.872349 9.556576 48.366884
1743735149.882907 0.012038 3.639097 11.953317 21.613951 9.665491 46.883894
1743735149.987027 0.009562 3.718267 12.445279 21.645471 9.379638 47.198217
1743735150.091177 0.010738 3.605277 11.939586 21.666670 9.530281 46.752552
1743735150.195277 0.010670 3.615312 12.027565 21.561840 9.479370 46.694757
1743735150.299527 0.011608 3.560075 11.342070 19.783145 9.948480 44.645378
1743735150.403657 0.010437 3.691241 11.258168 22.030565 9.586909 46.577320
1743735150.507777 0.011004 3.284862 10.355454 20.079326 9.030586 42.761232
1743735150.611907 0.011547 3.355723 10.424222 19.413051 9.001200 42.205743
1743735150.716027 0.011178 3.454550 10.305648 17.963700 8.944929 40.680005
1743735150.820157 0.011079 3.593408 10.293935 20.257450 9.520260 43.676132
1743735150.924297 0.011070 3.728501 10.901715 20.197583 9.485294 44.324163
1743735151.028407 0.010883 3.460456 11.343854 19.648488 9.122245 43.585926
1743735151.132537 0.010756 3.967972 11.346407 21.545556 9.440352 46.311043
1743735151.236787 0.011434 6.529916 12.699297 22.057581 11.187931 52.486159
1743735151.340907 0.011951 3.533904 11.743798 21.781531 9.340104 46.411288
1743735151.445027 0.010813 3.397865 11.700610 21.034870 8.704552 44.848710
1743735151.549157 0.011373 3.753071 11.741815 22.884022 9.583074 47.973355
1743735151.653277 0.010017 3.488006 12.172966 21.114600 9.110108 45.895697
1743735151.757397 0.010628 3.705385 11.958398 23.101129 9.522435 48.297975
1743735151.861527 0.011542 3.656170 12.811269 23.374099 9.202258 49.055338
1743735151.965677 0.011067 3.490662 13.124702 26.022954 8.979798 51.629183
1743735152.069777 0.010413 3.621401 13.408573 24.868033 9.273952 51.182372
1743735152.173907 0.010595 3.714497 14.294594 25.895694 9.354592 53.269972
1743735152.278027 0.010897 3.582559 14.303675 29.306835 8.879796 56.083762
1743735152.382177 0.011153 3.668260 15.345867 25.962741 9.227701 54.215722
1743735152.486407 0.011043 3.667641 15.366522 26.824522 9.407900 55.277628
1743735152.590527 0.010492 3.543678 15.193296 26.699197 8.824099 54.270762
1743735152.694657 0.011206 3.639476 15.231808 27.884811 9.353818 56.121119
1743735152.798777 0.011690 3.614509 15.609712 25.708813 9.261070 54.205794
1743735152.902907 0.010932 3.471120 15.750965 25.180012 8.806939 53.219968
1743735153.007027 0.011538 3.678114 15.945824 28.014250 6.715594 54.365320
1743735153.111037 0.011749 3.598609 15.822105 30.018324 9.150930 58.601717
1743735153.215157 0.010792 3.520003 17.523449 26.189769 8.604039 55.848052
1743735153.319287 0.011208 3.631670 15.572712 24.586673 9.432030 53.234293
1743735153.423407 0.010972 3.589171 15.486695 23.706219 9.132439 51.925496
1743735153.527527 0.011075 3.507521 15.216140 23.351064 9.073777 51.159577
1743735153.631657 0.015016 3.715041 14.648805 24.962728 9.296726 52.638316
1743735153.735777 0.011094 3.599439 14.768909 24.662322 9.095821 52.137585
1743735153.839907 0.011105 3.584498 14.240231 24.662446 9.237736 51.736016
1743735153.944037 0.011020 3.652304 14.145224 24.098803 9.403880 51.311231
1743735154.048037 0.011074 3.621186 13.944094 20.942486 9.406203 47.925043
1743735154.152157 0.011432 3.606120 13.708895 23.650552 9.553480 50.530479
1743735154.256277 0.011667 3.586219 13.750532 21.833322 9.465515 48.647255
1743735154.360417 0.011257 3.776523 13.497379 23.543779 9.543768 50.372706
1743735154.464527 0.011241 3.539706 13.972455 22.416189 9.038147 48.977738
1743735154.568657 0.010899 3.723769 13.967016 23.479582 9.392344 50.573610
1743735154.672787 0.010691 3.817948 13.746719 24.177138 9.397862 51.150358
1743735154.776807 0.011160 3.543800 14.412481 24.050771 9.011461 51.029673
1743735154.880907 0.010061 3.868209 14.005571 24.118793 9.493047 51.495681
1743735154.985027 0.010951 3.681429 14.115547 24.183165 9.230705 51.221797
1743735155.089037 0.011413 4.131786 14.458434 22.712737 10.185791 51.500161
1743735155.193157 0.011591 3.729353 14.274617 23.827911 9.365940 51.209412
1743735155.297287 0.011479 3.472523 13.995731 23.399387 8.519760 49.398880
1743735155.401407 0.011255 3.744560 14.329686 22.682574 9.487118 50.255193
1743735155.505407 0.010355 3.597802 14.052116 21.775185 9.343429 48.778887
1743735155.609537 0.010931 3.759719 13.925288 23.089522 9.458136 50.243596
1743735155.713747 0.011220 3.539266 13.866924 22.960385 9.375362 49.753157
1743735155.817807 0.011376 3.838572 13.647195 23.494945 9.656868 50.648956
1743735155.921867 0.012233 3.744716 13.528867 23.323403 9.696062 50.305281
1743735156.025927 0.006743 3.412171 13.866062 25.900003 6.005042 49.190021
1743735156.130037 0.011625 3.519460 13.694323 26.165833 9.103851 52.495092
1743735156.234037 0.011073 3.449886 14.007427 23.248674 8.332497 49.049557
1743735156.338037 0.010233 3.392921 13.284727 24.919685 8.420570 50.028136
1743735156.442157 0.010765 4.166500 14.078237 25.831082 10.156239 54.242823
1743735156.546257 0.009826 3.435913 13.453080 24.704294 8.791183 50.394296
1743735156.650167 0.010640 3.583348 13.053813 25.152429 9.434535 51.234765
1743735156.754287 0.011214 3.647750 13.042202 23.063064 9.632407 49.396637
1743735156.858297 0.011085 3.520209 13.462748 24.711426 9.051579 50.757047
1743735156.962407 0.011096 3.695594 13.792017 25.646550 9.653209 52.798466
1743735157.066457 0.006873 3.409721 13.621125 25.300622 5.770955 48.109296
1743735157.170517 0.016152 3.586545 13.993544 27.461564 9.247103 54.304908
1743735157.274537 0.011931 4.054295 14.100566 25.314977 10.478482 53.960251
1743735157.378537 0.009915 4.072431 14.254275 26.511633 9.958284 54.806538
1743735157.482657 0.010842 3.555910 14.566416 30.808808 8.768146 57.710122
1743735157.586657 0.011883 3.570175 14.970578 29.813845 8.865202 57.231683
1743735157.690697 0.011552 3.665239 15.113719 27.082747 9.176642 55.049899
1743735157.794787 0.010987 3.639639 15.622272 27.371801 8.872849 55.517548
1743735157.898807 0.010292 3.753233 16.586774 34.009766 6.344761 60.704826
1743735158.002907 0.010278 5.091372 18.152996 31.871262 10.470185 65.596093
1743735158.107077 0.010966 4.064483 17.249656 31.994726 9.848543 63.168374
1743735158.211167 0.010348 3.683953 17.372684 34.471463 7.819150 63.357598
1743735158.315167 0.011400 3.725425 17.936682 32.312241 8.449705 62.435453
1743735158.419267 0.010749 3.724999 18.269902 35.739046 8.213657 65.958353
1743735158.523307 0.009564 3.847409 18.515409 34.743521 7.637747 64.753650
1743735158.627287 0.010893 3.755031 18.373339 33.684029 8.245925 64.069217
1743735158.731287 0.011485 3.775795 18.432421 31.851114 8.527309 62.598124
1743735158.835407 0.011814 3.759683 19.085754 31.877322 8.342918 63.077491
1743735158.939407 0.012098 3.754756 18.423944 32.826061 8.400568 63.417427
1743735159.043417 0.011179 3.699948 18.901361 32.910009 8.494412 64.016909
1743735159.147537 0.011516 3.776645 19.540712 33.213962 7.983524 64.526359
1743735159.251557 0.011586 3.743459 20.904281 32.681056 8.264756 65.605138
1743735159.355537 0.016482 3.797349 18.772023 32.524423 8.048605 63.158882
1743735159.459537 0.012420 3.704637 19.568724 29.910993 7.648078 60.844852
1743735159.563657 0.011917 3.765557 18.539465 29.186416 8.942579 60.445934
1743735159.667657 0.011517 3.667732 18.742781 33.359020 7.789272 63.570322
1743735159.771667 0.012350 3.785955 18.440209 31.446547 9.032709 62.717770
1743735159.875807 0.015930 3.660654 18.371031 31.161851 8.065225 61.274691
1743735159.979787 0.011890 3.811266 18.870054 32.268270 8.925175 63.886655
1743735160.083787 0.011107 3.759394 20.258081 32.316086 8.632731 64.977399
1743735160.187787 0.011325 3.653847 19.192848 32.355033 8.362532 63.575585
1743735160.291877 0.010985 3.695522 19.774828 32.002165 7.901055 63.384555
1743735160.395807 0.010892 3.678699 20.438985 34.091738 8.597303 66.817617
1743735160.499787 0.010839 3.712736 20.077820 35.487462 7.920106 67.208963
1743735160.603787 0.010287 3.694323 20.919081 36.901345 7.474635 68.999671
1743735160.707937 0.010040 3.717594 21.817831 34.777194 7.488260 67.810919
1743735160.811937 0.010645 4.208197 21.700768 38.442678 10.121988 74.484276
1743735160.915917 0.010191 4.116742 22.193315 40.276838 10.217936 76.815022
1743735161.020047 0.009321 3.720668 23.505763 38.634576 6.721824 72.592152
1743735161.124037 0.009406 3.736348 23.075156 40.581140 7.592987 74.995037
1743735161.228037 0.007541 3.721365 24.997339 40.930782 6.490013 76.147040
1743735161.332057 0.007911 3.731994 23.701239 42.459962 6.722038 76.623144
1743735161.436167 0.008712 3.742260 26.436064 45.558526 7.089842 82.835404
1743735161.540167 0.006558 3.693721 25.884113 47.548599 6.282752 83.415743
1743735161.644167 0.007584 3.695604 26.204154 44.278424 6.510443 80.696209
1743735161.748167 0.006902 3.711087 27.666602 46.354165 6.553321 84.292077
1743735161.852287 0.006003 3.987903 28.822656 49.826778 6.783893 89.427233
1743735161.956287 0.006627 4.502045 30.343362 49.737651 7.143954 91.733639
1743735162.060417 0.007024 3.738424 31.922960 50.389789 6.575194 92.633391
1743735162.164407 0.006569 3.760223 31.622465 55.412744 6.609442 97.411443
1743735162.268557 0.007353 3.804375 32.236166 52.717372 6.608974 95.374240
1743735162.372537 0.006252 4.046151 33.318669 57.423017 6.859108 101.653197
1743735162.476667 0.007147 4.063982 35.209554 59.511608 6.891008 105.683299
1743735162.580787 0.006974 3.803790 31.850453 55.793287 6.712594 98.167098
1743735162.684917 0.006845 3.785991 31.356817 60.527178 6.722267 102.399098
1743735162.788927 0.006835 3.844200 32.936642 58.586711 6.793137 102.167525
1743735162.893037 0.006848 3.786641 33.246214 58.175256 6.760986 101.975945
1743735162.997037 0.006789 3.883907 34.323258 59.446194 6.829566 104.489714
1743735163.101167 0.010947 3.807597 33.671840 64.447609 6.710487 108.648480
1743735163.205367 0.007105 3.859928 32.713542 62.179128 6.721475 105.481178
1743735163.309287 0.006874 3.836774 31.900059 59.457399 6.821418 102.022524
1743735163.413437 0.006761 3.822624 33.125614 62.199882 6.695675 105.850556
1743735163.517537 0.007253 3.844120 32.898205 59.687662 6.726395 103.163635
1743735163.621677 0.006936 3.771115 31.889591 63.240061 6.638662 105.546365
1743735163.726187 0.006933 3.807485 34.950532 59.929131 6.653131 105.347212
1743735163.829797 0.006734 3.801396 30.553786 58.484304 6.643676 99.489896
1743735163.936317 0.006903 3.799266 29.787059 58.939466 6.643685 99.176379
1743735164.040967 0.006569 3.757490 29.946573 58.555140 6.457202 98.722974
1743735164.142047 0.006957 3.767530 31.117571 55.223848 6.450437 96.566343
1743735164.246207 0.006623 3.813444 31.069181 60.565002 6.410213 101.864463
1743735164.350307 0.007264 3.744390 30.605402 55.968791 6.371783 96.697630
1743735164.454447 0.006693 3.696442 26.403801 53.401521 6.300918 89.809375
1743735164.558527 0.006716 3.728485 28.775089 54.913480 6.326053 93.749823
1743735164.663087 0.006959 3.761648 29.257346 50.124752 6.347496 89.498201
1743735164.766797 0.007408 3.794985 28.314674 51.741485 6.346036 90.204588
1743735164.870917 0.006674 3.766605 27.567931 48.698047 6.210839 86.250096
1743735164.974927 0.006361 3.729429 27.258699 52.768313 6.037614 89.800416
1743735165.079057 0.006847 3.706697 25.712736 47.638444 6.015221 83.079945
1743735165.183617 0.007207 3.694894 26.212681 50.229624 6.033477 86.177883
1743735165.287327 0.006767 3.715150 24.704255 48.081719 6.000626 82.508517
