1743735137.178387 0.000000 0.000000 0.000000 0.000000 0.000000 0.000000 1.000000
1743735137.282515 0.817893 -0.082172 0.009114 0.000265 0.000844 0.001094 0.999999
1743735137.386641 2.301576 -0.054747 0.025814 0.000875 0.000877 0.000883 0.999999
1743735137.490891 3.866850 -0.001385 0.049060 0.001359 0.000456 0.000335 0.999999
1743735137.595012 5.212812 0.012740 0.063559 0.001546 0.000466 -0.000015 0.999999
1743735137.699142 6.516418 0.016295 0.074398 0.001679 0.000830 0.000194 0.999998
1743735137.803391 7.857851 0.023681 0.095399 0.002330 0.001528 0.000138 0.999996
1743735137.907515 9.167371 0.031962 0.106489 0.002384 0.001680 0.000181 0.999996
1743735138.011639 10.513858 0.037627 0.125438 0.001851 0.000973 0.000406 0.999998
1743735138.115893 11.848054 0.053880 0.137277 0.000356 -0.000164 0.000389 1.000000
1743735138.220017 13.184040 0.062055 0.155299 -0.001285 -0.000604 0.000470 0.999999
1743735138.324262 14.522561 0.075206 0.171614 -0.002434 -0.000671 0.000404 0.999997
1743735138.428390 15.871702 0.091237 0.189036 -0.002879 -0.000215 0.000200 0.999996
1743735138.532642 17.233851 0.089729 0.205209 -0.001768 0.001033 0.000240 0.999998
1743735138.636788 18.583061 0.090413 0.221682 0.000369 0.001998 -0.000070 0.999998
1743735138.740913 19.941878 0.103111 0.241664 0.001419 0.001122 0.000213 0.999998
1743735138.845141 21.305035 0.107977 0.251604 0.001673 -0.000193 0.000105 0.999999
1743735138.949394 22.621015 0.107443 0.283143 0.000469 -0.000566 -0.000211 1.000000
1743735139.053516 23.982155 0.120210 0.282458 -0.000698 0.000040 -0.000520 1.000000
1743735139.157764 25.363867 0.119614 0.292089 -0.000445 0.002119 -0.000973 0.999997
1743735139.261889 26.732854 0.115904 0.304253 0.000511 0.002635 -0.001005 0.999996
1743735139.366146 28.105906 0.122412 0.334320 0.001964 0.002171 -0.001106 0.999995
1743735139.470268 29.483928 0.117611 0.333050 0.002383 0.000742 -0.000869 0.999997
1743735139.574519 30.873776 0.124432 0.367896 0.002056 -0.000150 -0.001258 0.999997
1743735139.678644 32.251321 0.129519 0.367210 0.001018 -0.000784 -0.001452 0.999998
1743735139.782770 33.637720 0.133924 0.397855 0.000015 -0.001615 -0.001655 0.999997
1743735139.887015 35.029771 0.137466 0.414790 -0.000402 -0.001603 -0.001787 0.999997
1743735139.991144 36.420678 0.138142 0.436114 0.000231 -0.000757 -0.001613 0.999998
1743735140.095268 37.841703 0.139603 0.457357 -0.000645 -0.000055 -0.001449 0.999999
1743735140.199393 39.232301 0.140594 0.472406 -0.001763 0.000089 -0.001282 0.999998
1743735140.303643 40.621318 0.147859 0.490194 -0.003079 0.000038 -0.001413 0.999994
1743735140.407766 42.031938 0.165283 0.503748 -0.003978 0.000179 -0.001544 0.999991
1743735140.511889 43.431621 0.167727 0.523939 -0.004749 0.000222 -0.001341 0.999988
1743735140.616016 44.877632 0.171711 0.543527 -0.004174 0.000177 -0.001174 0.999991
1743735140.720141 46.276392 0.166425 0.561577 -0.003818 -0.000075 -0.000687 0.999992
1743735140.824267 47.690978 0.174578 0.584427 -0.003803 0.000162 -0.000311 0.999993
1743735140.928394 49.071082 0.178919 0.598484 -0.003631 0.000560 0.000171 0.999993
1743735141.032518 50.504900 0.189562 0.616689 -0.003970 0.000637 0.000684 0.999992
1743735141.136663 51.932073 0.192933 0.636396 -0.004307 0.000667 0.001254 0.999990
1743735141.240770 53.353063 0.205230 0.652581 -0.004230 0.001210 0.001860 0.999989
1743735141.344893 54.801132 0.225134 0.667705 -0.003515 0.001666 0.002099 0.999990
1743735141.449020 56.209282 0.235811 0.684944 -0.002719 0.001688 0.002379 0.999992
1743735141.553143 57.624363 0.241738 0.702901 -0.001724 0.001525 0.002608 0.999994
1743735141.657271 59.085278 0.254998 0.719641 -0.001205 0.001637 0.002606 0.999995
1743735141.761519 60.501808 0.261222 0.736742 -0.000642 0.001959 0.002492 0.999995
1743735141.865646 61.942449 0.272100 0.751314 0.000243 0.002297 0.002210 0.999995
1743735141.969771 63.336006 0.283944 0.763743 0.001423 0.002158 0.001995 0.999995
1743735142.073892 64.680113 0.289784 0.780156 0.001764 0.001769 0.001703 0.999995
1743735142.178017 66.134257 0.305155 0.799988 0.001817 0.001641 0.001385 0.999996
1743735142.282145 67.543655 0.312457 0.818507 0.000873 0.001599 0.001119 0.999998
1743735142.386256 68.999728 0.335044 0.832970 -0.000460 0.002130 0.000742 0.999997
1743735142.490385 70.423237 0.348116 0.849242 -0.002175 0.002832 0.000415 0.999994
1743735142.594632 71.836406 0.368586 0.865347 -0.004034 0.003148 -0.000061 0.999987
1743735142.698631 73.230969 0.376875 0.879880 -0.006327 0.002947 -0.000272 0.999976
1743735142.802892 74.616806 0.385699 0.894244 -0.007993 0.002681 -0.000546 0.999964
1743735142.907020 76.046058 0.397210 0.907401 -0.009020 0.002665 -0.000904 0.999955
1743735143.011026 77.433980 0.401683 0.925955 -0.009138 0.002808 -0.001088 0.999954
1743735143.115144 78.824097 0.409041 0.941632 -0.008533 0.002802 -0.001139 0.999959
1743735143.219276 80.230465 0.409526 0.959403 -0.008404 0.002288 -0.001095 0.999961
1743735143.323399 81.605758 0.411220 0.972570 -0.008072 0.002317 -0.000952 0.999964
1743735143.427397 82.995319 0.421080 0.985513 -0.007583 0.002431 -0.000865 0.999968
1743735143.531522 84.376408 0.418671 1.004677 -0.007609 0.002227 -0.000580 0.999968
1743735143.635647 85.762377 0.422746 1.017513 -0.007781 0.002338 -0.000144 0.999967
1743735143.739773 87.110115 0.424448 1.030148 -0.007058 0.002656 0.000458 0.999971
1743735143.843898 88.459704 0.436577 1.046325 -0.006330 0.003220 0.000890 0.999974
1743735143.948023 89.839106 0.446670 1.063570 -0.005518 0.003436 0.001469 0.999978
1743735144.052023 91.213792 0.446735 1.078052 -0.004569 0.003407 0.001983 0.999982
1743735144.156146 92.605919 0.461861 1.091652 -0.003892 0.003228 0.002183 0.999985
1743735144.260272 93.940703 0.468576 1.108677 -0.003289 0.003043 0.002226 0.999987
1743735144.364400 95.288661 0.481959 1.117779 -0.003115 0.002757 0.002257 0.999989
1743735144.468398 96.654204 0.492722 1.132996 -0.003062 0.002451 0.002249 0.999990
1743735144.572522 97.994649 0.500279 1.148619 -0.003203 0.002145 0.002188 0.999990
1743735144.676643 99.331382 0.520071 1.157751 -0.003837 0.002307 0.002025 0.999988
1743735144.780773 100.698887 0.534348 1.180328 -0.004504 0.003071 0.001984 0.999983
1743735144.884770 102.045092 0.550091 1.188978 -0.004533 0.003600 0.001939 0.999981
1743735144.988898 103.408671 0.558404 1.206171 -0.004414 0.003101 0.001879 0.999984
1743735145.093019 104.768484 0.580779 1.217145 -0.004740 0.001920 0.001813 0.999985
1743735145.197150 106.059688 0.596100 1.231248 -0.004442 0.001339 0.001745 0.999988
1743735145.301147 107.399906 0.605594 1.249664 -0.003224 0.001915 0.001752 0.999991
1743735145.405270 108.699212 0.608583 1.260413 -0.001775 0.002849 0.001510 0.999993
1743735145.509398 110.025651 0.610517 1.277162 -0.000788 0.003240 0.001078 0.999994
1743735145.613525 111.366188 0.617007 1.293143 -0.000719 0.002622 0.000613 0.999996
1743735145.717669 112.671031 0.632178 1.303460 -0.001643 0.001388 0.000236 0.999998
1743735145.821774 114.018485 0.644538 1.323857 -0.003120 0.000544 -0.000274 0.999995
1743735145.925896 115.342037 0.653479 1.335646 -0.004384 0.000430 -0.000999 0.999990
1743735146.030022 116.695436 0.660458 1.348403 -0.004634 0.001433 -0.001649 0.999987
1743735146.134150 118.009257 0.658367 1.363501 -0.004421 0.002526 -0.002207 0.999985
1743735146.238273 119.348206 0.662227 1.377360 -0.004171 0.002857 -0.002587 0.999984
1743735146.342399 120.668436 0.658149 1.390758 -0.004531 0.002560 -0.003128 0.999982
1743735146.446522 121.990497 0.663104 1.399833 -0.005096 0.002435 -0.003771 0.999977
1743735146.550646 123.316903 0.662021 1.410212 -0.005995 0.002212 -0.004362 0.999970
1743735146.654779 124.636392 0.664299 1.425604 -0.006594 0.001751 -0.004996 0.999964
1743735146.758900 126.002729 0.655018 1.436961 -0.006999 0.001388 -0.005455 0.999960
1743735146.863027 127.348215 0.649984 1.453455 -0.006623 0.001318 -0.005948 0.999960
1743735146.967171 128.666254 0.640067 1.470646 -0.006691 0.001763 -0.006400 0.999956
1743735147.071275 130.009560 0.626515 1.480352 -0.005454 0.002291 -0.006788 0.999959
1743735147.175397 131.342095 0.610133 1.495990 -0.005310 0.002473 -0.006939 0.999959
1743735147.279527 132.689414 0.597187 1.509939 -0.004264 0.002600 -0.006967 0.999963
1743735147.383647 134.014707 0.587821 1.518568 -0.003079 0.002982 -0.006863 0.999967
1743735147.487777 135.340415 0.574537 1.533071 -0.002269 0.002842 -0.006549 0.999972
1743735147.591777 136.693983 0.567600 1.545885 -0.002024 0.002842 -0.005984 0.999976
1743735147.695897 138.064174 0.556011 1.554480 -0.000775 0.003272 -0.005377 0.999980
1743735147.800027 139.417015 0.544528 1.568213 -0.000279 0.003382 -0.004886 0.999982
1743735147.904147 140.728887 0.536227 1.578289 0.000130 0.003286 -0.004261 0.999986
1743735148.008277 142.087913 0.529950 1.590638 0.000223 0.003100 -0.003710 0.999988
1743735148.112407 143.411902 0.529522 1.593527 0.000800 0.002788 -0.003175 0.999991
1743735148.216527 144.753957 0.525889 1.611311 0.001131 0.001809 -0.002692 0.999994
1743735148.320657 146.113093 0.516710 1.632693 0.003141 0.001455 -0.002231 0.999992
1743735148.424777 147.442211 0.501803 1.641509 0.007637 0.002726 -0.001665 0.999966
1743735148.528907 148.772034 0.488993 1.646560 0.012452 0.003368 -0.000868 0.999916
1743735148.633027 150.113700 0.486912 1.665582 0.013356 0.002009 -0.000309 0.999909
1743735148.737167 151.475773 0.487547 1.687573 0.011849 0.000262 -0.000509 0.999930
1743735148.841407 152.830392 0.494964 1.693645 0.011136 -0.000795 -0.000914 0.999937
1743735148.945547 154.168758 0.500636 1.717870 0.010618 -0.000744 -0.001378 0.999942
1743735149.049647 155.512954 0.493813 1.726672 0.012995 0.000803 -0.001685 0.999914
1743735149.153777 156.868776 0.475066 1.745953 0.015897 0.002360 -0.001942 0.999869
1743735149.258027 158.212611 0.467713 1.759757 0.017449 0.002957 -0.001880 0.999842
1743735149.362157 159.536617 0.462629 1.776268 0.018342 0.003091 -0.001930 0.999825
1743735149.466277 160.888529 0.460857 1.782007 0.017451 0.003336 -0.002371 0.999839
1743735149.570407 162.225835 0.462957 1.789188 0.016330 0.003031 -0.002912 0.999858
1743735149.674647 163.572153 0.470378 1.803888 0.013716 0.002011 -0.003355 0.999898
1743735149.778777 164.957490 0.471196 1.816026 0.012238 0.001650 -0.003684 0.999917
1743735149.882907 166.333615 0.469884 1.819283 0.012161 0.002307 -0.003881 0.999916
1743735149.987027 167.643278 0.467313 1.828104 0.011879 0.002282 -0.003768 0.999920
1743735150.091177 168.985714 0.461108 1.842820 0.010731 0.001115 -0.003547 0.999936
1743735150.195277 170.353997 0.463946 1.863102 0.008370 -0.000260 -0.003269 0.999960
1743735150.299527 171.742490 0.470364 1.888032 0.005120 -0.000886 -0.003189 0.999981
1743735150.403657 173.162136 0.474296 1.908368 0.002824 -0.000416 -0.003310 0.999990
1743735150.507777 174.557887 0.481142 1.927745 0.001349 0.000654 -0.003657 0.999992
1743735150.611907 175.978504 0.480294 1.939154 0.001532 0.001669 -0.003667 0.999991
1743735150.716027 177.348176 0.470201 1.959886 0.001953 0.002263 -0.003256 0.999990
1743735150.820157 178.711719 0.461945 1.963703 0.003901 0.002245 -0.002377 0.999987
1743735150.924297 180.063550 0.460700 1.984870 0.003900 0.000312 -0.001389 0.999991
1743735151.028407 181.463387 0.473291 2.007601 0.002228 -0.001702 -0.000646 0.999996
1743735151.132537 182.862724 0.483627 2.017760 0.000924 -0.002299 -0.000326 0.999997
1743735151.236787 184.262273 0.498875 2.040945 -0.001226 -0.001711 -0.000253 0.999998
1743735151.340907 185.652157 0.505325 2.055338 -0.001794 -0.000143 -0.000219 0.999998
1743735151.445027 187.036572 0.512883 2.071388 -0.001679 0.001070 -0.000466 0.999998
1743735151.549157 188.429144 0.521347 2.086167 -0.001659 0.001508 -0.000531 0.999997
1743735151.653277 189.829520 0.522679 2.100911 -0.001011 0.001794 -0.000429 0.999998
1743735151.757397 191.206934 0.522018 2.116925 0.000260 0.002092 -0.000456 0.999998
1743735151.861527 192.623414 0.524198 2.134801 0.001233 0.002182 -0.000654 0.999997
1743735151.965677 194.011560 0.521081 2.144392 0.002940 0.002617 -0.000819 0.999992
1743735152.069777 195.476980 0.513825 2.154349 0.005188 0.003372 -0.001013 0.999980
1743735152.173907 196.896284 0.512572 2.162587 0.007222 0.003374 -0.001118 0.999968
1743735152.278027 198.348701 0.515696 2.174417 0.006209 0.001461 -0.001272 0.999979
1743735152.382177 199.786065 0.530425 2.196146 0.002045 -0.001179 -0.001530 0.999996
1743735152.486407 201.192492 0.543240 2.206112 -0.002409 -0.001362 -0.002108 0.999994
1743735152.590527 202.626565 0.559429 2.218291 -0.005397 0.000520 -0.002696 0.999982
1743735152.694657 204.047003 0.559025 2.237971 -0.006363 0.001802 -0.003165 0.999973
1743735152.798777 205.492451 0.557108 2.249289 -0.005548 0.001921 -0.002887 0.999979
1743735152.902907 206.955365 0.551999 2.262738 -0.003780 0.001973 -0.002275 0.999988
1743735153.007027 208.395423 0.543751 2.278853 -0.002626 0.001736 -0.001677 0.999994
1743735153.111037 209.876051 0.547881 2.293940 -0.003070 0.001384 -0.001415 0.999993
1743735153.215157 211.333021 0.550295 2.308002 -0.003741 0.001520 -0.001361 0.999991
1743735153.319287 212.815865 0.558774 2.319158 -0.004047 0.001983 -0.001282 0.999989
1743735153.423407 214.285926 0.558855 2.335087 -0.003760 0.001896 -0.001159 0.999990
1743735153.527527 215.736247 0.567758 2.346969 -0.003714 0.001318 -0.001017 0.999992
1743735153.631657 217.170192 0.568004 2.360985 -0.003105 0.001139 -0.000839 0.999994
1743735153.735777 218.646927 0.573815 2.377438 -0.003387 0.001111 -0.000658 0.999993
1743735153.839907 220.133941 0.579982 2.394386 -0.003608 0.000964 -0.000509 0.999993
1743735153.944037 221.626646 0.586934 2.411072 -0.003526 0.000842 -0.000322 0.999993
1743735154.048037 223.150477 0.591754 2.426272 -0.003945 0.000739 -0.000153 0.999992
1743735154.152157 224.625694 0.603689 2.444396 -0.003851 0.000678 0.000058 0.999992
1743735154.256277 226.077795 0.612857 2.459896 -0.004039 0.000731 0.000325 0.999992
1743735154.360417 227.556574 0.621272 2.477273 -0.003460 0.000746 0.000277 0.999994
1743735154.464527 229.033707 0.626092 2.492944 -0.002903 0.000572 0.000234 0.999996
1743735154.568657 230.554734 0.627767 2.507090 -0.001901 0.000737 0.000175 0.999998
1743735154.672787 232.073805 0.636028 2.530455 -0.001506 0.001115 0.000116 0.999998
1743735154.776807 233.541430 0.637789 2.541247 -0.001196 0.001326 0.000165 0.999998
1743735154.880907 235.054145 0.646306 2.559342 -0.001409 0.001205 0.000144 0.999998
1743735154.985027 236.564483 0.650566 2.577646 -0.002090 0.000907 0.000071 0.999997
1743735155.089037 238.063302 0.659393 2.596527 -0.002796 0.001222 -0.000200 0.999995
1743735155.193157 239.571124 0.668736 2.604253 -0.002343 0.002275 -0.000508 0.999995
1743735155.297287 241.048221 0.674289 2.616782 -0.001807 0.002542 -0.000781 0.999995
1743735155.401407 242.590904 0.681247 2.631609 -0.002115 0.001843 -0.000954 0.999996
1743735155.505407 244.125724 0.686287 2.649379 -0.002418 0.001155 -0.001308 0.999996
1743735155.609537 245.618418 0.695389 2.654702 -0.002361 0.001324 -0.001402 0.999995
1743735155.713747 247.136749 0.698290 2.673207 -0.002303 0.001843 -0.001412 0.999995
1743735155.817807 248.617544 0.700418 2.686154 -0.001905 0.002187 -0.001269 0.999995
1743735155.921867 250.160144 0.705980 2.701977 -0.002424 0.002322 -0.001122 0.999994
1743735156.025927 251.702688 0.707499 2.714882 -0.002944 0.002292 -0.001130 0.999992
1743735156.130037 253.247031 0.719162 2.735791 -0.003956 0.002425 -0.001183 0.999989
1743735156.234037 254.805929 0.714808 2.746425 -0.004505 0.002519 -0.001239 0.999986
1743735156.338037 256.336309 0.711789 2.761610 -0.003411 0.002685 -0.001281 0.999990
1743735156.442157 257.888634 0.706960 2.772055 -0.002770 0.002983 -0.001266 0.999991
1743735156.546257 259.419335 0.699946 2.783619 -0.000843 0.003497 -0.001272 0.999993
1743735156.650167 260.978051 0.693333 2.791343 0.000033 0.003043 -0.001160 0.999995
1743735156.754287 262.471896 0.694737 2.804872 0.000239 0.002516 -0.001087 0.999996
1743735156.858297 263.974407 0.696431 2.815736 0.001522 0.003420 -0.001454 0.999992
1743735156.962407 265.524510 0.699418 2.822090 0.002868 0.004410 -0.001465 0.999985
1743735157.066457 267.067889 0.698212 2.839746 0.003029 0.004122 -0.001523 0.999986
1743735157.170517 268.603747 0.697265 2.852041 0.002751 0.003571 -0.001710 0.999988
1743735157.274537 270.146947 0.701606 2.859537 0.002550 0.003409 -0.002024 0.999989
1743735157.378537 271.670455 0.709838 2.867923 0.001826 0.003460 -0.002528 0.999989
1743735157.482657 273.244066 0.705997 2.880079 0.000902 0.003271 -0.002953 0.999990
1743735157.586657 274.827507 0.708792 2.889185 0.000419 0.003203 -0.003412 0.999989
1743735157.690697 276.359227 0.707504 2.900938 0.000374 0.003101 -0.003849 0.999988
1743735157.794787 277.886158 0.706152 2.909333 0.000420 0.002872 -0.004291 0.999987
1743735157.898807 279.390550 0.696485 2.919718 0.000971 0.002571 -0.004739 0.999985
1743735158.002907 280.921544 0.682672 2.931972 0.001130 0.002653 -0.005247 0.999982
1743735158.107077 282.518367 0.673455 2.940748 0.002143 0.003294 -0.005495 0.999977
1743735158.211167 284.045181 0.665292 2.946255 0.003202 0.003452 -0.005570 0.999973
1743735158.315167 285.595894 0.651062 2.965675 0.003402 0.002406 -0.005710 0.999975
1743735158.419267 287.121574 0.643681 2.974886 0.003468 0.001157 -0.005543 0.999978
1743735158.523307 288.688255 0.635450 2.982754 0.004103 0.001270 -0.005040 0.999978
1743735158.627287 290.262676 0.631043 2.999484 0.004870 0.001313 -0.004627 0.999977
1743735158.731287 291.794023 0.621106 3.017601 0.004747 0.000978 -0.004141 0.999980
1743735158.835407 293.360341 0.613806 3.035196 0.004689 0.000795 -0.003895 0.999981
1743735158.939407 294.916459 0.608881 3.043202 0.004891 0.001068 -0.003581 0.999981
1743735159.043417 296.490690 0.608498 3.057600 0.005616 0.001173 -0.003100 0.999979
1743735159.147537 298.026294 0.604128 3.069233 0.005775 0.001682 -0.002574 0.999979
1743735159.251557 299.578434 0.606432 3.075514 0.005972 0.002536 -0.002212 0.999977
1743735159.355537 301.156977 0.598568 3.086827 0.005774 0.002552 -0.002587 0.999977
1743735159.459537 302.749096 0.600845 3.089735 0.005965 0.002404 -0.003127 0.999974
1743735159.563657 304.352500 0.602001 3.105903 0.006143 0.002419 -0.003342 0.999973
1743735159.667657 305.946741 0.598956 3.120854 0.006923 0.001933 -0.003452 0.999968
1743735159.771667 307.529295 0.585592 3.143469 0.007232 0.001001 -0.003680 0.999967
1743735159.875807 309.135458 0.586666 3.150075 0.007978 0.000398 -0.003617 0.999962
1743735159.979787 310.750490 0.582614 3.174549 0.007002 0.000003 -0.002543 0.999972
1743735160.083787 312.383656 0.594216 3.191854 0.006473 0.000286 -0.001519 0.999978
1743735160.187787 314.015568 0.589563 3.202514 0.006178 0.001726 -0.001337 0.999979
1743735160.291877 315.612586 0.585955 3.217188 0.007105 0.003329 -0.001386 0.999968
1743735160.395807 317.232237 0.590953 3.227464 0.007714 0.003705 -0.001471 0.999962
1743735160.499787 318.876255 0.588201 3.243765 0.007991 0.003292 -0.001641 0.999961
1743735160.603787 320.524372 0.589209 3.251648 0.008164 0.003092 -0.001926 0.999960
1743735160.707937 322.132466 0.586467 3.263934 0.008265 0.003340 -0.002122 0.999958
1743735160.811937 323.759459 0.578837 3.284819 0.008263 0.003416 -0.002394 0.999957
1743735160.915917 325.399837 0.578032 3.296153 0.007555 0.003009 -0.002633 0.999963
1743735161.020047 327.024133 0.587544 3.307802 0.007306 0.002599 -0.002960 0.999966
1743735161.124037 328.634480 0.579466 3.322451 0.007668 0.003378 -0.003440 0.999959
1743735161.228037 330.259464 0.571261 3.335853 0.008374 0.004024 -0.003422 0.999951
1743735161.332057 331.868175 0.560866 3.350620 0.008354 0.003526 -0.003298 0.999953
1743735161.436167 333.470089 0.558222 3.370524 0.008106 0.003568 -0.003364 0.999955
1743735161.540167 335.072960 0.558739 3.368040 0.007506 0.002510 -0.003256 0.999963
1743735161.644167 336.685076 0.564575 3.395720 0.005853 0.001192 -0.003206 0.999977
1743735161.748167 338.309546 0.557366 3.410871 0.005622 0.001551 -0.002568 0.999980
1743735161.852287 339.928928 0.550905 3.431543 0.005205 0.002967 -0.001943 0.999980
1743735161.956287 341.517291 0.551639 3.438158 0.004861 0.004359 -0.001548 0.999977
1743735162.060417 343.137401 0.562069 3.449822 0.004503 0.003953 -0.000798 0.999982
1743735162.164407 344.747551 0.566358 3.464499 0.004460 0.003270 -0.000244 0.999985
1743735162.268557 346.356285 0.569574 3.474807 0.005304 0.003724 0.000785 0.999979
1743735162.372537 347.945558 0.580182 3.494442 0.006174 0.004132 0.001278 0.999972
1743735162.476667 349.543807 0.592745 3.504803 0.006284 0.003738 0.001270 0.999972
1743735162.580787 351.122588 0.604532 3.518982 0.006447 0.003367 0.001498 0.999972
1743735162.684917 352.717320 0.614886 3.526080 0.006595 0.003279 0.001384 0.999972
1743735162.788927 354.318331 0.623716 3.543951 0.006985 0.003221 0.001567 0.999969
1743735162.893037 355.934493 0.632651 3.562101 0.007293 0.002956 0.001622 0.999968
1743735162.997037 357.512579 0.644003 3.577339 0.007277 0.002656 0.001427 0.999969
1743735163.101167 359.085249 0.653762 3.592499 0.007534 0.002748 0.001550 0.999967
1743735163.205367 360.682435 0.665453 3.601632 0.007579 0.002284 0.001414 0.999968
1743735163.309287 362.266251 0.678811 3.623466 0.007979 0.001894 0.001580 0.999965
1743735163.413437 363.874453 0.683042 3.631527 0.008859 0.002500 0.001521 0.999956
1743735163.517537 365.479631 0.695693 3.654528 0.009973 0.003030 0.001320 0.999945
1743735163.621677 367.061741 0.705967 3.667215 0.009965 0.002627 0.001364 0.999946
1743735163.726187 368.664749 0.717066 3.680146 0.009067 0.002398 0.001241 0.999955
1743735163.829797 370.257847 0.734986 3.691968 0.008465 0.002679 0.001149 0.999960
1743735163.936317 371.893663 0.744063 3.705241 0.007928 0.003137 0.000809 0.999963
1743735164.040967 373.468110 0.751149 3.717369 0.007802 0.003008 0.000755 0.999965
1743735164.142047 375.056683 0.761340 3.733871 0.007680 0.002706 0.000490 0.999967
1743735164.246207 376.667055 0.765863 3.746840 0.007426 0.002518 0.000202 0.999969
1743735164.350307 378.286890 0.774385 3.760141 0.007273 0.002542 0.000116 0.999970
1743735164.454447 379.892992 0.781166 3.772746 0.006555 0.002613 -0.000088 0.999975
1743735164.558527 381.502993 0.789516 3.782029 0.006188 0.002772 -0.000049 0.999977
1743735164.663087 383.106584 0.799597 3.796727 0.005601 0.002568 -0.000253 0.999981
1743735164.766797 384.717042 0.808079 3.813847 0.004972 0.002304 -0.000596 0.999985
1743735164.870917 386.337897 0.807908 3.831754 0.004421 0.002288 -0.000750 0.999987
1743735164.974927 387.974489 0.825535 3.842885 0.003802 0.002698 -0.000935 0.999989
1743735165.079057 389.585789 0.837644 3.855396 0.003554 0.002856 -0.000957 0.999989
1743735165.183617 391.200613 0.840767 3.868711 0.002709 0.002639 -0.001037 0.999992
1743735165.287327 392.818188 0.846926 3.882538 0.002505 0.002791 -0.001365 0.999992
