1743735262.9725 120.5078
1743735263.0768 120.5078
1743735263.1810 120.5078
1743735263.2853 120.5078
1743735263.3895 120.5078
1743735263.4938 120.5078
1743735263.5980 123.4922
1743735263.7023 123.7500
1743735263.8065 123.7500
1743735263.9109 125.5547
1743735264.0151 125.5547
1743735264.1194 127.3594
1743735264.2236 128.3906
1743735264.3279 128.3906
1743735264.4321 129.9375
1743735264.5364 133.2891
1743735264.6406 133.2891
1743735264.7449 136.8984
1743735264.8491 137.9297
1743735264.9534 137.9297
1743735265.0576 138.4453
1743735265.1619 142.0547
1743735265.2661 144.1172
1743735265.3704 144.8906
1743735265.4746 148.2422
1743735265.5789 148.2422
1743735265.6831 149.0156
1743735265.7874 152.3672
1743735265.8916 152.3672
1743735265.9959 152.6250
1743735266.1000 155.7188
1743735266.2043 155.7188
1743735266.3085 155.7188
1743735266.4128 157.2656
1743735266.5169 157.2656
1743735266.6211 160.3594
1743735266.7253 160.3594
1743735266.8295 160.3594
1743735266.9338 161.1328
1743735267.0379 161.1328
1743735267.1421 163.9688
1743735267.2464 163.9688
1743735267.3505 163.9688
1743735267.4548 167.0625
1743735267.5589 167.0625
1743735267.6631 167.0625
1743735267.7673 169.1250
1743735267.8714 169.1250
1743735267.9756 171.4453
1743735268.0798 171.4453
1743735268.1840 171.4453
1743735268.2881 173.5078
1743735268.3924 173.5078
1743735268.4965 176.0859
1743735268.6008 176.0859
1743735268.7050 176.0859
1743735268.8093 178.1484
1743735268.9134 178.1484
1743735269.0176 180.2109
1743735269.1219 180.2109
1743735269.2260 182.0156
1743735269.3303 182.0156
1743735269.4345 183.8203
1743735269.5386 183.8203
1743735269.6429 186.3984
1743735269.7470 186.3984
1743735269.8513 186.3984
1743735269.9554 189.2344
1743735270.0595 189.2344
1743735270.1638 189.2344
1743735270.2679 191.2969
1743735270.3720 191.2969
1743735270.4763 194.1328
1743735270.5804 194.1328
1743735270.6846 195.1641
1743735270.7888 196.7109
1743735270.8929 196.7109
1743735270.9971 198.7734
1743735271.1013 202.1250
1743735271.2054 202.1250
1743735271.3095 202.3828
1743735271.4136 205.7344
1743735271.5179 205.7344
1743735271.6220 207.0234
1743735271.7261 208.5703
1743735271.8303 213.2109
1743735271.9344 213.2109
1743735272.0385 213.2109
1743735272.1428 215.2734
1743735272.2469 215.2734
1743735272.3510 215.2734
1743735272.4551 218.1094
1743735272.5593 218.1094
1743735272.6634 218.1094
1743735272.7675 220.4297
1743735272.8716 225.0703
1743735272.9759 225.0703
1743735273.0800 225.0703
1743735273.1841 225.3281
1743735273.2883 225.3281
1743735273.3924 226.6172
1743735273.4966 226.6172
1743735273.6008 226.8750
1743735273.7050 230.4844
1743735273.8091 230.4844
1743735273.9134 230.4844
1743735274.0175 233.3203
1743735274.1218 233.3203
1743735274.2260 233.3203
1743735274.3303 236.4141
1743735274.4346 236.4141
1743735274.5389 236.4141
1743735274.6433 239.5078
1743735274.7476 239.5078
1743735274.8519 239.5078
1743735274.9564 242.6016
1743735275.0608 242.6016
1743735275.1653 242.6016
1743735275.2696 245.6953
1743735275.3742 245.6953
1743735275.4786 246.2109
1743735275.5833 249.8203
1743735275.6878 249.8203
1743735275.7924 249.8203
1743735275.8969 251.8828
1743735276.0014 251.8828
1743735276.1059 253.9453
1743735276.2104 253.9453
1743735276.3149 254.9766
1743735276.4193 256.7812
1743735276.5238 258.0703
1743735276.6281 258.0703
1743735276.7325 258.3281
1743735276.8369 260.9062
1743735276.9413 260.9062
1743735277.0456 262.9688
1743735277.1500 262.9688
1743735277.2543 265.0312
1743735277.3586 265.0312
1743735277.4630 267.0938
1743735277.5673 267.0938
1743735277.6716 268.8984
1743735277.7759 268.8984
1743735277.8801 270.7031
1743735277.9845 270.7031
1743735278.0887 271.9922
1743735278.1928 271.9922
1743735278.2968 271.9922
1743735278.4006 271.9922
1743735278.5046 274.5703
1743735278.6085 274.5703
1743735278.7124 274.5703
1743735278.8164 275.8594
1743735278.9203 275.8594
1743735279.0243 275.8594
1743735279.1282 277.9219
1743735279.2321 277.9219
1743735279.3359 278.6953
1743735279.4396 278.6953
1743735279.5435 278.6953
1743735279.6474 281.0156
1743735279.7512 281.0156
1743735279.8551 281.0156
1743735279.9590 281.0156
1743735280.0630 283.3359
1743735280.1671 283.3359
1743735280.2711 284.3672
1743735280.3753 284.3672
1743735280.4793 285.6562
1743735280.5834 285.6562
1743735280.6875 286.9453
1743735280.7916 286.9453
1743735280.8959 288.2344
1743735281.0000 288.2344
1743735281.1041 289.5234
1743735281.2083 289.5234
1743735281.3124 291.0703
1743735281.4165 291.0703
1743735281.5208 292.6172
1743735281.6249 292.6172
1743735281.7290 294.1641
1743735281.8333 294.1641
1743735281.9374 295.7109
1743735282.0416 295.7109
1743735282.1458 297.5156
1743735282.2500 297.5156
1743735282.3543 299.0625
1743735282.4584 299.0625
1743735282.5629 300.3516
1743735282.6669 300.3516
1743735282.7712 301.8984
1743735282.8755 301.8984
1743735282.9797 303.4453
1743735283.0839 303.4453
1743735283.1882 304.7344
1743735283.2925 304.7344
1743735283.3971 306.5391
1743735283.5011 306.5391
1743735283.6056 308.3438
1743735283.7100 308.3438
1743735283.8138 309.8906
1743735283.9180 309.8906
1743735284.0223 311.6953
1743735284.1265 311.6953
1743735284.2308 313.2422
1743735284.3350 313.2422
1743735284.4394 314.7891
1743735284.5435 314.7891
1743735284.6480 316.3359
1743735284.7522 316.3359
1743735284.8564 317.6250
1743735284.9611 317.6250
1743735285.0651 318.9141
1743735285.1693 318.9141
1743735285.2737 319.9453
1743735285.3779 319.9453
1743735285.4823 319.9453
1743735285.5867 319.9453
1743735285.6914 320.4609
1743735285.7952 322.7812
1743735285.8994 322.7812
1743735286.0038 322.7812
1743735286.1082 322.7812
1743735286.2122 325.3594
1743735286.3165 325.3594
1743735286.4207 325.3594
1743735286.5249 327.1641
1743735286.6290 327.1641
1743735286.7333 328.4531
1743735286.8375 328.4531
1743735286.9418 329.7422
1743735287.0460 329.7422
1743735287.1502 331.0312
1743735287.2544 331.0312
1743735287.3587 332.3203
1743735287.4629 332.3203
1743735287.5672 333.6094
1743735287.6714 333.6094
1743735287.7757 335.1562
1743735287.8799 335.1562
1743735287.9845 336.4453
1743735288.0885 336.4453
1743735288.1927 338.2500
1743735288.2970 338.2500
1743735288.4013 340.5703
1743735288.5054 340.5703
1743735288.6097 340.5703
1743735288.7139 343.6641
1743735288.8183 343.6641
1743735288.9226 343.6641
1743735289.0268 346.2422
1743735289.1311 346.2422
1743735289.2353 346.2422
1743735289.3396 348.8203
1743735289.4438 348.8203
1743735289.5481 350.3672
1743735289.6523 350.3672
1743735289.7565 353.4609
1743735289.8608 353.4609
1743735289.9650 353.4609
1743735290.0692 356.5547
1743735290.1734 356.5547
1743735290.2777 356.5547
1743735290.3819 358.3594
1743735290.4862 358.3594
1743735290.5904 360.1641
1743735290.6949 360.1641
1743735290.7989 361.9688
1743735290.9032 361.9688
1743735291.0075 363.2578
1743735291.1117 363.2578
1743735291.2159 364.8047
1743735291.3202 364.8047
1743735291.4244 366.3516
1743735291.5287 366.3516
1743735291.6329 367.6406
1743735291.7373 367.6406
1743735291.8415 369.1875
1743735291.9458 369.1875
1743735292.0500 370.7344
1743735292.1543 370.7344
1743735292.2586 372.2812
1743735292.3628 372.2812
1743735292.4671 373.8281
1743735292.5713 373.8281
1743735292.6756 375.6328
1743735292.7798 375.6328
1743735292.8842 377.1797
1743735292.9884 377.1797
1743735293.0927 379.7578
1743735293.1969 379.7578
1743735293.3012 379.7578
1743735293.4054 381.8203
1743735293.5097 381.8203
1743735293.6139 384.3984
1743735293.7183 384.3984
1743735293.8226 384.3984
1743735293.9268 386.7188
1743735294.0309 386.7188
1743735294.1351 388.2656
1743735294.2394 388.2656
1743735294.3437 390.0703
1743735294.4479 390.0703
1743735294.5522 391.6172
1743735294.6564 391.6172
1743735294.7611 393.1641
1743735294.8651 393.1641
1743735294.9696 394.7109
1743735295.0737 394.7109
1743735295.1781 396.0000
1743735295.2825 396.0000
1743735295.3868 397.2891
1743735295.4911 397.2891
1743735295.5954 398.5781
1743735295.6997 398.5781
1743735295.8041 398.5781
1743735295.9083 398.5781
1743735296.0126 400.1250
1743735296.1167 400.1250
1743735296.2210 400.1250
1743735296.3250 400.6406
1743735296.4292 400.6406
1743735296.5334 401.4141
1743735296.6376 403.7344
1743735296.7418 403.7344
1743735296.8460 403.7344
1743735296.9503 403.7344
1743735297.0543 405.2812
1743735297.1585 405.2812
1743735297.2624 405.2812
1743735297.3665 405.5391
1743735297.4707 408.1172
1743735297.5748 408.1172
1743735297.6789 409.4062
1743735297.7832 409.4062
1743735297.8873 410.9531
1743735297.9921 410.9531
1743735298.0960 412.5000
1743735298.2000 412.5000
1743735298.3042 413.7891
1743735298.4087 413.7891
1743735298.5125 413.7891
1743735298.6167 413.7891
1743735298.7208 415.8516
1743735298.8249 415.8516
1743735298.9290 416.3672
1743735299.0332 416.3672
1743735299.1372 416.6250
1743735299.2413 418.9453
1743735299.3453 418.9453
1743735299.4494 418.9453
1743735299.5535 418.9453
1743735299.6577 418.9453
1743735299.7619 422.0391
1743735299.8662 422.0391
1743735299.9705 422.0391
1743735300.0754 422.0391
1743735300.1797 422.0391
1743735300.2842 423.5859
1743735300.3887 423.5859
1743735300.4932 425.1328
1743735300.5977 425.1328
1743735300.7022 425.1328
1743735300.8067 425.1328
1743735300.9111 426.6797
1743735301.0159 426.6797
1743735301.1205 426.6797
1743735301.2241 426.6797
1743735301.3284 426.9375
1743735301.4326 426.9375
1743735301.5369 426.9375
1743735301.6411 427.7109
1743735301.7452 427.7109
1743735301.8495 429.2578
1743735301.9536 429.2578
1743735302.0578 429.5156
1743735302.1619 429.5156
1743735302.2662 429.7734
1743735302.3704 432.0938
1743735302.4747 432.0938
1743735302.5789 432.6094
1743735302.6833 432.6094
1743735302.7875 433.1250
1743735302.8920 435.4453
1743735302.9962 435.4453
1743735303.1006 436.4766
1743735303.2048 436.4766
1743735303.3091 437.5078
1743735303.4133 437.5078
1743735303.5176 437.5078
1743735303.6218 437.5078
1743735303.7261 440.6016
1743735303.8303 440.6016
1743735303.9346 440.6016
1743735304.0388 442.9219
1743735304.1430 442.9219
1743735304.2472 442.9219
1743735304.3513 444.2109
1743735304.4554 444.2109
1743735304.5597 445.7578
1743735304.6638 445.7578
1743735304.7680 447.3047
1743735304.8721 447.3047
1743735304.9763 448.8516
1743735305.0805 448.8516
1743735305.1846 450.6562
1743735305.2887 450.6562
1743735305.3929 453.4922
1743735305.4971 453.4922
1743735305.6012 453.4922
1743735305.7053 455.5547
1743735305.8093 455.5547
1743735305.9134 457.3594
1743735306.0175 457.3594
1743735306.1215 458.9062
1743735306.2254 459.4219
1743735306.3303 461.2266
1743735306.4335 461.2266
1743735306.5376 462.2578
1743735306.6415 464.5781
1743735306.7456 464.5781
1743735306.8496 466.6406
1743735306.9536 466.6406
1743735307.0577 466.6406
1743735307.1617 466.6406
1743735307.2657 469.9922
1743735307.3697 469.9922
1743735307.4737 469.9922
1743735307.5777 472.5703
1743735307.6820 472.5703
1743735307.7861 472.8281
1743735307.8900 475.4062
1743735307.9938 475.4062
1743735308.0979 477.4688
1743735308.2018 477.4688
1743735308.3058 477.4688
1743735308.4100 477.4688
1743735308.5142 480.3047
1743735308.6182 480.3047
1743735308.7224 480.3047
1743735308.8264 481.5938
1743735308.9307 481.5938
1743735309.0350 481.5938
1743735309.1402 482.8828
1743735309.2436 482.8828
1743735309.3480 484.9453
1743735309.4525 484.9453
1743735309.5570 486.4922
1743735309.6615 486.4922
1743735309.7658 488.0391
1743735309.8703 488.0391
1743735309.9747 489.5859
1743735310.0791 489.5859
1743735310.1834 491.1328
1743735310.2878 491.1328
1743735310.3923 492.6797
1743735310.4968 492.6797
1743735310.6014 494.2266
1743735310.7058 494.2266
1743735310.8102 495.7734
1743735310.9147 495.7734
1743735311.0189 497.3203
1743735311.1234 497.3203
1743735311.2277 498.8672
1743735311.3319 498.8672
1743735311.4362 500.4141
1743735311.5404 500.4141
1743735311.6447 501.9609
1743735311.7490 501.9609
1743735311.8532 503.5078
1743735311.9575 503.5078
1743735312.0617 505.0547
1743735312.1658 505.0547
1743735312.2701 506.6016
1743735312.3803 506.6016
1743735312.4785 508.1484
1743735312.5827 508.1484
1743735312.6868 509.9531
1743735312.7911 509.9531
1743735312.8954 511.5000
1743735312.9995 511.5000
1743735313.1036 513.0469
1743735313.2079 513.0469
1743735313.3120 514.8516
1743735313.4162 514.8516
1743735313.5203 516.3984
1743735313.6246 516.3984
1743735313.7287 518.2031
1743735313.8328 519.4922
1743735313.9371 521.2969
1743735314.0412 521.2969
1743735314.1454 521.8125
1743735314.2496 524.1328
1743735314.3554 524.1328
1743735314.4580 526.9688
1743735314.5622 526.9688
1743735314.6664 527.4844
1743735314.7706 529.0312
1743735314.8748 533.4141
1743735314.9791 533.4141
1743735315.0834 533.4141
1743735315.1878 533.6719
1743735315.2919 533.6719
1743735315.3961 534.4453
1743735315.5004 537.7969
1743735315.6046 537.7969
1743735315.7090 537.7969
1743735315.8132 540.1172
1743735315.9174 540.1172
1743735316.0217 540.1172
1743735316.1271 543.2109
1743735316.2301 543.2109
1743735316.3344 543.2109
1743735316.4385 546.3047
1743735316.5426 546.3047
1743735316.6466 546.5625
1743735316.7505 549.9141
1743735316.8545 549.9141
1743735316.9585 549.9141
1743735317.0623 552.4922
1743735317.1663 552.4922
1743735317.2702 552.4922
1743735317.3741 555.0703
1743735317.4781 555.0703
1743735317.5820 555.0703
1743735317.6860 557.1328
1743735317.7898 557.1328
1743735317.8938 557.3906
1743735317.9979 559.7109
1743735318.1019 559.7109
1743735318.2058 561.0000
1743735318.3098 561.0000
1743735318.4139 562.8047
1743735318.5180 562.8047
1743735318.6219 562.8047
1743735318.7261 562.8047
1743735318.8303 564.8672
1743735318.9344 564.8672
1743735319.0385 565.6406
1743735319.1427 565.6406
1743735319.2468 567.7031
1743735319.3511 567.7031
1743735319.4554 567.7031
1743735319.5596 567.7031
1743735319.6638 569.7656
1743735319.7682 569.7656
1743735319.8727 569.7656
1743735319.9771 569.7656
1743735320.0817 569.7656
1743735320.1862 569.7656
1743735320.2908 571.8281
1743735320.3954 571.8281
1743735320.4998 571.8281
1743735320.6043 571.8281
1743735320.7091 572.3438
1743735320.8133 572.3438
1743735320.9176 572.6016
1743735321.0220 574.9219
1743735321.1263 574.9219
1743735321.2307 576.2109
1743735321.3351 576.2109
1743735321.4396 576.2109
1743735321.5441 576.2109
1743735321.6486 579.3047
1743735321.7530 579.3047
1743735321.8575 579.3047
1743735321.9619 579.3047
1743735322.0664 579.3047
1743735322.1709 581.1094
1743735322.2754 581.1094
1743735322.3800 582.6562
1743735322.4848 582.6562
1743735322.5890 582.6562
1743735322.6932 582.6562
1743735322.7974 582.6562
1743735322.9018 583.4297
1743735323.0061 583.4297
1743735323.1103 583.4297
1743735323.2146 584.7188
1743735323.3188 584.7188
1743735323.4231 584.7188
1743735323.5273 585.7500
1743735323.6314 585.7500
1743735323.7358 585.7500
1743735323.8399 588.0703
1743735323.9440 588.0703
1743735324.0482 589.6172
1743735324.1523 589.6172
1743735324.2566 590.9062
1743735324.3607 590.9062
1743735324.4648 592.1953
1743735324.5691 592.1953
1743735324.6734 593.4844
1743735324.7776 593.4844
1743735324.8816 594.7734
1743735324.9858 594.7734
1743735325.0900 596.0625
1743735325.1941 596.0625
1743735325.2982 597.6094
1743735325.4024 597.6094
1743735325.5067 598.8984
1743735325.6110 598.8984
1743735325.7152 600.4453
1743735325.8221 600.4453
1743735325.9237 602.2500
1743735326.0280 602.2500
1743735326.1323 603.5391
1743735326.2365 603.5391
1743735326.3407 605.0859
1743735326.4448 605.0859
1743735326.5491 606.3750
1743735326.6533 606.3750
1743735326.7576 607.9219
1743735326.8621 607.9219
1743735326.9661 608.9531
1743735327.0704 608.9531
1743735327.1746 609.9844
1743735327.2788 609.9844
1743735327.3831 611.5312
1743735327.4877 611.5312
1743735327.5921 613.0781
1743735327.6959 613.0781
1743735327.8001 615.9141
1743735327.9042 615.9141
1743735328.0084 615.9141
1743735328.1127 617.9766
1743735328.2170 617.9766
1743735328.3215 617.9766
1743735328.4255 620.5547
1743735328.5298 620.5547
1743735328.6338 620.5547
1743735328.7381 623.9062
1743735328.8431 623.9062
1743735328.9465 623.9062
1743735329.0506 627.0000
1743735329.1549 627.0000
1743735329.2591 627.0000
1743735329.3634 629.0625
1743735329.4676 629.0625
1743735329.5719 630.8672
1743735329.6761 630.8672
1743735329.7802 632.6719
1743735329.8845 632.6719
1743735329.9905 634.7344
1743735330.0930 634.7344
1743735330.1972 636.2812
1743735330.3015 636.2812
1743735330.4057 637.8281
1743735330.5100 637.8281
1743735330.6142 639.6328
1743735330.7185 639.6328
1743735330.8226 641.4375
1743735330.9268 641.4375
1743735331.0311 642.9844
1743735331.1354 642.9844
1743735331.2395 644.2734
1743735331.3438 644.2734
1743735331.4480 645.8203
1743735331.5521 645.8203
1743735331.6563 647.3672
1743735331.7605 647.3672
1743735331.8648 648.9141
1743735331.9688 648.9141
1743735332.0730 650.2031
1743735332.1772 650.2031
1743735332.2814 652.0078
1743735332.3856 652.0078
1743735332.4898 653.5547
1743735332.5939 653.5547
1743735332.6981 655.3594
1743735332.8022 655.3594
1743735332.9064 656.9062
1743735333.0106 656.9062
1743735333.1149 658.4531
1743735333.2190 658.4531
1743735333.3233 660.2578
1743735333.4274 660.2578
1743735333.5317 662.0625
1743735333.6359 662.0625
1743735333.7401 663.6094
1743735333.8444 663.6094
1743735333.9488 665.1562
1743735334.0549 665.1562
1743735334.1570 666.9609
1743735334.2611 666.9609
1743735334.3653 668.5078
1743735334.4694 668.5078
1743735334.5740 670.0547
1743735334.6779 670.0547
1743735334.7820 671.8594
1743735334.8861 671.8594
1743735334.9903 673.4062
1743735335.0944 673.4062
1743735335.1986 675.2109
1743735335.3028 675.2109
1743735335.4071 678.3047
1743735335.5112 678.3047
1743735335.6155 679.0781
1743735335.7196 681.6562
1743735335.8239 681.6562
1743735335.9280 681.6562
1743735336.0321 682.1719
1743735336.1364 685.7812
1743735336.2405 685.7812
1743735336.3446 686.5547
1743735336.4488 690.1641
1743735336.5529 690.1641
1743735336.6571 690.1641
1743735336.7614 693.5156
1743735336.8655 693.5156
1743735336.9698 693.5156
1743735337.0739 695.5781
1743735337.1781 695.5781
1743735337.2823 695.5781
1743735337.3866 699.4453
1743735337.4907 699.4453
1743735337.5950 702.5391
1743735337.6992 702.5391
1743735337.8034 702.5391
1743735337.9076 702.5391
1743735338.0117 702.5391
1743735338.1160 704.3438
1743735338.2201 704.3438
1743735338.3242 706.1484
1743735338.4286 706.1484
1743735338.5326 707.6953
1743735338.6367 707.6953
1743735338.7409 709.2422
1743735338.8450 709.2422
1743735338.9491 711.0469
1743735339.0532 711.0469
1743735339.1575 712.8516
1743735339.2616 712.8516
1743735339.3658 714.3984
1743735339.4700 714.3984
1743735339.5744 715.9453
1743735339.6788 715.9453
1743735339.7826 717.4922
1743735339.8870 717.4922
1743735339.9908 719.0391
1743735340.0951 719.0391
1743735340.1992 720.5859
1743735340.3033 720.5859
1743735340.4086 722.3906
1743735340.5117 722.3906
1743735340.6159 723.9375
1743735340.7202 723.9375
1743735340.8242 725.4844
1743735340.9283 725.4844
1743735341.0326 726.7734
1743735341.1368 726.7734
1743735341.2411 728.3203
1743735341.3453 728.3203
1743735341.4497 729.6094
1743735341.5539 729.6094
1743735341.6582 730.8984
1743735341.7625 730.8984
1743735341.8667 732.1875
1743735341.9711 732.1875
1743735342.0753 733.7344
1743735342.1796 733.7344
1743735342.2838 735.0234
1743735342.3881 735.0234
1743735342.4938 736.3125
1743735342.5966 736.3125
1743735342.7009 737.6016
1743735342.8051 737.6016
1743735342.9093 739.1484
1743735343.0136 739.1484
1743735343.1178 740.4375
1743735343.2221 740.4375
1743735343.3263 741.9844
1743735343.4308 741.9844
1743735343.5350 743.2734
1743735343.6392 743.2734
1743735343.7435 744.8203
1743735343.8479 744.8203
1743735343.9521 746.3672
1743735344.0565 746.3672
1743735344.1607 747.9141
1743735344.2651 747.9141
1743735344.3694 749.7188
1743735344.4738 749.7188
1743735344.5782 752.5547
1743735344.6823 752.5547
1743735344.7868 752.5547
1743735344.8911 754.3594
1743735344.9953 754.3594
1743735345.0997 756.1641
1743735345.2041 756.6797
1743735345.3085 758.4844
1743735345.4129 758.4844
1743735345.5173 759.2578
1743735345.6216 760.8047
1743735345.7303 760.8047
1743735345.8304 761.5781
1743735345.9347 764.9297
1743735346.0392 764.9297
1743735346.1438 765.4453
1743735346.2482 768.0234
1743735346.3525 768.0234
1743735346.4573 770.0859
1743735346.5613 770.0859
1743735346.6658 771.8906
1743735346.7701 771.8906
1743735346.8745 772.4062
1743735346.9790 774.9844
1743735347.0833 774.9844
1743735347.1876 777.0469
1743735347.2918 777.0469
1743735347.3962 778.8516
1743735347.5005 778.8516
1743735347.6048 780.6562
1743735347.7098 780.6562
1743735347.8133 780.6562
1743735347.9175 780.9141
1743735348.0237 784.2656
1743735348.1268 784.2656
1743735348.2302 784.5234
1743735348.3345 784.5234
1743735348.4386 785.2969
1743735348.5426 788.6484
1743735348.6466 788.6484
1743735348.7506 788.9062
1743735348.8545 791.4844
1743735348.9584 791.4844
1743735349.0622 793.2891
1743735349.1661 793.2891
1743735349.2701 793.2891
1743735349.3740 793.2891
1743735349.4776 794.5781
1743735349.5815 794.5781
1743735349.6853 796.8984
1743735349.7892 796.8984
1743735349.8932 798.9609
1743735349.9971 798.9609
1743735350.1012 800.2500
1743735350.2054 800.2500
1743735350.3094 802.0547
1743735350.4134 802.0547
1743735350.5174 803.3438
1743735350.6215 803.3438
1743735350.7256 805.1484
1743735350.8297 805.1484
1743735350.9339 806.6953
1743735351.0382 806.6953
1743735351.1422 808.5000
1743735351.2464 808.5000
1743735351.3505 810.0469
1743735351.4546 810.0469
1743735351.5589 810.3047
1743735351.6630 810.3047
1743735351.7672 810.3047
1743735351.8714 812.8828
1743735351.9757 812.8828
1743735352.0800 814.9453
1743735352.1841 814.9453
1743735352.2882 815.7188
1743735352.3925 815.7188
1743735352.4967 816.4922
1743735352.6010 816.4922
1743735352.7052 818.0391
1743735352.8095 818.0391
1743735352.9137 819.5859
1743735353.0181 819.5859
1743735353.1221 821.1328
1743735353.2264 821.1328
1743735353.3305 822.1641
1743735353.4347 822.1641
1743735353.5388 823.4531
1743735353.6431 823.4531
1743735353.7472 825.0000
1743735353.8516 825.0000
1743735353.9558 826.2891
1743735354.0600 826.2891
1743735354.1642 827.8359
1743735354.2685 827.8359
1743735354.3729 829.1250
1743735354.4773 829.1250
1743735354.5816 830.6719
1743735354.6863 830.6719
1743735354.7904 831.9609
1743735354.8950 831.9609
1743735354.9994 833.5078
1743735355.1038 833.5078
1743735355.2084 835.8281
1743735355.3129 835.8281
1743735355.4174 835.8281
1743735355.5220 837.1172
1743735355.6266 837.1172
1743735355.7310 837.6328
1743735355.8355 841.7578
1743735355.9408 841.7578
1743735356.0446 841.7578
1743735356.1489 841.7578
1743735356.2534 842.7891
1743735356.3577 844.3359
1743735356.4622 844.3359
1743735356.5666 844.3359
1743735356.6710 846.6562
1743735356.7753 846.6562
1743735356.8798 849.7500
1743735356.9841 849.7500
1743735357.0883 850.2656
1743735357.1926 852.8438
1743735357.2970 852.8438
1743735357.4012 854.9062
1743735357.5056 854.9062
1743735357.6124 856.7109
1743735357.7141 856.7109
1743735357.8182 858.2578
1743735357.9225 858.2578
1743735358.0265 858.7734
1743735358.1306 858.7734
1743735358.2346 858.7734
1743735358.3385 861.3516
1743735358.4424 861.3516
1743735358.5463 861.3516
1743735358.6504 861.3516
1743735358.7544 863.9297
1743735358.8584 863.9297
1743735358.9622 865.4766
1743735359.0663 865.4766
1743735359.1701 867.0234
1743735359.2740 867.0234
1743735359.3780 868.5703
1743735359.4817 868.5703
1743735359.5856 870.1172
1743735359.6896 870.1172
1743735359.7935 871.6641
1743735359.8974 871.6641
1743735360.0014 872.9531
1743735360.1053 872.9531
1743735360.2100 874.2422
1743735360.3131 874.2422
1743735360.4170 874.2422
1743735360.5210 874.2422
1743735360.6250 875.7891
1743735360.7290 875.7891
1743735360.8330 875.7891
1743735360.9370 876.3047
1743735361.0411 878.6250
1743735361.1465 878.6250
1743735361.2492 879.6562
1743735361.3532 879.6562
1743735361.4574 880.9453
1743735361.5615 880.9453
1743735361.6656 882.4922
1743735361.7698 882.4922
1743735361.8739 883.7812
1743735361.9780 883.7812
1743735362.0821 884.8125
1743735362.1862 884.8125
1743735362.2905 886.1016
1743735362.3946 886.1016
1743735362.4989 887.3906
1743735362.6032 887.3906
1743735362.7073 888.6797
1743735362.8114 888.6797
1743735362.9156 889.7109
1743735363.0197 889.7109
1743735363.1238 891.0000
1743735363.2281 891.0000
1743735363.3323 892.5469
1743735363.4364 892.5469
1743735363.5405 894.3516
1743735363.6447 894.3516
1743735363.7488 895.8984
1743735363.8532 895.8984
1743735363.9576 897.1875
1743735364.0621 897.1875
1743735364.1656 898.4766
1743735364.2697 898.4766
1743735364.3740 899.7656
1743735364.4781 899.7656
1743735364.5824 901.3125
1743735364.6865 901.3125
1743735364.7906 902.8594
1743735364.8948 902.8594
1743735364.9990 904.4062
1743735365.1031 904.4062
1743735365.2074 906.4688
1743735365.3115 906.4688
1743735365.4167 907.7578
1743735365.5199 907.7578
1743735365.6240 909.0469
1743735365.7281 909.0469
1743735365.8324 910.8516
1743735365.9366 910.8516
1743735366.0407 912.3984
1743735366.1449 912.3984
1743735366.2490 913.9453
1743735366.3532 913.9453
1743735366.4573 915.7500
1743735366.5617 915.7500
1743735366.6659 917.5547
1743735366.7700 917.5547
1743735366.8743 919.1016
1743735366.9785 919.1016
1743735367.0826 920.9062
1743735367.1869 920.9062
1743735367.2910 922.1953
1743735367.3952 922.1953
1743735367.4992 923.7422
1743735367.6033 923.7422
1743735367.7075 925.0312
1743735367.8117 925.0312
1743735367.9159 926.3203
1743735368.0200 926.3203
1743735368.1243 927.8672
1743735368.2285 927.8672
1743735368.3327 929.1562
1743735368.4369 929.1562
1743735368.5411 930.4453
1743735368.6453 930.4453
1743735368.7497 931.7344
1743735368.8539 931.7344
1743735368.9581 931.7344
1743735369.0624 931.7344
1743735369.1667 933.2812
1743735369.2710 933.2812
1743735369.3753 934.5703
1743735369.4795 934.5703
1743735369.5838 935.6016
1743735369.6880 935.6016
1743735369.7922 937.1484
1743735369.8965 937.1484
1743735370.0007 937.1484
1743735370.1049 937.1484
1743735370.2091 939.9844
1743735370.3132 939.9844
1743735370.4175 939.9844
1743735370.5217 941.2734
1743735370.6259 941.2734
1743735370.7300 941.2734
1743735370.8341 941.2734
1743735370.9383 943.3359
1743735371.0437 943.3359
1743735371.1465 943.3359
1743735371.2507 943.3359
1743735371.3547 943.3359
1743735371.4588 945.3984
1743735371.5629 945.3984
1743735371.6670 947.2031
1743735371.7710 947.2031
1743735371.8751 948.4922
1743735371.9792 948.4922
1743735372.0832 950.0391
1743735372.1873 950.0391
1743735372.2914 951.5859
1743735372.3955 951.5859
1743735372.4997 953.3906
1743735372.6039 953.3906
1743735372.7080 955.1953
1743735372.8121 955.1953
1743735372.9163 956.7422
1743735373.0203 956.7422
1743735373.1245 958.2891
1743735373.2286 958.2891
1743735373.3336 959.8359
1743735373.4380 959.8359
1743735373.5410 961.3828
1743735373.6451 961.3828
1743735373.7494 962.6719
1743735373.8535 962.6719
1743735373.9577 963.9609
1743735374.0617 963.9609
1743735374.1658 965.2500
1743735374.2700 965.2500
1743735374.3741 966.5391
1743735374.4782 966.5391
1743735374.5824 967.8281
1743735374.6866 967.8281
1743735374.7912 969.1172
1743735374.8948 969.1172
1743735374.9989 970.4062
1743735375.1031 970.4062
1743735375.2072 971.9531
1743735375.3113 971.9531
1743735375.4155 973.7578
1743735375.5196 973.7578
1743735375.6242 975.3047
1743735375.7280 975.3047
1743735375.8322 977.1094
1743735375.9366 977.1094
1743735376.0406 978.6562
1743735376.1446 978.6562
1743735376.2487 980.2031
1743735376.3528 980.2031
1743735376.4571 981.7500
1743735376.5613 981.7500
1743735376.6654 983.2969
1743735376.7696 983.2969
1743735376.8739 984.5859
1743735376.9780 984.5859
1743735377.0822 985.8750
1743735377.1864 985.8750
1743735377.2906 987.1641
1743735377.3960 987.1641
1743735377.4990 988.7109
1743735377.6033 988.7109
1743735377.7075 990.7734
1743735377.8116 990.7734
1743735377.9158 992.8359
1743735378.0200 992.8359
1743735378.1243 993.8672
1743735378.2283 993.8672
1743735378.3324 995.6719
1743735378.4363 995.6719
1743735378.5405 997.4766
1743735378.6445 997.4766
1743735378.7484 999.0234
1743735378.8523 999.0234
1743735378.9563 1000.8281
1743735379.0603 1000.8281
1743735379.1644 1002.3750
1743735379.2684 1002.3750
1743735379.3725 1004.1797
1743735379.4765 1004.1797
1743735379.5805 1005.7266
1743735379.6846 1005.7266
1743735379.7886 1007.0156
1743735379.8927 1007.0156
1743735379.9970 1008.8203
1743735380.1012 1008.8203
1743735380.2054 1010.6250
1743735380.3095 1010.6250
1743735380.4137 1012.4297
1743735380.5180 1012.4297
1743735380.6221 1015.2656
1743735380.7263 1015.2656
1743735380.8306 1015.2656
1743735380.9348 1017.0703
1743735381.0390 1017.0703
1743735381.1432 1018.8750
1743735381.2475 1018.8750
1743735381.3517 1020.4219
1743735381.4560 1020.4219
1743735381.5602 1021.9688
1743735381.6645 1021.9688
1743735381.7687 1023.5156
1743735381.8732 1023.5156
1743735381.9776 1025.0625
1743735382.0819 1025.0625
1743735382.1854 1026.3516
1743735382.2896 1026.3516
1743735382.3944 1027.3828
1743735382.4979 1027.3828
1743735382.6020 1027.3828
1743735382.7063 1027.3828
1743735382.8104 1028.9297
1743735382.9145 1028.9297
1743735383.0188 1029.4453
1743735383.1228 1029.4453
1743735383.2271 1029.4453
1743735383.3313 1031.2500
1743735383.4356 1031.2500
1743735383.5397 1033.5703
1743735383.6439 1033.5703
1743735383.7482 1033.5703
1743735383.8524 1033.5703
1743735383.9566 1035.6328
1743735384.0607 1035.6328
1743735384.1650 1035.6328
1743735384.2693 1037.9531
1743735384.3733 1037.9531
1743735384.4776 1037.9531
1743735384.5819 1039.5000
1743735384.6862 1039.5000
1743735384.7904 1040.7891
1743735384.8947 1040.7891
1743735384.9990 1042.3359
1743735385.1033 1042.3359
1743735385.2110 1043.8828
1743735385.3119 1043.8828
1743735385.4163 1045.6875
1743735385.5205 1045.6875
1743735385.6253 1047.2344
1743735385.7302 1047.2344
1743735385.8334 1048.7812
1743735385.9376 1048.7812
1743735386.0419 1050.5859
1743735386.1463 1050.5859
1743735386.2505 1052.3906
1743735386.3548 1052.3906
1743735386.4590 1053.6797
1743735386.5641 1053.6797
1743735386.6676 1055.2266
1743735386.7719 1055.2266
1743735386.8761 1056.7734
1743735386.9808 1056.7734
1743735387.0849 1058.0625
1743735387.1891 1058.0625
1743735387.2935 1059.6094
1743735387.3977 1059.6094
1743735387.5022 1060.8984
1743735387.6065 1060.8984
1743735387.7108 1062.4453
1743735387.8151 1062.4453
1743735387.9195 1063.9922
1743735388.0237 1063.9922
1743735388.1282 1067.0859
1743735388.2325 1067.0859
1743735388.3370 1067.0859
1743735388.4412 1069.4062
1743735388.5455 1069.4062
1743735388.6499 1071.2109
1743735388.7543 1071.2109
1743735388.8592 1072.5000
1743735388.9629 1072.5000
1743735389.0671 1073.2734
1743735389.1714 1073.2734
1743735389.2756 1073.2734
1743735389.3808 1076.6250
1743735389.4842 1076.6250
1743735389.5885 1076.6250
1743735389.6928 1078.9453
1743735389.7970 1078.9453
1743735389.9013 1078.9453
1743735390.0054 1080.2344
1743735390.1096 1080.2344
1743735390.2139 1081.2656
1743735390.3181 1081.2656
1743735390.4223 1083.5859
1743735390.5266 1085.1328
1743735390.6309 1085.1328
1743735390.7351 1085.1328
1743735390.8396 1090.0312
1743735390.9438 1090.0312
1743735391.0479 1090.0312
1743735391.1522 1091.0625
1743735391.2562 1091.0625
1743735391.3603 1093.3828
1743735391.4646 1093.3828
1743735391.5686 1095.1875
1743735391.6728 1095.1875
1743735391.7767 1095.1875
1743735391.8808 1095.1875
1743735391.9849 1098.5391
1743735392.0889 1098.5391
1743735392.1929 1098.5391
1743735392.2970 1101.1172
1743735392.4010 1101.1172
1743735392.5052 1101.1172
1743735392.6092 1103.4375
1743735392.7133 1103.4375
1743735392.8173 1103.4375
1743735392.9214 1106.2734
1743735393.0254 1106.2734
1743735393.1294 1106.2734
1743735393.2335 1108.8516
1743735393.3375 1108.8516
1743735393.4415 1108.8516
1743735393.5456 1111.4297
1743735393.6502 1111.4297
1743735393.7568 1111.4297
1743735393.8578 1112.9766
1743735393.9619 1112.9766
1743735394.0659 1113.7500
1743735394.1698 1113.7500
1743735394.2750 1115.0391
1743735394.3779 1115.0391
1743735394.4820 1115.0391
1743735394.5860 1115.0391
1743735394.6900 1116.8438
1743735394.7941 1116.8438
1743735394.8983 1117.8750
1743735395.0023 1117.8750
1743735395.1064 1118.1328
1743735395.2105 1118.1328
1743735395.3147 1118.1328
1743735395.4205 1120.7109
1743735395.5232 1120.7109
1743735395.6274 1121.7422
1743735395.7332 1121.7422
1743735395.8380 1121.7422
1743735395.9401 1121.7422
1743735396.0450 1123.2891
1743735396.1505 1123.2891
1743735396.2530 1124.3203
1743735396.3582 1124.3203
1743735396.4617 1124.3203
1743735396.5660 1124.3203
1743735396.6705 1124.3203
1743735396.7747 1124.3203
1743735396.8791 1125.6094
1743735396.9836 1125.6094
1743735397.0880 1125.6094
1743735397.1926 1128.1875
1743735397.2971 1128.1875
1743735397.4016 1128.1875
1743735397.5061 1128.1875
1743735397.6108 1128.1875
1743735397.7153 1128.1875
1743735397.8198 1128.1875
1743735397.9244 1130.7656
1743735398.0289 1130.7656
1743735398.1332 1130.7656
1743735398.2378 1130.7656
1743735398.3420 1130.7656
1743735398.4464 1130.7656
1743735398.5508 1130.7656
1743735398.6551 1130.7656
1743735398.7595 1130.7656
1743735398.8638 1130.7656
1743735398.9680 1130.7656
1743735399.0722 1130.7656
1743735399.1765 1130.7656
1743735399.2806 1133.3438
1743735399.3846 1133.3438
1743735399.4902 1133.3438
1743735399.5927 1133.3438
1743735399.6993 1133.3438
1743735399.8005 1133.3438
1743735399.9045 1133.3438
1743735400.0084 1133.3438
1743735400.1138 1133.3438
1743735400.2162 1133.3438
1743735400.3202 1133.3438
1743735400.4242 1133.6016
1743735400.5281 1133.6016
1743735400.6321 1133.6016
1743735400.7360 1135.9219
1743735400.8400 1135.9219
1743735400.9440 1135.9219
1743735401.0480 1135.9219
1743735401.1520 1135.9219
1743735401.2560 1135.9219
1743735401.3602 1135.9219
1743735401.4643 1135.9219
1743735401.5684 1135.9219
1743735401.6725 1135.9219
1743735401.7766 1135.9219
1743735401.8808 1135.9219
1743735401.9849 1135.9219
1743735402.0892 1135.9219
1743735402.1933 1135.9219
1743735402.2975 1135.9219
1743735402.4018 1135.9219
1743735402.5060 1135.9219
1743735402.6102 1135.9219
1743735402.7144 1136.9531
1743735402.8185 1136.9531
1743735402.9226 1136.9531
1743735403.0268 1136.9531
1743735403.1309 1136.9531
1743735403.2351 1136.9531
1743735403.3393 1136.9531
1743735403.4434 1136.9531
1743735403.5475 1137.2109
1743735403.6516 1137.2109
1743735403.7558 1137.2109
1743735403.8600 1137.2109
1743735403.9642 1139.2734
1743735404.0683 1139.2734
1743735404.1724 1140.3047
1743735404.2765 1140.3047
1743735404.3806 1140.3047
1743735404.4849 1140.3047
1743735404.5890 1140.3047
1743735404.6932 1140.3047
1743735404.7973 1140.3047
1743735404.9014 1140.3047
1743735405.0055 1141.8516
1743735405.1097 1141.8516
1743735405.2139 1141.8516
1743735405.3180 1141.8516
1743735405.4222 1141.8516
1743735405.5264 1141.8516
1743735405.6307 1141.8516
1743735405.7349 1141.8516
1743735405.8392 1141.8516
1743735405.9433 1141.8516
1743735406.0475 1144.1719
1743735406.1517 1144.1719
1743735406.2560 1144.1719
1743735406.3603 1144.1719
1743735406.4645 1144.1719
1743735406.5688 1144.1719
1743735406.6730 1144.1719
1743735406.7773 1144.1719
1743735406.8814 1144.1719
1743735406.9857 1144.1719
1743735407.0899 1144.1719
1743735407.1940 1144.6875
1743735407.2982 1144.6875
1743735407.4023 1144.6875
1743735407.5065 1147.2656
1743735407.6107 1147.2656
1743735407.7147 1147.2656
1743735407.8196 1147.2656
1743735407.9230 1148.8125
1743735408.0275 1148.8125
1743735408.1314 1150.6172
1743735408.2355 1150.6172
1743735408.3398 1150.6172
1743735408.4439 1150.6172
1743735408.5481 1150.6172
1743735408.6524 1150.6172
1743735408.7565 1150.6172
1743735408.8608 1150.6172
1743735408.9650 1150.6172
1743735409.0692 1152.1641
1743735409.1734 1152.1641
1743735409.2775 1152.1641
1743735409.3818 1152.1641
1743735409.4859 1152.1641
1743735409.5900 1152.1641
1743735409.6942 1152.1641
1743735409.7984 1152.1641
1743735409.9025 1152.9375
1743735410.0067 1152.9375
1743735410.1109 1152.9375
1743735410.2150 1152.9375
1743735410.3192 1152.9375
1743735410.4233 1152.9375
1743735410.5275 1152.9375
1743735410.6316 1152.9375
1743735410.7357 1152.9375
1743735410.8399 1152.9375
1743735410.9442 1153.4531
1743735411.0483 1156.8047
1743735411.1524 1156.8047
1743735411.2567 1156.8047
1743735411.3607 1156.8047
1743735411.4650 1156.8047
1743735411.5693 1158.8672
1743735411.6734 1158.8672
1743735411.7776 1158.8672
1743735411.8818 1159.1250
1743735411.9861 1159.1250
1743735412.0901 1159.1250
1743735412.1943 1159.1250
1743735412.2986 1159.1250
1743735412.4028 1161.7031
1743735412.5068 1161.7031
1743735412.6109 1161.7031
1743735412.7150 1161.7031
1743735412.8191 1161.7031
1743735412.9234 1161.7031
1743735413.0276 1161.7031
1743735413.1314 1161.7031
1743735413.2358 1161.7031
1743735413.3396 1161.7031
1743735413.4438 1161.7031
1743735413.5478 1162.4766
1743735413.6519 1162.4766
1743735413.7560 1162.7344
1743735413.8603 1165.3125
1743735413.9643 1165.3125
1743735414.0685 1165.3125
1743735414.1726 1165.3125
1743735414.2767 1168.1484
1743735414.3808 1168.1484
1743735414.4849 1168.4062
1743735414.5890 1168.4062
1743735414.6931 1168.4062
1743735414.7971 1169.9531
1743735414.9013 1169.9531
1743735415.0054 1169.9531
1743735415.1096 1169.9531
1743735415.2137 1172.0156
1743735415.3178 1172.0156
1743735415.4219 1172.0156
1743735415.5260 1172.0156
1743735415.6301 1172.0156
1743735415.7343 1172.0156
1743735415.8384 1172.0156
1743735415.9425 1172.0156
1743735416.0468 1173.0469
1743735416.1509 1173.0469
1743735416.2550 1173.0469
1743735416.3592 1175.6250
1743735416.4633 1175.6250
1743735416.5674 1175.6250
1743735416.6715 1175.6250
1743735416.7760 1175.6250
1743735416.8798 1175.6250
1743735416.9840 1175.6250
1743735417.0881 1175.6250
1743735417.1922 1175.6250
1743735417.2964 1176.9141
1743735417.4005 1176.9141
1743735417.5047 1176.9141
1743735417.6093 1176.9141
1743735417.7129 1178.4609
1743735417.8171 1178.4609
1743735417.9211 1178.4609
1743735418.0253 1178.4609
1743735418.1297 1178.4609
1743735418.2337 1178.4609
1743735418.3378 1178.4609
1743735418.4420 1178.4609
1743735418.5462 1180.2656
1743735418.6504 1180.2656
1743735418.7546 1180.2656
1743735418.8589 1180.2656
1743735418.9631 1181.0391
1743735419.0675 1181.0391
1743735419.1718 1181.0391
1743735419.2760 1181.0391
1743735419.3804 1181.0391
1743735419.4848 1181.0391
1743735419.5892 1181.0391
1743735419.6934 1181.0391
1743735419.7977 1181.0391
1743735419.9020 1181.0391
1743735420.0063 1181.0391
1743735420.1105 1181.0391
1743735420.2146 1183.3594
1743735420.3189 1183.3594
1743735420.4230 1183.3594
1743735420.5271 1183.3594
1743735420.6313 1183.3594
1743735420.7354 1183.3594
1743735420.8396 1185.4219
1743735420.9437 1185.4219
1743735421.0478 1185.4219
1743735421.1519 1185.4219
1743735421.2560 1185.4219
1743735421.3602 1185.4219
1743735421.4644 1185.4219
1743735421.5686 1185.4219
1743735421.6728 1185.4219
1743735421.7769 1185.4219
1743735421.8811 1185.4219
1743735421.9854 1185.4219
1743735422.0895 1185.4219
1743735422.1938 1188.5156
1743735422.2980 1188.5156
1743735422.4023 1188.5156
1743735422.5065 1188.5156
1743735422.6106 1188.5156
1743735422.7151 1188.5156
1743735422.8191 1188.5156
1743735422.9234 1189.0312
1743735423.0277 1189.0312
1743735423.1319 1189.0312
1743735423.2362 1189.8047
1743735423.3404 1189.8047
1743735423.4447 1189.8047
1743735423.5490 1192.1250
1743735423.6533 1192.1250
1743735423.7576 1192.1250
1743735423.8617 1192.1250
1743735423.9659 1192.1250
1743735424.0702 1192.1250
1743735424.1743 1193.9297
1743735424.2785 1193.9297
1743735424.3830 1193.9297
1743735424.4869 1193.9297
1743735424.5912 1194.4453
1743735424.6953 1194.4453
1743735424.7996 1194.4453
1743735424.9037 1194.4453
1743735425.0079 1194.4453
1743735425.1122 1195.7344
1743735425.2165 1195.7344
1743735425.3207 1195.7344
1743735425.4249 1195.7344
1743735425.5291 1195.7344
1743735425.6333 1198.0547
1743735425.7376 1198.0547
1743735425.8418 1198.0547
1743735425.9460 1198.0547
1743735426.0504 1198.0547
1743735426.1546 1198.0547
1743735426.2588 1200.1172
1743735426.3631 1200.1172
1743735426.4672 1200.1172
1743735426.5714 1200.1172
1743735426.6755 1201.1484
1743735426.7798 1201.1484
1743735426.8839 1201.1484
1743735426.9881 1203.7266
1743735427.0924 1203.7266
1743735427.1966 1203.7266
1743735427.3009 1203.7266
1743735427.4051 1203.7266
1743735427.5094 1203.7266
1743735427.6141 1203.7266
1743735427.7179 1205.2734
1743735427.8222 1205.2734
1743735427.9264 1205.2734
1743735428.0305 1205.2734
1743735428.1348 1207.0781
1743735428.2390 1207.0781
1743735428.3433 1207.0781
1743735428.4475 1207.0781
1743735428.5518 1207.0781
1743735428.6561 1207.0781
1743735428.7603 1207.8516
1743735428.8645 1207.8516
1743735428.9688 1207.8516
1743735429.0731 1209.9141
1743735429.1774 1209.9141
1743735429.2814 1209.9141
1743735429.3857 1209.9141
1743735429.4899 1210.6875
1743735429.5940 1210.6875
1743735429.6982 1210.6875
1743735429.8024 1213.7812
1743735429.9065 1213.7812
1743735430.0109 1213.7812
1743735430.1150 1213.7812
1743735430.2191 1213.7812
1743735430.3235 1214.2969
1743735430.4275 1214.2969
1743735430.5315 1214.2969
1743735430.6357 1216.3594
1743735430.7399 1216.3594
1743735430.8440 1216.3594
1743735430.9481 1216.3594
1743735431.0523 1216.3594
1743735431.1564 1216.8750
1743735431.2605 1219.9688
1743735431.3646 1219.9688
1743735431.4689 1219.9688
1743735431.5730 1221.5156
1743735431.6772 1221.5156
1743735431.7814 1223.3203
1743735431.8855 1223.3203
1743735431.9898 1225.3828
1743735432.0942 1225.3828
1743735432.1984 1226.9297
1743735432.3024 1226.9297
1743735432.4065 1228.2188
1743735432.5106 1228.2188
1743735432.6148 1229.7656
1743735432.7189 1229.7656
1743735432.8232 1231.3125
1743735432.9273 1231.3125
1743735433.0315 1232.8594
1743735433.1357 1232.8594
1743735433.2399 1234.6641
1743735433.3440 1234.6641
1743735433.4483 1235.9531
1743735433.5525 1235.9531
1743735433.6566 1237.5000
1743735433.7608 1237.5000
1743735433.8649 1239.0469
1743735433.9690 1239.0469
1743735434.0732 1240.3359
1743735434.1774 1240.3359
1743735434.2814 1241.6250
1743735434.3857 1241.6250
1743735434.4898 1243.1719
1743735434.5939 1243.1719
1743735434.6980 1244.9766
1743735434.8023 1244.9766
1743735434.9064 1246.7812
1743735435.0105 1246.7812
1743735435.1150 1248.5859
1743735435.2197 1248.5859
1743735435.3237 1250.1328
1743735435.4271 1250.1328
1743735435.5312 1251.6797
1743735435.6353 1251.6797
1743735435.7394 1253.2266
1743735435.8435 1253.2266
1743735435.9477 1254.7734
1743735436.0518 1254.7734
1743735436.1559 1256.0625
1743735436.2600 1256.0625
1743735436.3641 1257.0938
1743735436.4683 1257.0938
1743735436.5724 1257.0938
1743735436.6765 1257.0938
1743735436.7806 1258.8984
1743735436.8848 1258.8984
1743735436.9889 1260.9609
1743735437.0930 1260.9609
1743735437.1972 1261.9922
1743735437.3015 1261.9922
1743735437.4056 1263.2812
1743735437.5097 1263.2812
1743735437.6139 1264.8281
1743735437.7181 1264.8281
1743735437.8222 1266.3750
1743735437.9263 1266.3750
1743735438.0305 1268.1797
1743735438.1346 1268.1797
1743735438.2388 1269.9844
1743735438.3429 1269.9844
1743735438.4470 1271.7891
1743735438.5511 1271.7891
1743735438.6553 1273.3359
1743735438.7598 1273.3359
1743735438.8636 1275.1406
1743735438.9679 1275.1406
1743735439.0718 1276.9453
1743735439.1759 1276.9453
1743735439.2801 1278.4922
1743735439.3841 1278.4922
1743735439.4882 1280.0391
1743735439.5923 1280.0391
1743735439.6964 1281.3281
1743735439.8005 1281.3281
1743735439.9047 1282.6172
1743735440.0087 1282.6172
1743735440.1130 1283.9062
1743735440.2170 1283.9062
1743735440.3211 1285.4531
1743735440.4250 1285.4531
1743735440.5294 1287.0000
1743735440.6334 1287.0000
1743735440.7374 1288.8047
1743735440.8415 1288.8047
1743735440.9461 1290.3516
1743735441.0498 1290.3516
1743735441.1539 1291.8984
1743735441.2580 1291.8984
1743735441.3622 1293.4453
1743735441.4663 1293.4453
1743735441.5705 1294.9922
1743735441.6746 1294.9922
1743735441.7787 1296.5391
1743735441.8829 1296.5391
1743735441.9870 1298.0859
1743735442.0909 1298.0859
1743735442.1952 1299.3750
1743735442.2992 1299.3750
1743735442.4033 1300.6641
1743735442.5073 1300.6641
1743735442.6114 1302.2109
1743735442.7169 1302.2109
1743735442.8197 1303.5000
1743735442.9238 1303.5000
1743735443.0280 1305.0469
1743735443.1321 1305.0469
1743735443.2362 1306.5938
1743735443.3403 1306.5938
1743735443.4444 1309.1719
1743735443.5485 1309.1719
1743735443.6527 1309.1719
1743735443.7568 1311.7500
1743735443.8609 1311.7500
1743735443.9652 1312.5234
1743735444.0697 1312.5234
1743735444.1738 1314.0703
1743735444.2776 1314.0703
1743735444.3817 1315.6172
1743735444.4858 1315.6172
1743735444.5900 1317.1641
1743735444.6940 1317.1641
1743735444.7981 1318.4531
1743735444.9022 1318.4531
1743735445.0064 1319.4844
1743735445.1103 1319.4844
1743735445.2143 1320.2578
1743735445.3184 1320.2578
1743735445.4226 1321.2891
1743735445.5265 1321.2891
1743735445.6307 1321.2891
1743735445.7348 1321.5469
1743735445.8389 1323.8672
1743735445.9430 1323.8672
1743735446.0472 1326.7031
1743735446.1513 1326.7031
1743735446.2556 1326.7031
1743735446.3596 1328.2500
1743735446.4640 1328.2500
1743735446.5684 1329.2812
1743735446.6728 1329.2812
1743735446.7770 1330.8281
1743735446.8812 1330.8281
1743735446.9854 1332.6328
1743735447.0899 1332.6328
1743735447.1941 1334.4375
1743735447.2986 1334.4375
1743735447.4028 1336.2422
1743735447.5072 1336.2422
1743735447.6115 1338.0469
1743735447.7158 1338.0469
1743735447.8204 1339.8516
1743735447.9244 1339.8516
1743735448.0287 1341.6562
1743735448.1329 1341.6562
1743735448.2373 1343.2031
1743735448.3416 1343.2031
1743735448.4459 1344.7500
1743735448.5502 1344.7500
1743735448.6544 1346.2969
1743735448.7587 1346.2969
1743735448.8629 1347.5859
1743735448.9671 1347.5859
1743735449.0713 1349.1328
1743735449.1755 1349.1328
1743735449.2797 1350.4219
1743735449.3839 1350.4219
1743735449.4882 1351.4531
1743735449.5923 1351.4531
1743735449.6964 1351.4531
1743735449.8005 1351.4531
1743735449.9047 1353.5156
1743735450.0086 1353.5156
1743735450.1128 1353.5156
1743735450.2168 1353.5156
1743735450.3208 1355.5781
1743735450.4248 1355.5781
1743735450.5287 1357.8984
1743735450.6326 1357.8984
1743735450.7367 1358.6719
1743735450.8405 1358.6719
1743735450.9445 1359.9609
1743735451.0485 1359.9609
1743735451.1524 1361.2500
1743735451.2563 1361.2500
1743735451.3603 1362.5391
1743735451.4643 1362.5391
1743735451.5682 1363.8281
1743735451.6722 1363.8281
1743735451.7762 1364.8594
1743735451.8802 1364.8594
1743735451.9842 1366.1484
1743735452.0883 1366.1484
1743735452.1924 1367.4375
1743735452.2966 1367.4375
1743735452.4008 1368.9844
1743735452.5049 1368.9844
1743735452.6090 1370.2734
1743735452.7131 1370.2734
1743735452.8173 1371.5625
1743735452.9214 1371.5625
1743735453.0257 1372.8516
1743735453.1300 1372.8516
1743735453.2342 1374.3984
1743735453.3390 1374.3984
1743735453.4428 1375.6875
1743735453.5473 1375.6875
1743735453.6514 1376.9766
1743735453.7557 1376.9766
1743735453.8600 1378.5234
1743735453.9643 1378.5234
1743735454.0687 1380.3281
1743735454.1727 1380.3281
1743735454.2769 1381.8750
1743735454.3813 1381.8750
1743735454.4852 1383.4219
1743735454.5894 1383.4219
1743735454.6956 1384.9688
1743735454.7975 1384.9688
1743735454.9021 1386.5156
1743735455.0065 1386.5156
1743735455.1104 1387.8047
1743735455.2139 1387.8047
1743735455.3181 1389.0938
1743735455.4222 1389.0938
1743735455.5263 1390.6406
1743735455.6304 1390.6406
1743735455.7350 1391.9297
1743735455.8388 1391.9297
1743735455.9432 1393.2188
1743735456.0476 1393.2188
1743735456.1520 1394.5078
1743735456.2562 1394.5078
1743735456.3605 1395.5391
1743735456.4647 1395.5391
1743735456.5688 1396.3125
1743735456.6730 1396.3125
1743735456.7773 1397.3438
1743735456.8816 1397.3438
1743735456.9858 1397.6016
1743735457.0900 1397.6016
1743735457.1943 1398.3750
1743735457.2987 1400.6953
1743735457.4030 1400.6953
1743735457.5074 1401.7266
1743735457.6117 1401.7266
1743735457.7160 1403.7891
1743735457.8202 1403.7891
1743735457.9246 1404.8203
1743735458.0288 1404.8203
1743735458.1331 1406.1094
1743735458.2373 1406.1094
1743735458.3415 1407.6562
1743735458.4458 1407.6562
1743735458.5500 1409.2031
1743735458.6544 1409.2031
1743735458.7586 1410.7500
1743735458.8627 1410.7500
1743735458.9669 1412.5547
1743735459.0710 1412.5547
1743735459.1753 1414.3594
1743735459.2795 1414.3594
1743735459.3837 1416.4219
1743735459.4879 1416.4219
1743735459.5920 1417.9688
1743735459.6962 1417.9688
1743735459.8005 1419.7734
1743735459.9045 1419.7734
1743735460.0088 1421.5781
1743735460.1130 1421.5781
1743735460.2173 1423.1250
1743735460.3213 1423.1250
1743735460.4256 1424.9297
1743735460.5297 1424.9297
1743735460.6340 1426.4766
1743735460.7381 1426.4766
1743735460.8423 1428.2812
1743735460.9464 1428.2812
1743735461.0506 1430.8594
1743735461.1547 1430.8594
1743735461.2589 1430.8594
1743735461.3629 1432.6641
1743735461.4670 1432.6641
1743735461.5712 1434.4688
1743735461.6753 1434.4688
1743735461.7794 1436.2734
1743735461.8835 1436.2734
1743735461.9875 1438.0781
1743735462.0917 1438.0781
1743735462.1958 1439.8828
1743735462.3000 1439.8828
1743735462.4043 1442.7188
1743735462.5082 1442.7188
1743735462.6124 1442.9766
1743735462.7165 1445.5547
1743735462.8207 1445.5547
1743735462.9250 1447.6172
1743735463.0293 1447.6172
1743735463.1334 1449.6797
1743735463.2375 1449.6797
1743735463.3417 1452.5156
1743735463.4458 1452.5156
1743735463.5499 1452.5156
1743735463.6541 1455.3516
1743735463.7582 1455.3516
1743735463.8623 1455.3516
1743735463.9664 1459.7344
1743735464.0705 1459.7344
1743735464.1748 1459.7344
1743735464.2789 1461.0234
1743735464.3831 1461.0234
1743735464.4872 1461.0234
1743735464.5914 1461.0234
1743735464.6958 1463.0859
1743735464.7997 1463.0859
1743735464.9038 1464.6328
1743735465.0080 1464.6328
1743735465.1121 1465.4062
1743735465.2163 1465.4062
1743735465.3204 1466.6953
1743735465.4246 1469.0156
1743735465.5287 1469.0156
1743735465.6329 1471.0781
1743735465.7371 1471.0781
1743735465.8412 1473.6562
1743735465.9454 1473.6562
1743735466.0496 1473.6562
1743735466.1538 1475.4609
1743735466.2580 1475.4609
1743735466.3622 1477.5234
1743735466.4663 1477.5234
1743735466.5706 1479.5859
1743735466.6747 1479.5859
1743735466.7790 1482.1641
1743735466.8832 1482.1641
1743735466.9875 1482.6797
1743735467.0917 1485.2578
1743735467.1959 1485.2578
1743735467.3002 1487.0625
1743735467.4044 1487.0625
1743735467.5087 1488.8672
1743735467.6130 1488.8672
1743735467.7172 1490.9297
1743735467.8213 1490.9297
1743735467.9255 1492.9922
1743735468.0296 1492.9922
1743735468.1337 1495.0547
1743735468.2378 1495.0547
1743735468.3419 1496.0859
1743735468.4461 1496.0859
1743735468.5502 1497.8906
1743735468.6542 1497.8906
1743735468.7582 1499.4375
1743735468.8622 1499.4375
1743735468.9662 1501.2422
1743735469.0702 1501.2422
1743735469.1743 1504.0781
1743735469.2783 1504.0781
1743735469.3822 1505.1094
1743735469.4862 1508.4609
1743735469.5904 1508.4609
1743735469.6946 1508.4609
1743735469.7983 1510.7812
1743735469.9023 1510.7812
1743735470.0061 1511.2969
1743735470.1101 1514.3906
1743735470.2141 1519.0312
1743735470.3181 1519.0312
1743735470.4222 1519.0312
1743735470.5262 1519.2891
1743735470.6301 1519.2891
1743735470.7341 1520.3203
1743735470.8381 1523.6719
1743735470.9420 1523.6719
1743735471.0461 1523.6719
1743735471.1501 1525.4766
1743735471.2541 1525.4766
1743735471.3582 1525.4766
1743735471.4622 1525.7344
1743735471.5662 1529.3438
1743735471.6705 1529.3438
1743735471.7747 1529.8594
1743735471.8783 1532.4375
1743735471.9827 1532.4375
1743735472.0866 1534.5000
1743735472.1907 1534.5000
1743735472.2949 1534.5000
1743735472.3991 1534.5000
1743735472.5037 1536.8203
1743735472.6077 1536.8203
1743735472.7119 1538.3672
1743735472.8162 1538.3672
1743735472.9204 1540.4297
1743735473.0247 1540.4297
1743735473.1292 1543.0078
1743735473.2332 1543.0078
1743735473.3373 1543.0078
1743735473.4416 1546.3594
1743735473.5474 1546.3594
1743735473.6500 1546.3594
1743735473.7542 1548.1641
1743735473.8585 1548.1641
1743735473.9626 1551.0000
1743735474.0669 1551.0000
1743735474.1712 1551.0000
1743735474.2752 1553.0625
1743735474.3794 1553.0625
1743735474.4837 1555.8984
1743735474.5878 1555.8984
1743735474.6921 1556.6719
1743735474.7964 1560.0234
1743735474.9004 1560.0234
1743735475.0044 1560.0234
1743735475.1086 1562.3438
1743735475.2126 1562.3438
1743735475.3167 1562.3438
1743735475.4209 1564.1484
1743735475.5249 1564.1484
1743735475.6289 1566.9844
1743735475.7329 1566.9844
1743735475.8371 1567.5000
1743735475.9411 1570.0781
1743735476.0452 1570.0781
1743735476.1493 1571.3672
1743735476.2533 1571.3672
1743735476.3574 1574.2031
1743735476.4615 1574.2031
1743735476.5656 1574.9766
1743735476.6696 1578.3281
1743735476.7736 1578.3281
1743735476.8776 1578.3281
1743735476.9816 1581.9375
1743735477.0856 1581.9375
1743735477.1896 1584.2578
1743735477.2936 1584.2578
1743735477.3977 1585.8047
1743735477.5017 1585.8047
1743735477.6057 1587.3516
1743735477.7099 1587.3516
1743735477.8138 1587.8672
1743735477.9180 1589.6719
1743735478.0250 1589.6719
1743735478.1262 1591.2188
1743735478.2303 1593.0234
1743735478.3347 1593.0234
1743735478.4387 1594.3125
1743735478.5426 1596.8906
1743735478.6465 1596.8906
1743735478.7507 1598.9531
1743735478.8547 1598.9531
1743735478.9587 1601.0156
1743735479.0628 1601.0156
1743735479.1674 1603.0781
1743735479.2708 1603.0781
1743735479.3749 1606.1719
1743735479.4789 1606.1719
1743735479.5828 1607.2031
1743735479.6869 1608.4922
1743735479.7909 1613.1328
1743735479.8956 1613.1328
1743735479.9991 1613.1328
1743735480.1032 1613.3906
1743735480.2073 1613.3906
1743735480.3115 1614.1641
1743735480.4156 1616.7422
1743735480.5197 1616.7422
1743735480.6239 1619.8359
1743735480.7280 1619.8359
1743735480.8321 1619.8359
1743735480.9362 1623.1875
1743735481.0404 1623.4453
1743735481.1445 1623.4453
1743735481.2486 1627.0547
1743735481.3527 1627.0547
1743735481.4568 1627.0547
1743735481.5610 1630.4062
1743735481.6651 1630.4062
1743735481.7692 1632.2109
1743735481.8733 1632.9844
1743735481.9774 1637.6250
1743735482.0815 1637.6250
1743735482.1856 1637.6250
1743735482.2898 1637.6250
1743735482.3939 1637.6250
1743735482.4981 1638.6562
1743735482.6022 1642.0078
1743735482.7080 1642.0078
1743735482.8106 1642.0078
1743735482.9149 1645.6172
1743735483.0191 1645.6172
1743735483.1239 1645.6172
1743735483.2276 1648.9688
1743735483.3317 1648.9688
1743735483.4360 1651.0312
1743735483.5401 1651.5469
1743735483.6442 1656.4453
1743735483.7483 1656.4453
1743735483.8527 1656.4453
1743735483.9567 1656.4453
1743735484.0610 1656.4453
1743735484.1652 1657.2188
1743735484.2694 1659.7969
1743735484.3739 1659.7969
1743735484.4782 1661.6016
1743735484.5826 1661.6016
1743735484.6869 1663.9219
1743735484.7913 1663.9219
1743735484.8958 1667.0156
1743735485.0002 1667.0156
1743735485.1047 1668.5625
1743735485.2137 1669.3359
1743735485.3135 1669.3359
1743735485.4177 1670.8828
1743735485.5224 1671.3984
1743735485.6264 1675.5234
1743735485.7306 1675.5234
1743735485.8349 1675.5234
1743735485.9391 1677.8438
1743735486.0434 1678.6172
1743735486.1477 1678.6172
1743735486.2519 1679.9062
1743735486.3562 1683.5156
1743735486.4605 1683.5156
1743735486.5646 1683.7734
1743735486.6688 1687.3828
1743735486.7732 1687.3828
1743735486.8772 1687.8984
1743735486.9814 1691.5078
1743735487.0858 1691.5078
1743735487.1897 1692.0234
1743735487.2938 1695.3750
1743735487.3980 1695.3750
1743735487.5021 1695.8906
1743735487.6062 1699.5000
1743735487.7102 1699.5000
1743735487.8142 1700.0156
1743735487.9183 1703.6250
1743735488.0223 1703.6250
1743735488.1263 1704.1406
1743735488.2302 1707.7500
1743735488.3342 1707.7500
1743735488.4384 1708.5234
1743735488.5423 1712.1328
1743735488.6462 1712.1328
1743735488.7502 1712.3906
1743735488.8542 1716.0000
1743735488.9586 1716.0000
1743735489.0624 1716.2578
1743735489.1664 1719.8672
1743735489.2703 1719.8672
1743735489.3744 1720.1250
1743735489.4784 1723.7344
1743735489.5825 1723.7344
1743735489.6866 1723.7344
1743735489.7906 1727.0859
1743735489.8946 1727.0859
1743735489.9986 1728.1172
1743735490.1027 1729.4062
1743735490.2071 1729.4062
1743735490.3109 1731.5078
1743735490.4148 1732.7969
1743735490.5188 1737.6953
1743735490.6230 1737.6953
1743735490.7270 1737.6953
1743735490.8311 1737.6953
1743735490.9351 1737.6953
1743735491.0392 1738.9844
1743735491.1434 1741.5625
1743735491.2475 1741.5625
1743735491.3516 1743.8828
1743735491.4557 1743.8828
1743735491.5599 1743.8828
1743735491.6642 1746.2031
1743735491.7684 1751.1016
1743735491.8726 1751.1016
1743735491.9771 1751.1016
1743735492.0816 1751.1016
1743735492.1850 1751.1016
1743735492.2891 1751.8750
1743735492.3931 1755.4844
1743735492.4972 1755.4844
1743735492.6014 1755.4844
1743735492.7055 1756.7734
1743735492.8096 1756.7734
1743735492.9136 1758.8359
1743735493.0177 1758.8359
1743735493.1217 1760.6406
1743735493.2258 1760.6406
1743735493.3299 1761.9297
1743735493.4341 1761.9297
1743735493.5382 1764.7656
1743735493.6424 1764.7656
1743735493.7465 1764.7656
1743735493.8507 1767.6016
1743735493.9548 1767.6016
1743735494.0592 1767.6016
1743735494.1634 1769.4062
1743735494.2677 1769.4062
1743735494.3719 1771.4688
1743735494.4758 1771.4688
1743735494.5802 1774.5625
1743735494.6843 1774.5625
1743735494.7884 1774.5625
1743735494.8926 1777.6562
1743735494.9966 1777.6562
1743735495.1007 1777.6562
1743735495.2048 1780.7500
1743735495.3090 1780.7500
1743735495.4130 1781.0078
1743735495.5171 1783.5859
1743735495.6242 1783.5859
1743735495.7254 1786.6797
1743735495.8294 1786.6797
1743735495.9334 1786.6797
1743735496.0375 1789.0000
1743735496.1416 1789.0000
1743735496.2456 1791.0625
1743735496.3496 1791.0625
1743735496.4537 1793.8984
1743735496.5578 1793.8984
1743735496.6619 1793.8984
1743735496.7657 1795.9609
1743735496.8697 1796.9922
1743735496.9737 1798.7969
1743735497.0777 1798.7969
1743735497.1818 1799.5703
1743735497.2857 1801.3750
1743735497.3897 1805.2422
1743735497.4938 1805.2422
1743735497.5979 1806.0156
1743735497.7018 1810.6562
1743735497.8062 1810.6562
1743735497.9104 1810.6562
1743735498.0139 1812.7188
1743735498.1179 1812.7188
1743735498.2218 1812.7188
1743735498.3260 1815.0391
1743735498.4300 1815.0391
1743735498.5340 1815.0391
1743735498.6380 1817.6172
1743735498.7419 1817.6172
1743735498.8461 1818.3906
1743735498.9501 1821.7422
1743735499.0541 1821.7422
1743735499.1584 1821.7422
1743735499.2630 1823.0312
1743735499.3671 1823.0312
1743735499.4703 1826.1250
1743735499.5743 1826.1250
1743735499.6784 1826.6406
1743735499.7824 1829.9922
1743735499.8865 1829.9922
1743735499.9905 1829.9922
1743735500.0946 1832.0547
1743735500.1986 1832.0547
1743735500.3027 1832.8281
1743735500.4067 1835.1484
1743735500.5108 1835.1484
1743735500.6148 1837.4688
1743735500.7199 1837.4688
1743735500.8230 1839.2734
1743735500.9271 1839.2734
1743735501.0312 1839.2734
1743735501.1352 1842.8828
1743735501.2394 1843.9141
1743735501.3435 1844.4297
1743735501.4476 1844.4297
1743735501.5518 1845.2031
1743735501.6559 1849.8438
1743735501.7600 1849.8438
1743735501.8641 1849.8438
1743735501.9683 1849.8438
1743735502.0725 1849.8438
1743735502.1767 1849.8438
1743735502.2811 1852.1641
1743735502.3853 1852.1641
1743735502.4893 1852.1641
1743735502.5936 1854.7422
1743735502.6978 1854.7422
1743735502.8020 1854.7422
1743735502.9062 1857.3203
1743735503.0103 1857.3203
1743735503.1146 1857.3203
1743735503.2187 1859.3828
1743735503.3230 1859.3828
1743735503.4271 1859.3828
1743735503.5312 1860.6719
1743735503.6353 1860.6719
1743735503.7395 1862.7344
1743735503.8435 1862.7344
1743735503.9476 1863.2500
1743735504.0516 1863.2500
1743735504.1556 1863.2500
1743735504.2596 1865.0547
1743735504.3636 1865.0547
1743735504.4676 1866.8594
1743735504.5716 1866.8594
1743735504.6757 1866.8594
1743735504.7798 1866.8594
1743735504.8840 1868.6641
1743735504.9882 1868.6641
1743735505.0925 1868.6641
1743735505.1967 1868.6641
1743735505.3011 1870.7266
1743735505.4053 1870.7266
1743735505.5096 1870.7266
1743735505.6138 1870.7266
1743735505.7182 1870.7266
1743735505.8225 1870.7266
1743735505.9266 1873.0469
1743735506.0308 1873.0469
1743735506.1352 1873.0469
1743735506.2395 1873.0469
1743735506.3437 1875.1094
1743735506.4480 1875.1094
1743735506.5522 1875.1094
1743735506.6563 1875.1094
1743735506.7606 1877.1719
1743735506.8648 1877.1719
1743735506.9691 1877.1719
1743735507.0733 1877.1719
1743735507.1776 1878.9766
1743735507.2818 1878.9766
1743735507.3861 1878.9766
1743735507.4903 1878.9766
1743735507.5945 1879.7500
1743735507.6987 1879.7500
1743735507.8030 1879.7500
1743735507.9072 1881.2969
1743735508.0115 1881.2969
1743735508.1156 1881.2969
1743735508.2198 1881.2969
1743735508.3241 1883.1016
1743735508.4283 1883.1016
1743735508.5326 1883.1016
1743735508.6368 1883.1016
1743735508.7410 1884.9062
1743735508.8452 1884.9062
1743735508.9495 1884.9062
1743735509.0536 1884.9062
1743735509.1578 1884.9062
1743735509.2620 1884.9062
1743735509.3662 1884.9062
1743735509.4705 1884.9062
1743735509.5746 1887.4844
1743735509.6788 1887.4844
1743735509.7831 1889.2891
1743735509.8872 1889.2891
1743735509.9915 1890.0625
1743735510.0957 1890.0625
1743735510.1998 1890.0625
1743735510.3041 1890.0625
1743735510.4083 1890.0625
1743735510.5125 1890.0625
1743735510.6167 1890.0625
1743735510.7210 1891.3516
1743735510.8251 1891.3516
1743735510.9293 1891.3516
1743735511.0336 1891.3516
1743735511.1378 1891.3516
1743735511.2420 1891.3516
1743735511.3462 1891.3516
1743735511.4503 1891.3516
1743735511.5546 1893.6719
1743735511.6587 1893.6719
1743735511.7630 1893.6719
1743735511.8671 1893.6719
1743735511.9714 1895.4766
1743735512.0755 1895.4766
1743735512.1797 1895.4766
1743735512.2838 1895.4766
1743735512.3881 1895.4766
1743735512.4922 1895.4766
1743735512.5965 1895.4766
1743735512.7006 1895.4766
1743735512.8048 1895.4766
1743735512.9090 1895.4766
1743735513.0131 1895.4766
1743735513.1171 1895.9922
1743735513.2212 1898.5703
1743735513.3252 1898.5703
1743735513.4292 1898.5703
1743735513.5331 1898.5703
1743735513.6371 1898.5703
1743735513.7410 1898.5703
1743735513.8447 1899.0859
1743735513.9486 1899.0859
1743735514.0525 1899.0859
1743735514.1562 1899.0859
1743735514.2601 1899.0859
1743735514.3640 1899.0859
1743735514.4677 1901.1484
1743735514.5715 1901.1484
1743735514.6753 1901.1484
1743735514.7792 1903.9844
1743735514.8831 1903.9844
1743735514.9870 1903.9844
1743735515.0910 1903.9844
1743735515.1950 1903.9844
1743735515.2991 1903.9844
1743735515.4031 1903.9844
1743735515.5072 1903.9844
1743735515.6115 1903.9844
1743735515.7157 1903.9844
1743735515.8200 1903.9844
1743735515.9242 1903.9844
1743735516.0285 1903.9844
1743735516.1327 1903.9844
1743735516.2368 1903.9844
1743735516.3412 1903.9844
1743735516.4455 1904.2422
1743735516.5497 1904.2422
1743735516.6540 1904.7578
1743735516.7583 1904.7578
1743735516.8627 1905.2734
1743735516.9671 1905.2734
1743735517.0715 1905.7891
1743735517.1760 1905.7891
1743735517.2804 1905.7891
1743735517.3848 1906.3047
1743735517.4892 1906.3047
1743735517.5936 1908.3672
1743735517.6980 1908.3672
1743735517.8022 1908.3672
1743735517.9065 1908.3672
1743735518.0107 1908.3672
1743735518.1151 1908.3672
1743735518.2192 1908.3672
1743735518.3235 1908.3672
1743735518.4277 1910.9453
1743735518.5320 1910.9453
1743735518.6361 1910.9453
1743735518.7403 1910.9453
1743735518.8445 1910.9453
1743735518.9486 1910.9453
1743735519.0529 1910.9453
1743735519.1570 1910.9453
1743735519.2611 1910.9453
1743735519.3652 1910.9453
1743735519.4695 1913.0078
1743735519.5736 1913.0078
1743735519.6777 1913.0078
1743735519.7818 1913.0078
1743735519.8860 1913.0078
1743735519.9902 1913.0078
1743735520.0943 1913.0078
1743735520.1985 1913.0078
1743735520.3026 1915.0703
1743735520.4066 1915.0703
1743735520.5107 1915.8438
1743735520.6148 1915.8438
1743735520.7191 1917.9062
1743735520.8232 1917.9062
1743735520.9273 1919.7109
1743735521.0315 1919.7109
1743735521.1356 1919.7109
1743735521.2397 1919.7109
1743735521.3438 1920.2266
1743735521.4480 1920.2266
1743735521.5521 1920.2266
1743735521.6562 1920.2266
1743735521.7603 1920.2266
1743735521.8645 1920.2266
1743735521.9686 1920.2266
1743735522.0728 1922.8047
1743735522.1770 1922.8047
1743735522.2811 1924.8672
1743735522.3853 1924.8672
1743735522.4895 1924.8672
1743735522.5936 1924.8672
1743735522.6977 1924.8672
1743735522.8018 1924.8672
1743735522.9060 1924.8672
1743735523.0101 1924.8672
1743735523.1142 1927.1875
1743735523.2185 1927.1875
1743735523.3226 1927.1875
1743735523.4267 1927.1875
1743735523.5308 1927.1875
1743735523.6350 1927.1875
1743735523.7392 1927.1875
1743735523.8433 1927.1875
1743735523.9475 1928.9922
1743735524.0516 1928.9922
1743735524.1558 1928.9922
1743735524.2600 1928.9922
1743735524.3642 1928.9922
1743735524.4683 1928.9922
1743735524.5726 1928.9922
1743735524.6767 1928.9922
1743735524.7808 1928.9922
1743735524.8850 1928.9922
1743735524.9891 1928.9922
1743735525.0932 1928.9922
1743735525.1975 1928.9922
1743735525.3016 1928.9922
1743735525.4057 1931.3125
1743735525.5098 1931.3125
1743735525.6140 1931.3125
1743735525.7181 1931.3125
1743735525.8223 1931.3125
1743735525.9265 1931.3125
1743735526.0306 1933.3750
1743735526.1348 1933.3750
1743735526.2391 1933.3750
1743735526.3432 1933.3750
1743735526.4475 1933.3750
1743735526.5516 1933.3750
1743735526.6557 1935.6953
1743735526.7598 1935.6953
1743735526.8640 1935.6953
1743735526.9682 1935.6953
1743735527.0724 1935.6953
1743735527.1765 1935.6953
1743735527.2806 1935.6953
1743735527.3847 1935.6953
1743735527.4888 1937.5000
1743735527.5930 1937.5000
1743735527.6971 1937.5000
1743735527.8012 1937.7578
1743735527.9053 1941.1094
1743735528.0096 1941.1094
1743735528.1137 1941.1094
1743735528.2178 1943.6875
1743735528.3220 1943.6875
1743735528.4261 1943.6875
1743735528.5302 1943.6875
1743735528.6343 1943.6875
1743735528.7385 1943.6875
1743735528.8426 1943.6875
1743735528.9467 1945.2344
1743735529.0508 1945.2344
1743735529.1551 1945.2344
1743735529.2592 1945.2344
1743735529.3635 1947.2969
1743735529.4676 1947.2969
1743735529.5717 1947.2969
1743735529.6760 1947.2969
1743735529.7801 1949.6172
1743735529.8842 1949.6172
1743735529.9885 1949.6172
1743735530.0926 1949.6172
1743735530.1968 1949.6172
1743735530.3010 1949.6172
1743735530.4052 1949.6172
1743735530.5094 1949.6172
1743735530.6136 1951.6797
1743735530.7177 1951.6797
1743735530.8218 1951.6797
1743735530.9260 1951.6797
1743735531.0301 1951.6797
1743735531.1342 1951.6797
1743735531.2385 1951.6797
1743735531.3426 1951.6797
1743735531.4467 1951.6797
1743735531.5510 1951.6797
1743735531.6551 1951.6797
1743735531.7592 1951.6797
1743735531.8633 1951.6797
1743735531.9676 1953.4844
1743735532.0717 1953.4844
1743735532.1760 1953.4844
1743735532.2801 1953.4844
1743735532.3843 1953.4844
1743735532.4885 1953.4844
1743735532.5926 1953.4844
1743735532.6967 1953.4844
1743735532.8010 1955.2891
1743735532.9051 1955.2891
1743735533.0092 1955.2891
1743735533.1135 1955.2891
1743735533.2176 1955.2891
1743735533.3217 1955.2891
1743735533.4259 1955.2891
1743735533.5300 1955.2891
1743735533.6342 1955.2891
1743735533.7384 1955.2891
1743735533.8425 1955.2891
1743735533.9466 1955.2891
1743735534.0507 1955.2891
1743735534.1548 1955.2891
1743735534.2590 1956.3203
1743735534.3631 1956.3203
1743735534.4672 1956.3203
1743735534.5714 1956.3203
1743735534.6755 1956.3203
1743735534.7797 1958.3828
1743735534.8839 1958.3828
1743735534.9880 1958.3828
1743735535.0921 1958.3828
1743735535.1962 1958.3828
1743735535.3004 1958.3828
1743735535.4046 1958.3828
1743735535.5087 1958.3828
1743735535.6130 1958.3828
1743735535.7171 1958.3828
1743735535.8213 1958.3828
1743735535.9255 1958.3828
1743735536.0297 1960.4453
1743735536.1340 1960.4453
1743735536.2381 1960.4453
1743735536.3424 1960.4453
1743735536.4466 1960.4453
1743735536.5509 1960.4453
1743735536.6550 1960.4453
1743735536.7592 1960.4453
1743735536.8634 1960.7031
1743735536.9675 1960.7031
1743735537.0716 1960.7031
1743735537.1757 1960.7031
1743735537.2798 1960.7031
1743735537.3840 1960.7031
1743735537.4881 1963.2812
1743735537.5922 1963.2812
1743735537.6965 1963.2812
1743735537.8007 1963.2812
1743735537.9051 1963.2812
1743735538.0095 1966.6328
1743735538.1137 1966.6328
1743735538.2181 1966.6328
1743735538.3224 1969.4688
1743735538.4266 1969.4688
1743735538.5309 1969.4688
1743735538.6351 1969.7266
1743735538.7394 1969.7266
1743735538.8436 1969.7266
1743735538.9479 1969.7266
1743735539.0521 1971.7891
1743735539.1564 1971.7891
1743735539.2605 1972.8203
1743735539.3647 1972.8203
1743735539.4690 1974.3672
1743735539.5731 1974.3672
1743735539.6774 1975.6562
1743735539.7815 1975.6562
1743735539.8856 1976.6875
1743735539.9899 1976.6875
1743735540.0940 1977.9766
1743735540.1982 1977.9766
1743735540.3024 1979.2656
1743735540.4065 1979.2656
1743735540.5107 1980.8125
1743735540.6149 1980.8125
1743735540.7191 1982.1016
1743735540.8232 1982.1016
1743735540.9274 1983.3906
1743735541.0316 1983.3906
1743735541.1357 1984.6797
1743735541.2399 1984.6797
1743735541.3440 1985.9688
1743735541.4482 1985.9688
1743735541.5524 1987.2578
1743735541.6565 1987.2578
1743735541.7606 1988.8047
1743735541.8647 1988.8047
1743735541.9687 1990.0938
1743735542.0729 1990.0938
1743735542.1770 1991.6406
1743735542.2811 1991.6406
1743735542.3853 1993.1875
1743735542.4894 1993.1875
1743735542.5935 1994.9922
1743735542.6976 1994.9922
1743735542.8019 1996.7969
1743735542.9060 1996.7969
1743735543.0102 1998.3438
1743735543.1145 1998.3438
1743735543.2186 2000.1484
1743735543.3229 2000.1484
1743735543.4271 2001.6953
1743735543.5313 2004.2734
1743735543.6355 2004.2734
1743735543.7397 2006.0781
1743735543.8439 2006.0781
1743735543.9481 2008.9141
1743735544.0522 2008.9141
1743735544.1565 2008.9141
1743735544.2606 2012.5234
1743735544.3649 2012.5234
1743735544.4691 2015.6172
1743735544.5732 2015.6172
1743735544.6775 2015.6172
1743735544.7818 2017.9375
1743735544.8859 2017.9375
1743735544.9901 2019.2266
1743735545.0944 2021.8047
1743735545.1985 2021.8047
1743735545.3027 2023.8672
1743735545.4070 2023.8672
1743735545.5111 2023.8672
1743735545.6154 2023.8672
1743735545.7195 2023.8672
1743735545.8237 2023.8672
1743735545.9280 2026.9609
1743735546.0321 2026.9609
1743735546.1362 2026.9609
1743735546.2405 2029.5391
1743735546.3447 2029.5391
1743735546.4489 2030.8281
1743735546.5531 2030.8281
1743735546.6573 2032.6328
1743735546.7614 2032.6328
1743735546.8655 2034.1797
1743735546.9696 2034.1797
1743735547.0737 2035.9844
1743735547.1779 2035.9844
1743735547.2820 2037.7891
1743735547.3861 2037.7891
1743735547.4902 2039.3359
1743735547.5944 2039.3359
1743735547.6985 2040.8828
1743735547.8026 2040.8828
1743735547.9066 2042.4297
1743735548.0107 2042.4297
1743735548.1149 2043.9766
1743735548.2189 2043.9766
1743735548.3230 2045.5234
1743735548.4271 2045.5234
1743735548.5312 2047.0703
1743735548.6352 2047.0703
1743735548.7394 2049.6484
1743735548.8435 2049.6484
1743735548.9476 2050.6797
1743735549.0517 2052.4844
1743735549.1559 2052.4844
1743735549.2599 2053.7734
1743735549.3640 2057.1250
1743735549.4681 2057.1250
1743735549.5722 2057.1250
1743735549.6764 2060.4766
1743735549.7806 2060.4766
1743735549.8847 2060.7344
1743735549.9889 2063.8281
1743735550.0930 2063.8281
1743735550.1971 2064.0859
1743735550.3012 2067.1797
1743735550.4054 2067.1797
1743735550.5095 2067.4375
