1743737806.0158 124.0000
1743737806.1197 124.0000
1743737806.2236 135.0352
1743737806.3277 135.2930
1743737806.4317 135.2930
1743737806.5358 141.4805
1743737806.6399 141.4805
1743737806.7441 141.4805
1743737806.8483 144.5742
1743737806.9524 146.1211
1743737807.0566 151.0195
1743737807.1607 155.6602
1743737807.2648 155.6602
1743737807.3690 155.6602
1743737807.4729 160.0430
1743737807.5769 164.6836
1743737807.6809 164.6836
1743737807.7848 167.2617
1743737807.8887 168.8086
1743737807.9926 173.4492
1743737808.0963 173.4492
1743737808.1999 175.5117
1743737808.3037 175.5117
1743737808.4073 177.5742
1743737808.5109 179.8945
1743737808.6146 181.4414
1743737808.7181 185.8242
1743737808.8217 185.8242
1743737808.9252 189.6914
1743737809.0287 191.2383
1743737809.1323 191.2383
1743737809.2359 191.2383
1743737809.3396 191.2383
1743737809.4432 191.2383
1743737809.5468 191.2383
1743737809.6506 194.8477
1743737809.7542 194.8477
1743737809.8580 194.8477
1743737809.9616 199.2305
1743737810.0653 199.2305
1743737810.1691 199.2305
1743737810.2728 202.8398
1743737810.3766 202.8398
1743737810.4804 202.8398
1743737810.5842 206.4492
1743737810.6881 206.7070
1743737810.7919 206.7070
1743737810.8959 208.7695
1743737811.0000 209.0273
1743737811.1039 209.0273
1743737811.2078 209.0273
1743737811.3117 213.6680
1743737811.4156 213.6680
1743737811.5194 214.4414
1743737811.6232 214.4414
1743737811.7271 214.6992
1743737811.8308 217.2773
1743737811.9346 217.2773
1743737812.0382 217.2773
1743737812.1419 219.8555
1743737812.2456 220.6289
1743737812.3493 220.6289
1743737812.4529 221.9180
1743737812.5567 225.5273
1743737812.6603 225.5273
1743737812.7641 226.0430
1743737812.8677 229.3945
1743737812.9713 229.3945
1743737813.0748 233.0039
1743737813.1786 233.5195
1743737813.2822 233.5195
1743737813.3859 234.0352
1743737813.4896 237.6445
1743737813.5932 237.6445
1743737813.6968 240.9961
1743737813.8005 241.2539
1743737813.9041 241.2539
1743737814.0077 242.0273
1743737814.1114 245.6367
1743737814.2152 245.6367
1743737814.3189 246.1523
1743737814.4228 249.7617
1743737814.5266 249.7617
1743737814.6304 250.5352
1743737814.7342 253.8867
1743737814.8379 253.8867
1743737814.9417 254.6602
1743737815.0454 258.0117
1743737815.1493 258.0117
1743737815.2531 258.5273
1743737815.3568 261.6211
1743737815.4606 261.6211
1743737815.5643 261.8789
1743737815.6680 264.9727
1743737815.7717 264.9727
1743737815.8754 266.7773
1743737815.9793 267.2930
1743737816.0831 271.9336
1743737816.1869 271.9336
1743737816.2908 271.9336
1743737816.3947 274.7695
1743737816.4986 274.7695
1743737816.6023 275.0273
1743737816.7062 278.6367
1743737816.8099 278.6367
1743737816.9138 279.4102
1743737817.0176 281.9883
1743737817.1212 282.2461
1743737817.2249 283.2773
1743737817.3287 287.1445
1743737817.4324 287.1445
1743737817.5362 287.9180
1743737817.6398 287.9180
1743737817.7436 290.4961
1743737817.8473 291.5273
1743737817.9511 291.5273
1743737818.0547 292.5586
1743737818.1585 293.8477
1743737818.2622 297.7148
1743737818.3660 297.7148
1743737818.4697 297.7148
1743737818.5734 301.0664
1743737818.6772 301.0664
1743737818.7809 301.0664
1743737818.8846 301.0664
1743737818.9882 301.0664
1743737819.0920 301.0664
1743737819.1957 301.0664
1743737819.2995 303.6445
1743737819.4032 303.6445
1743737819.5069 305.1914
1743737819.6107 305.1914
1743737819.7146 306.7383
1743737819.8183 306.7383
1743737819.9221 308.2852
1743737820.0258 308.2852
1743737820.1296 309.8320
1743737820.2335 309.8320
1743737820.3373 311.6367
1743737820.4412 311.6367
1743737820.5451 313.1836
1743737820.6489 313.1836
1743737820.7527 313.1836
1743737820.8566 313.1836
1743737820.9603 314.7305
1743737821.0641 314.7305
1743737821.1678 314.7305
1743737821.2716 314.7305
1743737821.3753 317.3086
1743737821.4791 317.3086
1743737821.5830 317.3086
1743737821.6867 317.8242
1743737821.7905 317.8242
1743737821.8942 317.8242
1743737821.9980 320.6602
1743737822.1019 320.6602
1743737822.2056 320.6602
1743737822.3093 320.6602
1743737822.4131 320.6602
1743737822.5168 323.4961
1743737822.6206 323.4961
1743737822.7245 323.4961
1743737822.8282 323.4961
1743737822.9320 323.4961
1743737823.0358 326.5898
1743737823.1396 326.5898
1743737823.2433 326.5898
1743737823.3472 328.1367
1743737823.4510 328.1367
1743737823.5549 329.4258
1743737823.6587 329.4258
1743737823.7625 329.4258
1743737823.8664 329.4258
1743737823.9701 330.9727
1743737824.0740 330.9727
1743737824.1777 330.9727
1743737824.2816 330.9727
1743737824.3854 333.0352
1743737824.4892 333.0352
1743737824.5930 333.0352
1743737824.6968 333.0352
1743737824.8007 334.5820
1743737824.9043 334.5820
1743737825.0082 335.3555
1743737825.1119 335.3555
1743737825.2157 335.3555
1743737825.3193 335.3555
1743737825.4232 337.1602
1743737825.5270 337.1602
1743737825.6306 339.2227
1743737825.7342 339.2227
1743737825.8380 339.2227
1743737825.9415 339.2227
1743737826.0452 339.4805
1743737826.1487 339.4805
1743737826.2525 340.2539
1743737826.3562 340.2539
1743737826.4598 341.2852
1743737826.5636 341.2852
1743737826.6673 342.0586
1743737826.7711 342.0586
1743737826.8750 342.5742
1743737826.9787 342.5742
1743737827.0826 343.3477
1743737827.1865 343.3477
1743737827.2903 343.3477
1743737827.3943 343.3477
1743737827.4983 343.3477
1743737827.6022 344.8945
1743737827.7062 344.8945
1743737827.8101 345.4102
1743737827.9141 345.4102
1743737828.0180 345.9258
1743737828.1220 345.9258
1743737828.2259 346.6992
1743737828.3297 346.6992
1743737828.4336 347.4727
1743737828.5373 347.4727
1743737828.6412 348.2461
1743737828.7450 348.2461
1743737828.8487 348.5039
1743737828.9523 348.5039
1743737829.0560 349.0195
1743737829.1596 349.0195
1743737829.2632 349.7930
1743737829.3668 349.7930
1743737829.4705 350.5664
1743737829.5741 350.5664
1743737829.6778 351.3398
1743737829.7815 351.3398
1743737829.8852 352.3711
1743737829.9888 352.3711
1743737830.0926 353.1445
1743737830.1964 353.1445
1743737830.3000 354.4336
1743737830.4037 354.4336
1743737830.5075 354.9492
1743737830.6112 354.9492
1743737830.7151 356.4961
1743737830.8189 356.4961
1743737830.9226 357.0117
1743737831.0264 357.0117
1743737831.1301 357.0117
1743737831.2339 357.0117
1743737831.3376 359.3320
1743737831.4413 359.3320
1743737831.5452 359.3320
1743737831.6490 361.3945
1743737831.7528 361.3945
1743737831.8566 361.3945
1743737831.9603 363.4570
1743737832.0640 363.4570
1743737832.1677 365.0039
1743737832.2714 365.0039
1743737832.3750 366.5508
1743737832.4786 366.5508
1743737832.5824 368.8711
1743737832.6861 368.8711
1743737832.7897 368.8711
1743737832.8935 371.4492
1743737832.9971 371.4492
1743737833.1008 372.2227
1743737833.2046 375.3164
1743737833.3083 375.3164
1743737833.4121 376.3477
1743737833.5158 377.8945
1743737833.6197 377.8945
1743737833.7236 380.2148
1743737833.8275 383.3086
1743737833.9313 383.3086
1743737834.0352 383.8242
1743737834.1391 387.1758
1743737834.2430 387.1758
1743737834.3467 388.4648
1743737834.4506 391.8164
1743737834.5545 391.8164
1743737834.6582 391.8164
1743737834.7620 394.9102
1743737834.8657 394.9102
1743737834.9696 395.4258
1743737835.0733 398.5195
1743737835.1771 398.5195
1743737835.2807 399.5508
1743737835.3845 400.8398
1743737835.4883 400.8398
1743737835.5921 401.8711
1743737835.6960 403.1602
1743737835.7997 403.1602
1743737835.9036 403.1602
1743737836.0075 407.2852
1743737836.1113 407.2852
1743737836.2151 407.2852
1743737836.3189 407.8008
1743737836.4226 407.8008
1743737836.5262 409.0898
1743737836.6298 411.4102
1743737836.7336 411.4102
1743737836.8372 412.6992
1743737836.9410 412.6992
1743737837.0446 414.5039
1743737837.1483 414.5039
1743737837.2521 416.0508
1743737837.3559 416.0508
1743737837.4595 417.5977
1743737837.5632 417.5977
1743737837.6668 419.1445
1743737837.7706 419.1445
1743737837.8743 420.6914
1743737837.9781 420.6914
1743737838.0818 422.2383
1743737838.1855 422.2383
1743737838.2892 423.7852
1743737838.3930 423.7852
1743737838.4967 423.7852
1743737838.6003 423.7852
1743737838.7041 423.7852
1743737838.8077 425.8477
1743737838.9115 425.8477
1743737839.0152 427.1367
1743737839.1190 427.1367
1743737839.2226 427.1367
1743737839.3263 427.1367
1743737839.4301 428.6836
1743737839.5340 428.6836
1743737839.6376 429.1992
1743737839.7413 429.1992
1743737839.8451 429.1992
1743737839.9489 431.0039
1743737840.0525 431.0039
1743737840.1562 431.0039
1743737840.2598 431.0039
1743737840.3636 431.0039
1743737840.4673 432.2930
1743737840.5710 432.2930
1743737840.6747 432.8086
1743737840.7783 435.1289
1743737840.8821 435.1289
1743737840.9858 435.1289
1743737841.0897 435.1289
1743737841.1934 435.1289
1743737841.2971 436.9336
1743737841.4009 436.9336
1743737841.5045 438.2227
1743737841.6082 438.2227
1743737841.7120 440.2852
1743737841.8156 440.2852
1743737841.9193 441.5742
1743737842.0230 441.5742
1743737842.1267 442.8633
1743737842.2303 442.8633
1743737842.3341 444.1523
1743737842.4379 444.1523
1743737842.5416 445.4414
1743737842.6453 445.4414
1743737842.7491 446.7305
1743737842.8529 446.7305
1743737842.9566 448.0195
1743737843.0604 448.0195
1743737843.1641 449.5664
1743737843.2679 449.5664
1743737843.3715 450.5977
1743737843.4752 450.5977
1743737843.5788 451.8867
1743737843.6825 451.8867
1743737843.7861 452.9180
1743737843.8899 452.9180
1743737843.9936 454.4648
1743737844.0973 454.4648
1743737844.2011 455.7539
1743737844.3050 455.7539
1743737844.4090 457.3008
1743737844.5130 457.3008
1743737844.6170 458.5898
1743737844.7210 458.5898
1743737844.8251 460.1367
1743737844.9291 460.1367
1743737845.0330 461.4258
1743737845.1370 461.4258
1743737845.2409 462.4570
1743737845.3447 462.4570
1743737845.4485 463.7461
1743737845.5522 463.7461
1743737845.6560 465.2930
1743737845.7596 465.2930
1743737845.8634 467.6133
1743737845.9671 467.6133
1743737846.0709 467.6133
1743737846.1745 469.9336
1743737846.2782 469.9336
1743737846.3820 469.9336
1743737846.4857 469.9336
1743737846.5894 472.5117
1743737846.6931 472.5117
1743737846.7969 472.5117
1743737846.9006 474.8320
1743737847.0042 474.8320
1743737847.1080 476.3789
1743737847.2116 476.3789
1743737847.3152 477.9258
1743737847.4190 477.9258
1743737847.5226 479.2148
1743737847.6264 479.2148
1743737847.7300 480.5039
1743737847.8337 480.5039
1743737847.9374 481.7930
1743737848.0411 481.7930
1743737848.1447 483.0820
1743737848.2485 483.0820
1743737848.3521 484.6289
1743737848.4559 484.6289
1743737848.5596 485.9180
1743737848.6632 485.9180
1743737848.7670 487.4648
1743737848.8706 487.4648
1743737848.9744 489.0117
1743737849.0781 489.0117
1743737849.1819 490.8164
1743737849.2856 490.8164
1743737849.3894 492.8789
1743737849.4931 492.8789
1743737849.5969 494.1680
1743737849.7008 494.1680
1743737849.8045 496.2305
1743737849.9082 496.2305
1743737850.0119 497.7773
1743737850.1158 497.7773
1743737850.2194 499.3242
1743737850.3231 499.3242
1743737850.4269 500.8711
1743737850.5306 500.8711
1743737850.6344 502.1602
1743737850.7381 502.1602
1743737850.8420 503.4492
1743737850.9456 503.4492
1743737851.0494 504.9961
1743737851.1532 504.9961
1743737851.2569 506.5430
1743737851.3606 506.5430
1743737851.4644 508.0898
1743737851.5681 508.0898
1743737851.6720 509.6367
1743737851.7757 509.6367
1743737851.8795 511.4414
1743737851.9832 511.4414
1743737852.0871 512.9883
1743737852.1909 512.9883
1743737852.2946 514.2773
1743737852.3985 514.2773
1743737852.5024 515.3086
1743737852.6062 515.3086
1743737852.7100 517.1133
1743737852.8139 517.1133
1743737852.9177 517.8867
1743737853.0216 517.8867
1743737853.1255 518.1445
1743737853.2294 521.2383
1743737853.3332 521.2383
1743737853.4370 522.0117
1743737853.5409 524.3320
1743737853.6446 524.3320
1743737853.7485 526.3945
1743737853.8523 526.3945
1743737853.9560 528.9727
1743737854.0597 528.9727
1743737854.1635 528.9727
1743737854.2672 531.8086
1743737854.3709 531.8086
1743737854.4746 531.8086
1743737854.5784 534.1289
1743737854.6820 534.1289
1743737854.7858 535.9336
1743737854.8894 535.9336
1743737854.9931 537.9961
1743737855.0967 537.9961
1743737855.2005 539.8008
1743737855.3041 539.8008
1743737855.4079 541.8633
1743737855.5116 541.8633
1743737855.6152 543.4102
1743737855.7190 543.4102
1743737855.8226 545.2148
1743737855.9264 545.2148
1743737856.0300 547.0195
1743737856.1338 547.0195
1743737856.2374 548.5664
1743737856.3411 548.5664
1743737856.4448 550.3711
1743737856.5485 550.3711
1743737856.6523 551.6602
1743737856.7560 551.6602
1743737856.8598 553.4648
1743737856.9634 553.4648
1743737857.0670 554.7539
1743737857.1708 554.7539
1743737857.2744 556.3008
1743737857.3781 556.3008
1743737857.4817 557.5898
1743737857.5855 557.5898
1743737857.6891 557.5898
1743737857.7927 557.5898
1743737857.8965 559.6523
1743737858.0001 559.6523
1743737858.1039 559.6523
1743737858.2075 559.6523
1743737858.3112 560.4258
1743737858.4150 562.7461
1743737858.5187 562.7461
1743737858.6225 564.0352
1743737858.7262 564.0352
1743737858.8300 565.3242
1743737858.9337 565.3242
1743737859.0375 566.6133
1743737859.1412 566.6133
1743737859.2450 567.9023
1743737859.3487 567.9023
1743737859.4524 569.1914
1743737859.5561 569.1914
1743737859.6599 570.4805
1743737859.7636 570.4805
1743737859.8674 571.7695
1743737859.9711 571.7695
1743737860.0749 571.7695
1743737860.1786 571.7695
1743737860.2824 573.3164
1743737860.3860 573.3164
1743737860.4897 573.3164
1743737860.5934 573.3164
1743737860.6971 575.1211
1743737860.8009 575.1211
1743737860.9046 575.6367
1743737861.0085 575.6367
1743737861.1122 576.4102
1743737861.2160 576.4102
1743737861.3199 577.1836
1743737861.4236 577.1836
1743737861.5275 577.9570
1743737861.6312 577.9570
1743737861.7350 578.7305
1743737861.8387 578.7305
1743737861.9425 578.7305
1743737862.0462 578.7305
1743737862.1499 579.7617
1743737862.2536 579.7617
1743737862.3574 579.7617
1743737862.4612 581.8242
1743737862.5649 581.8242
1743737862.6688 583.1133
1743737862.7725 583.1133
1743737862.8763 583.1133
1743737862.9801 583.1133
1743737863.0839 585.1758
1743737863.1877 585.1758
1743737863.2914 585.1758
1743737863.3951 585.1758
1743737863.4989 585.1758
1743737863.6026 585.1758
1743737863.7064 587.2383
1743737863.8101 587.2383
1743737863.9140 588.0117
1743737864.0177 588.0117
1743737864.1216 588.0117
1743737864.2255 588.0117
1743737864.3293 589.0430
1743737864.4331 589.0430
1743737864.5369 589.0430
1743737864.6407 589.0430
1743737864.7445 590.3320
1743737864.8485 590.3320
1743737864.9524 591.6211
1743737865.0562 591.6211
1743737865.1601 591.6211
1743737865.2640 591.6211
1743737865.3679 592.3945
1743737865.4716 592.3945
1743737865.5754 593.4258
1743737865.6791 593.4258
1743737865.7828 593.9414
1743737865.8865 593.9414
1743737865.9901 594.7148
1743737866.0939 594.7148
1743737866.1976 596.0039
1743737866.3014 596.0039
1743737866.4051 597.0352
1743737866.5089 597.0352
1743737866.6126 597.5508
1743737866.7164 597.5508
1743737866.8200 598.3242
1743737866.9238 598.3242
1743737867.0274 599.3555
1743737867.1311 599.3555
1743737867.2348 600.1289
1743737867.3385 600.1289
1743737867.4422 600.9023
1743737867.5460 600.9023
1743737867.6496 601.9336
1743737867.7534 601.9336
1743737867.8571 602.7070
1743737867.9609 602.7070
1743737868.0647 603.2227
1743737868.1684 603.2227
1743737868.2722 603.9961
1743737868.3759 603.9961
1743737868.4798 604.7695
1743737868.5837 604.7695
1743737868.6876 604.7695
1743737868.7916 604.7695
1743737868.8956 606.8320
1743737868.9995 606.8320
1743737869.1034 606.8320
1743737869.2073 609.1523
1743737869.3113 609.1523
1743737869.4151 610.4414
1743737869.5190 610.4414
1743737869.6229 612.7617
1743737869.7266 612.7617
1743737869.8305 612.7617
1743737869.9343 614.8242
1743737870.0380 614.8242
1743737870.1418 616.8867
1743737870.2455 616.8867
1743737870.3491 618.9492
1743737870.4529 618.9492
1743737870.5565 621.2695
1743737870.6603 621.5273
1743737870.7639 623.3320
1743737870.8675 623.3320
1743737870.9711 623.8477
1743737871.0749 627.1992
1743737871.1785 627.1992
1743737871.2821 627.1992
1743737871.3859 630.0352
1743737871.4895 630.0352
1743737871.5933 630.0352
1743737871.6969 632.8711
1743737871.8006 632.8711
1743737871.9044 632.8711
1743737872.0080 635.7070
1743737872.1118 635.7070
1743737872.2155 635.7070
1743737872.3191 638.2852
1743737872.4229 638.2852
1743737872.5265 638.8008
1743737872.6301 638.8008
1743737872.7339 638.8008
1743737872.8375 642.1523
1743737872.9413 642.1523
1743737873.0449 642.1523
1743737873.1486 644.4727
1743737873.2523 644.4727
1743737873.3559 644.4727
1743737873.4595 647.0508
1743737873.5631 647.0508
1743737873.6669 647.0508
1743737873.7705 647.0508
1743737873.8741 649.6289
1743737873.9779 649.6289
1743737874.0815 649.6289
1743737874.1851 650.1445
1743737874.2889 650.1445
1743737874.3925 653.2383
1743737874.4961 653.2383
1743737874.5999 653.2383
1743737874.7036 655.8164
1743737874.8074 655.8164
1743737874.9111 656.5898
1743737875.0149 656.5898
1743737875.1187 656.5898
1743737875.2224 656.5898
1743737875.3261 656.5898
1743737875.4298 656.5898
1743737875.5335 659.4258
1743737875.6373 659.4258
1743737875.7411 659.4258
1743737875.8449 660.4570
1743737875.9487 660.4570
1743737876.0525 662.2617
1743737876.1564 664.8398
1743737876.2601 664.8398
1743737876.3640 666.6445
1743737876.4678 666.6445
1743737876.5716 667.9336
1743737876.6754 667.9336
1743737876.7791 668.4492
1743737876.8830 668.4492
1743737876.9866 668.4492
1743737877.0905 671.0273
1743737877.1943 671.0273
1743737877.2980 673.0898
1743737877.4018 673.0898
1743737877.5054 673.6055
1743737877.6091 673.6055
1743737877.7130 673.6055
1743737877.8168 676.6992
1743737877.9205 676.6992
1743737878.0243 676.6992
1743737878.1280 679.0195
1743737878.2318 679.0195
1743737878.3355 679.0195
1743737878.4393 681.3398
1743737878.5430 681.3398
1743737878.6468 681.3398
1743737878.7505 683.6602
1743737878.8543 683.6602
1743737878.9580 683.6602
1743737879.0618 686.2383
1743737879.1655 686.2383
1743737879.2693 686.2383
1743737879.3730 689.8477
1743737879.4769 689.8477
1743737879.5808 689.8477
1743737879.6846 691.9102
1743737879.7885 691.9102
1743737879.8925 692.9414
1743737879.9964 696.2930
1743737880.1003 696.2930
1743737880.2043 696.2930
1743737880.3081 699.6445
1743737880.4120 699.6445
1743737880.5159 699.6445
1743737880.6196 703.2539
1743737880.7236 703.2539
1743737880.8275 703.5117
1743737880.9313 706.8633
1743737881.0351 706.8633
1743737881.1391 707.1211
1743737881.2429 710.7305
1743737881.3468 710.7305
1743737881.4506 710.9883
1743737881.5544 714.5977
1743737881.6580 714.5977
1743737881.7618 714.5977
1743737881.8654 718.2070
1743737881.9691 718.2070
1743737882.0728 718.2070
1743737882.1764 721.5586
1743737882.2800 721.5586
1743737882.3835 721.5586
1743737882.4871 725.1680
1743737882.5908 725.1680
1743737882.6944 725.1680
1743737882.7980 727.7461
1743737882.9017 727.7461
1743737883.0054 729.0352
1743737883.1091 731.6133
1743737883.2128 731.6133
1743737883.3164 732.6445
1743737883.4200 732.6445
1743737883.5236 733.4180
1743737883.6274 733.4180
1743737883.7310 734.1914
1743737883.8348 737.8008
1743737883.9385 737.8008
1743737884.0421 738.0586
1743737884.1459 740.6367
1743737884.2496 740.6367
1743737884.3533 742.4414
1743737884.4570 742.4414
1743737884.5606 744.2461
1743737884.6644 744.2461
1743737884.7681 746.8242
1743737884.8718 746.8242
1743737884.9755 746.8242
1743737885.0791 748.3711
1743737885.1829 748.3711
1743737885.2866 748.6289
1743737885.3903 748.6289
1743737885.4940 748.6289
1743737885.5978 750.1758
1743737885.7015 750.1758
1743737885.8053 751.7227
1743737885.9090 751.7227
1743737886.0128 752.7539
1743737886.1164 752.7539
1743737886.2201 754.0430
1743737886.3238 754.0430
1743737886.4275 755.5898
1743737886.5311 755.5898
1743737886.6349 756.8789
1743737886.7386 756.8789
1743737886.8423 758.4258
1743737886.9459 758.4258
1743737887.0497 759.7148
1743737887.1533 759.7148
1743737887.2570 761.2617
1743737887.3608 761.2617
1743737887.4644 762.5508
1743737887.5681 762.5508
1743737887.6719 764.0977
1743737887.7755 764.0977
1743737887.8793 765.6445
1743737887.9829 765.6445
1743737888.0866 767.4492
1743737888.1903 767.4492
1743737888.2940 769.2539
1743737888.3978 769.2539
1743737888.5015 770.8008
1743737888.6052 770.8008
1743737888.7089 772.3477
1743737888.8127 772.3477
1743737888.9164 773.8945
1743737889.0200 773.8945
1743737889.1237 775.4414
1743737889.2274 775.4414
1743737889.3310 776.9883
1743737889.4348 776.9883
1743737889.5384 778.5352
1743737889.6420 778.5352
1743737889.7458 780.0820
1743737889.8494 780.0820
1743737889.9532 781.8867
1743737890.0568 781.8867
1743737890.1605 783.4336
1743737890.2642 783.4336
1743737890.3679 785.2383
1743737890.4715 785.2383
1743737890.5752 786.7852
1743737890.6788 786.7852
1743737890.7825 788.5898
1743737890.8862 788.5898
1743737890.9898 790.3945
1743737891.0935 790.3945
1743737891.1971 793.2305
1743737891.3009 793.2305
1743737891.4045 793.2305
1743737891.5083 796.0664
1743737891.6119 796.0664
1743737891.7156 796.0664
1743737891.8193 798.9023
1743737891.9229 798.9023
1743737892.0267 798.9023
1743737892.1303 800.9648
1743737892.2340 800.9648
1743737892.3376 803.8008
1743737892.4414 803.8008
1743737892.5450 803.8008
1743737892.6488 805.8633
1743737892.7525 805.8633
1743737892.8562 808.9570
1743737892.9599 808.9570
1743737893.0635 808.9570
1743737893.1672 811.2773
1743737893.2708 811.2773
1743737893.3745 814.1133
1743737893.4783 814.1133
1743737893.5820 814.1133
1743737893.6857 817.2070
1743737893.7894 817.2070
1743737893.8932 817.2070
1743737893.9970 820.5586
1743737894.1010 820.5586
1743737894.2050 820.5586
1743737894.3091 823.6523
1743737894.4133 823.6523
1743737894.5174 823.6523
1743737894.6217 826.7461
1743737894.7259 826.7461
1743737894.8302 827.2617
1743737894.9344 829.8398
1743737895.0387 829.8398
1743737895.1429 829.8398
1743737895.2472 830.0977
1743737895.3514 833.7070
1743737895.4554 833.7070
1743737895.5595 833.7070
1743737895.6637 836.8008
1743737895.7677 836.8008
1743737895.8717 836.8008
1743737895.9756 839.6367
1743737896.0795 839.6367
1743737896.1834 839.6367
1743737896.2873 841.4414
1743737896.3913 841.4414
1743737896.4952 843.5039
1743737896.5989 843.5039
1743737896.7028 845.8242
1743737896.8067 845.8242
1743737896.9104 846.3398
1743737897.0143 846.3398
1743737897.1179 846.3398
1743737897.2217 846.3398
1743737897.3253 846.3398
1743737897.4288 849.6914
1743737897.5324 849.6914
1743737897.6360 849.6914
1743737897.7395 849.6914
1743737897.8431 849.6914
1743737897.9464 851.7539
1743737898.0499 851.7539
1743737898.1535 851.7539
1743737898.2570 851.7539
1743737898.3607 853.8164
1743737898.4644 853.8164
1743737898.5680 855.3633
1743737898.6718 855.3633
1743737898.7755 856.3945
1743737898.8793 856.3945
1743737898.9830 857.6836
1743737899.0868 857.6836
1743737899.1905 858.9727
1743737899.2943 858.9727
1743737899.3979 860.0039
1743737899.5017 860.0039
1743737899.6053 861.2930
1743737899.7089 861.2930
1743737899.8125 861.2930
1743737899.9162 861.2930
1743737900.0198 862.8398
1743737900.1235 862.8398
1743737900.2272 862.8398
1743737900.3308 862.8398
1743737900.4344 864.9023
1743737900.5380 864.9023
1743737900.6418 864.9023
1743737900.7455 864.9023
1743737900.8493 864.9023
1743737900.9530 864.9023
1743737901.0568 867.2227
1743737901.1605 867.2227
1743737901.2642 867.7383
1743737901.3679 867.7383
1743737901.4717 868.5117
1743737901.5754 868.5117
1743737901.6789 869.2852
1743737901.7827 869.2852
1743737901.8863 870.0586
1743737901.9901 870.0586
1743737902.0937 870.8320
1743737902.1974 870.8320
1743737902.3012 871.6055
1743737902.4049 871.6055
1743737902.5087 872.3789
1743737902.6124 872.3789
1743737902.7162 873.4102
1743737902.8198 873.4102
1743737902.9235 874.1836
1743737903.0273 874.1836
1743737903.1309 875.7305
1743737903.2347 875.7305
1743737903.3383 875.7305
1743737903.4420 877.0195
1743737903.5458 877.0195
1743737903.6495 879.3398
1743737903.7533 879.3398
1743737903.8571 879.3398
1743737903.9609 879.3398
1743737904.0646 880.8867
1743737904.1683 880.8867
1743737904.2720 880.8867
1743737904.3758 882.6914
1743737904.4795 882.6914
1743737904.5833 883.9805
1743737904.6870 883.9805
1743737904.7907 885.2695
1743737904.8944 885.2695
1743737904.9982 887.0742
1743737905.1019 887.0742
1743737905.2055 888.6211
1743737905.3093 888.6211
1743737905.4130 889.9102
1743737905.5167 889.9102
1743737905.6204 889.9102
1743737905.7242 889.9102
1743737905.8278 889.9102
1743737905.9315 893.0039
1743737906.0351 893.0039
1743737906.1389 893.0039
1743737906.2425 893.0039
1743737906.3463 893.0039
1743737906.4499 894.8086
1743737906.5537 894.8086
1743737906.6573 895.8398
1743737906.7610 895.8398
1743737906.8647 895.8398
1743737906.9684 895.8398
1743737907.0720 896.3555
1743737907.1758 896.3555
1743737907.2794 896.6133
1743737907.3832 899.9648
1743737907.4868 899.9648
1743737907.5905 899.9648
1743737907.6942 899.9648
1743737907.7979 899.9648
1743737907.9017 901.2539
1743737908.0054 901.2539
1743737908.1090 901.2539
1743737908.2128 901.2539
1743737908.3165 902.0273
1743737908.4203 902.0273
1743737908.5241 902.0273
1743737908.6277 902.0273
1743737908.7314 902.0273
1743737908.8352 902.2852
1743737908.9388 902.2852
1743737909.0425 904.6055
1743737909.1463 904.6055
1743737909.2499 904.6055
1743737909.3537 904.6055
1743737909.4573 904.6055
1743737909.5610 904.6055
1743737909.6648 904.6055
1743737909.7684 904.6055
1743737909.8722 904.6055
1743737909.9759 905.3789
1743737910.0795 907.6992
1743737910.1832 907.6992
1743737910.2868 907.6992
1743737910.3904 907.6992
1743737910.4940 907.6992
1743737910.5978 907.6992
1743737910.7015 907.6992
1743737910.8052 907.6992
1743737910.9088 907.6992
1743737911.0125 908.4727
1743737911.1163 908.4727
1743737911.2199 910.5352
1743737911.3235 910.5352
1743737911.4273 910.5352
1743737911.5311 910.5352
1743737911.6347 910.5352
1743737911.7384 910.7930
1743737911.8423 910.7930
1743737911.9460 911.3086
1743737912.0499 911.3086
1743737912.1537 911.3086
1743737912.2575 913.6289
1743737912.3613 913.6289
1743737912.4650 913.6289
1743737912.5688 913.6289
1743737912.6726 916.2070
1743737912.7763 916.2070
1743737912.8800 916.2070
1743737912.9838 916.2070
1743737913.0876 916.2070
1743737913.1913 916.2070
1743737913.2949 916.2070
1743737913.3987 918.7852
1743737913.5023 918.7852
1743737913.6060 918.7852
1743737913.7097 918.7852
1743737913.8134 918.7852
1743737913.9170 920.0742
1743737914.0208 920.0742
1743737914.1245 920.0742
1743737914.2283 920.0742
1743737914.3320 922.1367
1743737914.4358 922.1367
1743737914.5395 923.4258
1743737914.6433 923.4258
1743737914.7470 924.4570
1743737914.8509 924.4570
1743737914.9547 926.2617
1743737915.0584 926.2617
1743737915.1622 927.2930
1743737915.2659 927.2930
1743737915.3697 928.5820
1743737915.4734 928.5820
1743737915.5770 929.8711
1743737915.6808 929.8711
1743737915.7845 931.1602
1743737915.8882 931.1602
1743737915.9919 932.7070
1743737916.0955 932.7070
1743737916.1993 934.2539
1743737916.3030 934.2539
1743737916.4067 936.0586
1743737916.5104 936.0586
1743737916.6140 937.3477
1743737916.7178 937.3477
1743737916.8214 938.8945
1743737916.9250 938.8945
1743737917.0287 940.4414
1743737917.1324 940.4414
1743737917.2360 941.7305
1743737917.3398 941.7305
1743737917.4434 943.0195
1743737917.5472 943.0195
1743737917.6508 944.5664
1743737917.7545 944.5664
1743737917.8582 945.8555
1743737917.9619 945.8555
1743737918.0655 947.1445
1743737918.1693 947.1445
1743737918.2729 948.4336
1743737918.3767 948.4336
1743737918.4804 949.7227
1743737918.5840 949.7227
1743737918.6878 951.2695
1743737918.7914 951.2695
1743737918.8952 952.5586
1743737918.9988 952.5586
1743737919.1025 952.5586
1743737919.2063 952.5586
1743737919.3099 955.1367
1743737919.4136 955.1367
1743737919.5173 955.1367
1743737919.6210 955.1367
1743737919.7248 955.1367
1743737919.8284 956.9414
1743737919.9322 956.9414
1743737920.0359 957.7148
1743737920.1397 957.7148
1743737920.2434 957.7148
1743737920.3472 960.0352
1743737920.4508 960.0352
1743737920.5545 960.0352
1743737920.6583 960.0352
1743737920.7621 960.0352
1743737920.8658 960.8086
1743737920.9696 960.8086
1743737921.0732 961.0664
1743737921.1769 961.0664
1743737921.2807 961.5820
1743737921.3844 964.6758
1743737921.4882 964.6758
1743737921.5919 964.6758
1743737921.6955 966.9961
1743737921.7993 966.9961
1743737921.9029 966.9961
1743737922.0067 969.3164
1743737922.1104 969.3164
1743737922.2141 970.8633
1743737922.3178 970.8633
1743737922.4214 972.1523
1743737922.5252 972.1523
1743737922.6291 973.6992
1743737922.7325 973.6992
1743737922.8363 974.9883
1743737922.9400 974.9883
1743737923.0438 974.9883
1743737923.1474 974.9883
1743737923.2512 977.8242
1743737923.3549 977.8242
1743737923.4587 977.8242
1743737923.5625 979.1133
1743737923.6662 979.1133
1743737923.7698 980.4023
1743737923.8735 980.4023
1743737923.9773 981.4336
1743737924.0809 981.4336
1743737924.1847 981.4336
1743737924.2883 981.4336
1743737924.3921 982.9805
1743737924.4957 982.9805
1743737924.5994 982.9805
1743737924.7030 982.9805
1743737924.8068 985.3008
1743737924.9106 985.3008
1743737925.0143 985.3008
1743737925.1179 985.3008
1743737925.2217 986.0742
1743737925.3254 986.0742
1743737925.4290 986.0742
1743737925.5328 989.1680
1743737925.6365 989.1680
1743737925.7402 989.1680
1743737925.8439 989.1680
1743737925.9477 989.1680
1743737926.0513 990.4570
1743737926.1550 990.4570
1743737926.2587 990.4570
1743737926.3624 990.4570
1743737926.4660 990.4570
1743737926.5698 990.4570
1743737926.6734 992.5195
1743737926.7772 992.5195
1743737926.8808 992.5195
1743737926.9844 992.5195
1743737927.0882 992.5195
1743737927.1918 992.5195
1743737927.2955 994.5820
1743737927.3992 994.5820
1743737927.5029 994.5820
1743737927.6067 994.5820
1743737927.7103 995.3555
1743737927.8140 995.3555
1743737927.9178 995.3555
1743737928.0214 996.6445
1743737928.1252 996.6445
1743737928.2289 996.6445
1743737928.3326 996.6445
1743737928.4363 996.6445
1743737928.5401 996.6445
1743737928.6438 997.4180
1743737928.7474 997.4180
1743737928.8510 997.4180
1743737928.9548 999.7383
1743737929.0584 999.7383
1743737929.1620 999.7383
1743737929.2658 999.7383
1743737929.3694 999.7383
1743737929.4732 999.7383
1743737929.5768 999.7383
1743737929.6806 999.7383
1743737929.7843 999.7383
1743737929.8879 999.7383
1743737929.9917 999.7383
1743737930.0954 1000.2539
1743737930.1990 1000.2539
1743737930.3028 1000.2539
1743737930.4064 1000.2539
1743737930.5102 1000.2539
