1743737806.015817 0.012626 0.000000 0.000000 0.000000 0.000000 0.000000
1743737806.119689 0.225777 3.903620 27.571619 46.532362 6.518838 84.752216
1743737806.223562 0.005976 3.966505 28.154167 33.996822 6.592888 72.716358
1743737806.327691 0.009581 3.751811 25.662790 34.192089 7.757831 71.374102
1743737806.431689 0.010112 3.760757 26.149246 37.237633 8.091722 75.249470
1743737806.535816 0.008629 3.724897 28.302491 36.848800 7.333229 76.218046
1743737806.639936 0.008556 3.801565 26.885003 34.369043 7.180021 72.244188
1743737806.744062 0.010320 3.793192 27.423084 39.510489 8.118252 78.855337
1743737806.848313 0.006529 3.766146 28.737712 37.576415 6.577389 76.664191
1743737806.952439 0.009789 3.777948 27.263303 40.608529 7.439846 79.099415
1743737807.056587 0.007397 3.815753 28.114941 38.989641 6.737904 77.665636
1743737807.160690 0.008485 3.808388 29.356727 42.687612 7.067650 82.928862
1743737807.264815 0.006640 3.848798 28.384153 43.131135 6.542243 81.912969
1743737807.368964 0.007833 3.873039 28.442652 42.589882 6.748200 81.661606
1743737807.472941 0.007349 3.897566 29.993986 42.613322 6.696840 83.209063
1743737807.576941 0.006904 3.868667 30.915238 45.565539 6.545213 86.901561
1743737807.680945 0.006205 3.860127 30.421378 46.019225 6.556312 86.863247
1743737807.784814 0.006608 3.804287 30.989305 47.416668 6.488568 88.705436
1743737807.888692 0.006467 3.802418 31.135997 48.158701 6.423523 89.527106
1743737807.992583 0.006817 3.870725 31.387357 46.062164 6.456830 87.783893
1743737808.096316 0.011668 3.851319 30.518389 44.784564 6.440635 85.606575
1743737808.199940 0.006667 3.896192 30.845396 49.495906 6.448543 90.692704
1743737808.303711 0.006223 3.838667 30.765490 46.942489 6.433340 87.986209
1743737808.407316 0.006384 3.935739 31.329026 50.215961 6.414716 91.901826
1743737808.510944 0.005805 4.175269 32.588250 54.804612 6.518385 98.092321
1743737808.614568 0.011578 4.187059 31.770252 50.891492 6.632258 93.492639
1743737808.718090 0.007224 3.954707 31.441125 46.181557 6.502889 88.087502
1743737808.821691 0.006854 3.827339 29.362625 47.729214 6.308890 87.234922
1743737808.925192 0.006722 3.878846 29.519596 46.056182 6.260681 85.722027
1743737809.028693 0.007222 3.869506 29.401990 46.724526 6.153405 86.156649
1743737809.132316 0.006175 4.229253 30.332765 44.212986 7.038073 85.819252
1743737809.235940 0.006235 5.453090 29.775622 46.234561 7.633535 89.103043
1743737809.339567 0.010854 4.502834 28.109894 43.612102 6.179668 82.415352
1743737809.443188 0.008004 3.846894 27.112451 46.667826 6.153592 83.788767
1743737809.546818 0.006704 3.874201 27.190497 42.696617 6.215534 79.983553
1743737809.650575 0.014307 3.893745 28.237417 45.893045 6.437998 84.476512
1743737809.754212 0.006390 3.894913 26.523760 42.015864 6.040448 78.481375
1743737809.857954 0.007838 3.857816 26.419024 39.693262 6.762535 76.740475
1743737809.961591 0.007661 3.935479 26.806440 39.737837 6.391438 76.878855
1743737810.065318 0.007835 3.890756 25.510771 37.527444 6.630764 73.567570
1743737810.169067 0.011974 4.738090 24.798466 41.060094 10.327636 80.936260
1743737810.272819 0.008884 4.695248 25.695426 37.020207 10.358112 77.777877
1743737810.376568 0.008227 3.897275 24.164596 36.417524 6.700766 71.188388
1743737810.480358 0.011096 3.904855 24.478980 38.195758 7.920217 74.510906
1743737810.584215 0.008334 3.888377 25.194522 36.314070 6.629309 72.034612
1743737810.688091 0.010238 3.893900 24.350080 34.694632 7.414989 70.363839
1743737810.791945 0.010537 4.353237 24.655578 37.215184 9.727775 75.962311
1743737810.895942 0.007025 3.873714 24.117714 35.320188 6.097479 69.416120
1743737810.999965 0.011545 3.896145 23.308007 32.153932 8.205496 67.575125
1743737811.103943 0.011650 3.802556 22.647032 31.256285 7.931956 65.649479
1743737811.207840 0.011264 3.870414 21.946390 29.871445 8.125030 63.824543
1743737811.311694 0.010387 3.837457 23.549908 29.850454 7.702353 64.950559
1743737811.415569 0.011374 3.837194 21.036286 27.876980 7.972795 60.734629
1743737811.519445 0.011567 3.854584 20.201683 29.080327 8.698497 61.846658
1743737811.623217 0.011218 3.788501 19.771186 28.341803 7.717683 59.630391
1743737811.727068 0.016346 3.932272 18.987333 29.508366 8.919078 61.363395
1743737811.830820 0.010756 3.768414 18.781898 26.650143 8.376194 57.587405
1743737811.934569 0.010984 3.826130 18.527756 28.141350 9.020079 59.526299
1743737812.038192 0.012028 3.813499 17.852939 27.969174 8.950754 58.598394
1743737812.141948 0.011650 3.852442 18.271640 25.543726 9.261660 56.941118
1743737812.245590 0.010674 4.013041 18.078292 25.525254 9.302340 56.929601
1743737812.349320 0.010093 4.137038 19.147544 22.913848 9.525419 55.733942
1743737812.452946 0.011716 3.919796 18.597081 27.034586 9.046873 58.610052
1743737812.556697 0.007233 3.860053 18.823368 23.984487 6.758708 53.433849
1743737812.660322 0.011887 4.178858 19.487833 25.455805 10.018549 59.152932
1743737812.764071 0.011218 3.968167 19.746115 26.914916 9.296980 59.937396
1743737812.867695 0.011433 3.873005 19.551818 29.261506 8.469129 61.166891
1743737812.971321 0.011368 3.831827 20.729459 27.674329 8.944199 61.191182
1743737813.074822 0.011859 3.738740 21.569119 29.144300 8.691013 63.155031
1743737813.178571 0.011168 3.801346 20.644101 28.103035 8.771708 61.331358
1743737813.282194 0.010751 3.825688 20.399766 27.718240 8.922261 60.876706
1743737813.385947 0.011200 3.947889 21.398527 30.880445 8.959477 65.197538
1743737813.489569 0.009934 3.694413 20.603397 28.135584 7.145178 59.588506
1743737813.593218 0.011722 3.764736 20.891765 30.212561 8.762872 63.643656
1743737813.696820 0.012035 3.737547 22.483718 29.715696 8.379540 64.328536
1743737813.800472 0.011361 3.691904 21.673310 30.375289 8.406896 64.158760
1743737813.904092 0.011514 3.685731 21.235897 29.988392 8.560855 63.482389
1743737814.007698 0.011228 3.679868 21.326222 28.457041 8.354350 61.828709
1743737814.111450 0.011236 3.707808 21.045065 30.588048 8.144710 63.496867
1743737814.215206 0.011106 3.753204 20.803005 31.257096 8.483027 64.307438
1743737814.318947 0.012072 3.728370 20.540622 31.127046 8.547518 63.955628
1743737814.422823 0.010846 3.754724 20.764485 30.662293 7.882950 63.075298
1743737814.526572 0.010936 3.807681 20.469561 34.137487 8.800409 67.226074
1743737814.630445 0.010699 3.741779 21.034366 33.450226 7.607574 65.844644
1743737814.734199 0.010930 3.755714 20.880697 31.926164 7.565459 64.138964
1743737814.837950 0.011152 3.735338 20.405276 30.238166 8.449055 62.838987
1743737814.941700 0.011411 3.712621 20.632089 30.756635 8.492278 63.605034
1743737815.045446 0.011355 3.710781 19.929486 32.415266 8.206912 64.273800
1743737815.149322 0.011113 3.676216 19.593595 29.139019 8.282808 60.702751
1743737815.253096 0.010648 3.590347 19.639204 30.434830 8.673679 62.348708
1743737815.356824 0.010184 3.775105 19.048597 29.899198 7.781143 60.514227
1743737815.460572 0.010751 3.651002 18.998046 28.066727 8.925243 59.651769
1743737815.564325 0.012197 3.636201 18.306715 28.287590 8.801241 59.043944
1743737815.667972 0.011510 3.543209 18.013714 27.908296 8.206352 57.683081
1743737815.771700 0.011686 3.689544 18.101649 29.217054 8.909049 59.928982
1743737815.875447 0.011867 3.673676 18.490666 28.642576 8.840413 59.659198
1743737815.979326 0.010377 3.657529 18.611147 29.572275 8.642946 60.494274
1743737816.083087 0.010777 3.710437 19.362239 29.845838 8.194803 61.124094
1743737816.186947 0.011255 3.800517 19.597576 31.552272 8.428853 63.390473
1743737816.290827 0.010176 3.857767 19.862712 32.207230 8.630934 64.568819
1743737816.394697 0.017018 3.825653 20.233113 33.204921 8.258971 65.539676
1743737816.498577 0.011312 3.860960 19.852760 32.492437 7.972056 64.189525
1743737816.602327 0.006899 4.029030 19.442138 31.440204 6.053741 60.972012
1743737816.706207 0.011899 3.900157 19.823991 33.828210 8.941329 66.505586
1743737816.809947 0.010405 3.780656 19.317647 33.729420 7.643770 64.481898
1743737816.913827 0.011456 3.756592 19.125360 28.442690 8.392940 59.729038
1743737817.017567 0.010929 3.692441 18.864845 28.545815 8.230202 59.344232
1743737817.121207 0.010597 3.690184 18.467975 28.182430 8.885781 59.236967
1743737817.224947 0.010504 3.673213 18.357537 29.985796 8.724669 60.751719
1743737817.328707 0.010883 3.552301 18.423865 30.880616 8.028671 60.896336
1743737817.432447 0.012369 3.656569 18.258875 29.873708 8.971898 60.773419
1743737817.536207 0.011652 3.594321 18.115004 26.108158 8.507552 56.336687
1743737817.639827 0.010457 3.638976 18.781790 27.473883 9.001168 58.906274
1743737817.743617 0.011039 3.665070 19.206815 25.537498 9.223549 57.643971
1743737817.847327 0.010937 3.587332 18.232706 28.992834 8.937790 59.761599
1743737817.951077 0.012056 3.480958 17.904706 25.035057 8.621014 55.053791
1743737818.054747 0.011205 3.674351 17.635489 23.594577 9.337950 54.253572
1743737818.158457 0.011212 3.502425 17.145629 23.304517 9.100966 53.064749
1743737818.262197 0.011086 3.370018 16.924821 23.325643 8.464607 52.096175
1743737818.365967 0.010689 3.351423 16.454314 22.684028 9.151459 51.651913
1743737818.469697 0.011224 3.521984 15.991608 21.554045 9.402958 50.481819
1743737818.573447 0.010262 3.718744 16.425578 20.668895 9.304090 50.127569
1743737818.677207 0.011124 3.330177 15.516987 18.674867 9.260551 46.793706
1743737818.780867 0.010055 3.535053 14.673496 17.681884 9.372493 45.272981
1743737818.884577 0.009909 3.649701 14.775720 18.954234 9.335997 46.725561
1743737818.988217 0.010511 3.577985 13.823285 18.800943 9.320873 45.533597
1743737819.091987 0.010249 3.535686 13.557784 15.665387 9.286623 42.055729
1743737819.195747 0.010313 3.554570 12.541253 17.464736 9.365610 42.936482
1743737819.299497 0.011218 3.381580 12.043570 14.763825 9.118107 39.318300
1743737819.403247 0.007007 3.907226 12.309843 15.991165 7.263067 39.478308
1743737819.506947 0.011250 3.482058 11.440001 15.897048 9.184612 40.014969
1743737819.610707 0.010407 3.783670 11.141060 13.156519 9.389600 37.481256
1743737819.714577 0.009963 3.583175 11.138071 15.545169 9.400325 39.676703
1743737819.818307 0.011277 3.745840 11.900945 15.342218 9.676191 40.676471
1743737819.922077 0.009585 3.488753 11.313763 13.293843 9.065329 37.171273
1743737820.025847 0.009357 3.832672 11.378032 13.660334 9.304131 38.184526
1743737820.129617 0.010316 3.571306 10.725046 14.992608 9.321682 38.620958
1743737820.233457 0.010129 3.784269 11.713248 14.928416 9.634899 40.070961
1743737820.337347 0.011279 3.479762 10.182155 13.568612 8.886182 36.127990
1743737820.441207 0.009792 3.542289 9.727596 12.537827 9.006486 34.823990
1743737820.545077 0.011151 3.539412 9.366866 11.805654 8.838028 33.561111
1743737820.648937 0.005858 3.238479 8.790671 11.491806 5.234212 28.761026
1743737820.752727 0.010588 3.702186 8.410506 10.018995 9.086162 31.228437
1743737820.856577 0.009896 3.884169 8.840494 10.001457 8.654445 31.390461
1743737820.960327 0.010541 3.401177 8.105738 10.026964 8.447899 29.992319
1743737821.064077 0.010184 4.031727 8.342021 11.109939 8.600330 32.094201
1743737821.167827 0.010362 3.705740 7.702318 9.908066 8.586091 29.912577
1743737821.271577 0.010503 5.276904 8.217672 10.308820 9.214582 33.028481
1743737821.375347 0.009707 3.531566 7.166643 10.600743 8.408715 29.717374
1743737821.479097 0.011417 3.741912 7.178802 10.990584 8.909284 30.831999
1743737821.582957 0.011191 3.822676 8.030342 11.758261 8.829734 32.452204
1743737821.686707 0.010162 3.890720 7.289433 10.684281 8.834164 30.708760
1743737821.790457 0.011253 3.874733 7.339247 11.013156 8.554934 30.793323
1743737821.894207 0.010502 3.687625 7.225951 11.474046 8.659805 31.057929
1743737821.997977 0.011148 3.457978 7.184916 10.874479 8.553454 30.081975
1743737822.101867 0.009856 3.650067 7.059257 10.032262 8.890051 29.641493
1743737822.205577 0.010243 3.297484 7.419861 10.420877 8.666154 29.814619
1743737822.309327 0.010437 3.296407 6.940206 9.960787 8.663742 28.871579
1743737822.413077 0.011066 3.705782 7.022080 11.119267 9.081524 30.939719
1743737822.516847 0.009272 4.968236 7.601940 10.503763 8.671991 31.755202
1743737822.620577 0.010252 3.654628 6.912019 10.853745 8.710762 30.141406
1743737822.724457 0.010831 3.766274 7.072218 12.182499 8.923437 31.955259
1743737822.828207 0.011109 3.668371 6.768164 10.864401 9.077170 30.389215
1743737822.931977 0.010165 3.706243 6.811804 10.643836 8.943560 30.115608
1743737823.035827 0.010357 3.581188 7.797917 11.374249 8.879249 31.642960
1743737823.139577 0.011180 3.687350 7.225946 12.443944 9.316176 32.684596
1743737823.243337 0.009731 3.950723 8.199123 12.040122 9.145544 33.345243
1743737823.347227 0.010655 3.494962 7.125069 12.150125 9.182810 31.963621
1743737823.450957 0.010641 3.810397 7.649962 13.557298 9.835120 34.863418
1743737823.554857 0.009606 3.567901 7.159377 10.929501 9.177301 30.843686
1743737823.658707 0.010955 3.545839 6.614168 11.871039 9.397662 31.439663
1743737823.762457 0.010704 3.576618 6.492327 11.054849 9.504663 30.639161
1743737823.866357 0.010029 3.635176 6.551363 10.345960 9.314571 29.857099
1743737823.970087 0.010202 3.455141 6.307983 10.287982 9.114166 29.175474
1743737824.073957 0.009668 3.819358 6.459930 11.531244 9.147807 30.968007
1743737824.177707 0.011480 3.517944 6.298498 10.548262 9.110573 29.486757
1743737824.281587 0.010813 3.476849 6.178880 10.076204 9.515640 29.258386
1743737824.385397 0.010416 3.376804 6.126936 8.516670 8.743116 26.773942
1743737824.489197 0.010664 3.646753 5.841142 9.805343 9.301868 28.605770
1743737824.592977 0.015596 3.454518 6.146623 10.380490 8.999938 28.997165
1743737824.696807 0.010197 3.585867 5.925023 9.550270 9.034517 28.105874
1743737824.800677 0.010717 3.501216 5.929497 9.996361 8.884007 28.321798
1743737824.904337 0.010094 3.482910 6.128744 9.610368 9.008170 28.240286
1743737825.008187 0.009708 4.592723 6.718346 10.561729 8.871336 30.753842
1743737825.111857 0.010342 3.387558 6.473329 10.576081 8.892387 29.339697
1743737825.215707 0.011862 3.425655 6.409978 11.721014 9.274991 30.843500
1743737825.319337 0.010476 4.479654 6.976253 10.863288 9.303466 31.633137
1743737825.423207 0.011187 3.294978 6.386576 13.153465 8.633392 31.479598
1743737825.526967 0.011071 3.409591 5.586445 8.940202 8.572846 26.520155
1743737825.630587 0.010095 3.265760 5.073471 8.017296 8.369612 24.736234
1743737825.734207 0.006272 3.887554 5.346422 8.386047 6.893873 24.520168
1743737825.837957 0.010447 3.105643 4.997593 7.882925 8.436104 24.432712
1743737825.941487 0.009445 2.596110 4.939968 7.682819 6.085727 21.314069
1743737826.045227 0.009312 3.399529 4.746093 7.657243 8.136179 23.948356
1743737826.148707 0.010302 2.489018 4.696398 7.743301 5.301508 20.240527
1743737826.252457 0.009955 4.005798 4.858932 7.490691 6.052937 22.418313
1743737826.356207 0.010722 3.586619 4.728462 7.602467 8.477165 24.405435
1743737826.459837 0.009158 4.469804 5.137385 7.310548 8.228443 25.155338
1743737826.563587 0.010473 4.155059 4.795248 7.279220 8.429464 24.669464
1743737826.667337 0.011175 3.444804 4.468179 6.233107 8.417826 22.575091
1743737826.771087 0.012374 3.548720 4.568608 6.120250 8.505402 22.755354
1743737826.874957 0.010752 3.409986 4.538079 6.137737 8.270573 22.367127
1743737826.978707 0.010086 3.585234 4.529466 6.810976 8.299123 23.234885
1743737827.082587 0.009938 3.366199 4.618728 5.157809 8.249047 21.401721
1743737827.186457 0.009157 3.704050 4.745623 6.731849 8.170846 23.361525
1743737827.290337 0.009532 3.668628 4.407663 5.939224 8.189185 22.214232
1743737827.394347 0.009560 3.461498 4.541307 5.699864 8.073346 21.785575
1743737827.498337 0.011037 2.712430 4.659831 6.643736 7.591933 21.618967
1743737827.602217 0.008144 3.048470 6.498389 6.717017 7.799458 24.071478
1743737827.706237 0.010409 3.376556 4.545942 5.354112 8.192997 21.480016
1743737827.810097 0.009740 3.373493 4.548010 5.683111 8.420431 22.034785
1743737827.914087 0.009544 3.456347 4.612047 6.490180 8.547219 23.115337
1743737828.017967 0.010222 3.296964 4.582207 6.250191 8.717378 22.856962
1743737828.121967 0.010408 3.363840 4.610880 5.593500 8.440587 22.019215
1743737828.225887 0.010784 3.849743 6.725356 6.308965 8.822354 25.717202
1743737828.329717 0.010110 4.449297 6.729323 6.813240 8.099745 26.101715
1743737828.433587 0.009547 2.776374 4.299985 6.503959 8.083407 21.673272
1743737828.537337 0.008991 3.913060 4.501939 6.719184 8.542429 23.685603
1743737828.641217 0.009903 3.270720 4.390749 5.789671 8.321305 21.782348
1743737828.744987 0.009881 2.366068 4.335106 6.602962 4.976960 18.290977
1743737828.848717 0.011084 3.663881 4.848876 6.537130 8.527415 23.588386
1743737828.952337 0.008717 4.179163 6.578825 7.439862 8.411729 26.618296
1743737829.055957 0.010498 2.514152 4.777811 7.194128 5.936679 20.433268
1743737829.159587 0.009719 3.036260 4.810977 6.381710 8.191502 22.430168
1743737829.263237 0.009964 3.019307 4.712145 7.630081 8.361974 23.733471
1743737829.366837 0.010433 4.347311 7.884808 8.104389 9.281373 29.628314
1743737829.470467 0.009758 3.378406 5.724654 8.495655 8.753990 26.362463
1743737829.574087 0.010658 4.389108 5.459394 6.999791 9.108728 25.967679
1743737829.677837 0.009648 3.362770 5.010859 8.744046 8.570750 25.698073
1743737829.781467 0.009527 2.514243 5.175821 8.396529 6.131511 22.227631
1743737829.885217 0.010471 3.378107 5.122971 7.668156 8.398219 24.577924
1743737829.988837 0.010445 3.623096 5.442614 8.832851 8.877847 26.786853
1743737830.092597 0.009470 4.240239 5.643898 9.298384 8.532836 27.724827
1743737830.196357 0.009600 4.188082 5.876588 9.033325 8.658040 27.765635
1743737830.299977 0.010554 4.221307 8.715692 10.036569 8.872127 31.856249
1743737830.403717 0.010584 3.200566 5.581949 8.670415 8.428951 25.892465
1743737830.507467 0.009797 2.949678 5.717305 9.080918 8.188166 25.945864
1743737830.611217 0.010176 3.501348 5.592448 8.899217 8.383744 26.386933
1743737830.715087 0.010742 3.287454 5.638537 8.086542 8.518086 25.541361
1743737830.818927 0.011735 3.897286 5.751049 9.026289 8.816022 27.502381
1743737830.922597 0.010381 3.355890 5.914273 9.646863 8.641515 27.568922
1743737831.026357 0.010144 3.452184 6.196995 9.250417 8.761854 27.671594
1743737831.130087 0.010475 3.466664 6.028279 10.337614 8.926874 28.769906
1743737831.233857 0.010252 3.632567 6.488702 9.273405 8.895825 28.300751
1743737831.337587 0.010573 3.290319 6.892486 11.415317 8.761232 30.369927
1743737831.441337 0.011670 3.516006 6.787687 9.577964 8.809701 28.703028
1743737831.545207 0.014290 5.258343 8.219510 11.724548 9.855809 35.072500
1743737831.649027 0.010602 3.180976 6.981438 10.634299 8.733771 29.541086
1743737831.752837 0.009168 4.420530 7.702594 12.710429 8.756476 33.599197
1743737831.856617 0.010119 3.540763 7.564665 12.836579 9.126979 33.079105
1743737831.960337 0.010817 3.370333 7.622189 12.411384 8.364643 31.779366
1743737832.063967 0.011439 3.448768 8.408523 12.569295 9.098259 33.536284
1743737832.167717 0.010431 3.544114 8.508596 14.226150 9.243844 35.533135
1743737832.271357 0.011382 3.498003 8.594244 14.493846 8.739763 35.337238
1743737832.374967 0.010705 3.565107 9.191379 13.427061 8.822275 35.016527
1743737832.478617 0.010038 3.579432 9.834664 13.701453 8.753867 35.879454
1743737832.582427 0.009622 3.517035 9.552543 14.633712 8.670055 36.382967
1743737832.686107 0.010660 3.780346 10.225396 14.293102 8.949482 37.258986
1743737832.789717 0.010105 3.600086 10.558362 17.849971 8.620254 40.638778
1743737832.893487 0.009959 3.133354 11.009082 17.833482 8.222060 40.207937
1743737832.997097 0.010950 3.595429 11.276553 14.908746 8.867242 38.658920
1743737833.100837 0.010119 3.804664 11.934295 18.202473 8.966302 42.917853
1743737833.204607 0.010726 3.447996 11.762849 17.293498 8.822259 41.337328
1743737833.308347 0.010325 3.765064 12.084711 17.593591 8.924972 42.378663
1743737833.412087 0.010165 3.838801 13.259051 20.272983 9.153306 46.534306
1743737833.515837 0.011846 3.674756 13.276716 18.921067 9.689669 45.574054
1743737833.619717 0.009950 3.674290 12.928471 20.606770 9.234108 46.453589
1743737833.723597 0.010757 3.444404 13.372427 17.889404 8.795788 43.512780
1743737833.827467 0.011692 3.468412 13.728725 19.856915 9.124030 46.189774
1743737833.931337 0.011358 3.616599 13.798204 20.963816 9.335976 47.725953
1743737834.035217 0.010589 3.721717 14.519572 22.688958 9.266703 50.207539
1743737834.139097 0.010822 3.450662 14.868144 19.344500 8.972805 46.646933
1743737834.242967 0.010653 3.830815 15.350334 21.515367 9.352181 50.059350
1743737834.346717 0.010544 3.500219 15.309497 25.464736 9.022528 53.307524
1743737834.450587 0.010185 3.572058 16.209147 23.975078 8.736569 52.503037
1743737834.554467 0.009878 3.500784 15.764589 23.401265 9.061093 51.737609
1743737834.658237 0.010431 3.882516 16.115191 24.549833 9.233072 53.791043
1743737834.761967 0.009749 3.365015 15.397035 21.961196 8.507276 49.240271
1743737834.865717 0.008855 3.597415 15.882942 25.620137 6.823463 51.932812
1743737834.969617 0.009552 3.563573 17.504611 24.819130 9.171718 55.068584
1743737835.073337 0.009818 3.590408 15.305681 20.851604 8.609356 48.366867
1743737835.177087 0.010740 3.566554 14.465335 20.450998 9.195327 47.688954
1743737835.280717 0.010131 3.837197 15.797052 21.900327 9.295289 50.839996
1743737835.384467 0.011272 3.430112 14.734622 20.678084 9.016504 47.870594
1743737835.488347 0.011640 3.743313 14.497361 22.075223 9.157708 49.485245
1743737835.592117 0.012154 3.576632 14.464058 19.368644 9.178067 46.599555
1743737835.695987 0.011671 3.617806 13.306154 19.117163 8.799209 44.852003
1743737835.799717 0.012410 3.813148 12.534030 19.007997 8.796706 44.164291
1743737835.903597 0.010483 5.494495 13.103021 16.922764 9.633741 45.164504
1743737836.007477 0.009977 3.417062 11.135982 17.289515 8.158986 40.011522
1743737836.111347 0.011761 3.831528 11.069292 16.000003 8.967945 39.880529
1743737836.215097 0.011193 3.875013 11.074957 17.712971 8.993683 41.667817
1743737836.318867 0.010134 3.850926 11.776009 18.531092 8.843693 43.011854
1743737836.422597 0.010973 3.867772 11.215071 17.240850 9.128252 41.462918
1743737836.526217 0.011887 3.541569 11.762168 18.685453 8.690622 42.691699
1743737836.629847 0.011307 3.593855 11.910909 21.091425 8.912702 45.520198
1743737836.733597 0.011124 3.722850 11.786328 15.933434 9.009566 40.463302
1743737836.837227 0.011036 3.783754 12.180387 17.821246 9.061353 42.857776
1743737836.940977 0.012125 3.859896 12.229880 18.747105 9.449609 44.298615
1743737837.044597 0.011691 3.514367 12.473675 16.886910 8.959379 41.846022
1743737837.148347 0.011785 3.671241 11.860079 18.107103 9.163602 42.813810
1743737837.252117 0.010164 3.559255 11.536239 18.378916 8.918158 42.402732
1743737837.355867 0.011443 3.525805 10.937980 16.654091 9.046612 40.175931
1743737837.459467 0.010660 3.439977 11.060162 17.736035 8.740188 40.987022
1743737837.563227 0.010438 4.464912 10.356250 15.745508 8.366294 38.943402
1743737837.666847 0.010014 3.580291 9.893555 16.206928 8.835273 38.526061
1743737837.770607 0.010352 3.407924 8.943474 15.204021 8.711704 36.277475
1743737837.874347 0.010910 3.232149 8.491523 14.674970 8.604907 35.014459
1743737837.978097 0.011690 3.462611 7.963409 14.021851 8.915146 34.374707
1743737838.081847 0.010028 3.259791 7.673725 13.410273 8.695337 33.049154
1743737838.185467 0.010107 2.709137 6.959958 12.193869 6.024882 27.897953
1743737838.289227 0.010081 3.472908 7.329826 11.461826 8.803280 31.077921
1743737838.392967 0.010339 3.668157 7.287262 12.238235 9.074116 32.278109
1743737838.496727 0.009419 3.458443 6.975426 11.957607 8.994202 31.395097
1743737838.600347 0.010146 3.548996 6.881341 11.071245 8.906218 30.417946
1743737838.704097 0.009543 3.684359 7.261651 12.574190 8.872697 32.402440
1743737838.807717 0.009700 3.281482 7.012887 11.213530 8.606051 30.123650
1743737838.911477 0.010278 3.580189 6.753657 11.588368 9.488407 31.420899
1743737839.015227 0.010646 3.473910 6.953768 11.616029 8.962996 31.017349
1743737839.118987 0.010494 3.895658 6.952926 11.886053 9.569366 32.314497
1743737839.222597 0.009991 3.500924 6.784964 10.832425 9.166519 30.294823
1743737839.326347 0.009540 4.690471 7.396566 11.766129 9.194264 33.056970
1743737839.430097 0.009893 3.432628 6.632993 12.398961 8.872987 31.347462
1743737839.533987 0.009646 3.738844 6.751193 11.563202 8.937068 30.999953
1743737839.637597 0.010459 3.418271 6.932209 12.543481 9.144679 32.049099
1743737839.741347 0.008249 3.171635 8.503040 10.836217 8.941374 31.460515
1743737839.845097 0.009632 2.945062 6.645150 10.405722 6.612495 26.618061
1743737839.948867 0.008430 4.397673 6.733010 9.977039 8.895314 30.011466
1743737840.052477 0.009965 4.993920 10.032558 10.888267 6.326520 32.251230
1743737840.156227 0.010455 3.421315 6.532734 9.866474 9.123968 28.954946
1743737840.259847 0.009692 3.499141 6.475878 9.527559 8.656868 28.169138
1743737840.363597 0.009228 3.662472 6.613106 8.996316 8.568929 27.850051
1743737840.467347 0.009153 3.800267 10.038170 9.451309 6.313053 29.611952
1743737840.570977 0.009682 3.371107 6.448348 8.510604 8.599210 26.938951
1743737840.674727 0.015150 3.169253 6.759297 10.294113 8.506645 28.744458
1743737840.778347 0.009648 2.910898 6.413340 9.320569 8.176697 26.831152
1743737840.882097 0.010867 2.996074 6.561555 10.544446 8.540616 28.653558
1743737840.985847 0.010093 3.737141 6.383350 8.805788 8.821855 27.758227
1743737841.089727 0.010119 2.886518 6.596417 10.833391 5.451724 25.778169
1743737841.193377 0.009863 3.513821 6.545862 9.739446 9.078677 28.887669
1743737841.297097 0.009701 3.382193 6.734825 10.997017 8.624794 29.748530
1743737841.400867 0.010089 3.742763 6.997315 11.566603 9.144354 31.461124
1743737841.504477 0.009693 3.552299 7.656141 11.146849 9.004383 31.369365
1743737841.608227 0.011302 4.415656 11.103449 11.532454 9.762467 36.825328
1743737841.711977 0.011094 3.421840 7.719341 11.615673 8.867437 31.635385
1743737841.815597 0.009892 3.651820 7.860994 12.809517 9.085706 33.417929
1743737841.919347 0.010819 5.756101 9.703405 13.961117 10.526021 39.957463
1743737842.022997 0.011745 3.651645 8.410487 14.009247 9.325280 35.408404
1743737842.126727 0.009720 3.654335 8.536054 12.314367 8.804397 33.318873
1743737842.230347 0.010160 3.652312 8.241541 11.823244 9.090462 32.817719
1743737842.334107 0.009563 3.677781 8.089493 14.699423 8.865618 35.341878
1743737842.437857 0.010260 3.635848 8.399415 14.716720 9.075137 35.837380
1743737842.541597 0.009962 3.519840 8.401552 13.546886 8.876066 34.354306
1743737842.645347 0.010757 3.611366 8.712934 12.356725 9.135037 33.826819
1743737842.749097 0.009795 3.681650 9.138800 17.231805 9.095533 39.157583
1743737842.852857 0.009817 3.648027 8.734938 13.327810 8.917726 34.638318
1743737842.956607 0.009450 3.781551 9.017024 13.977683 8.750968 35.536676
1743737843.060357 0.016445 3.631337 8.476222 13.709463 9.089110 34.922577
1743737843.164107 0.010200 3.495819 8.638327 13.774118 8.758344 34.676808
1743737843.267857 0.009691 3.841158 8.610574 13.127781 9.023731 34.612935
1743737843.371477 0.009336 3.675792 8.736863 15.289149 8.622811 36.333951
1743737843.475227 0.009842 3.801564 8.684000 14.311966 8.893419 35.700791
1743737843.578847 0.009979 2.877630 8.366516 15.828371 6.105282 33.187778
1743737843.682477 0.010736 3.672144 8.512745 14.961688 9.288240 36.445553
1743737843.786097 0.010399 3.579378 8.525576 13.319023 8.718252 34.152628
1743737843.889857 0.010328 3.754182 9.049173 14.504867 8.949633 36.268183
1743737843.993607 0.005835 2.958739 8.576041 13.667345 5.234235 30.442195
1743737844.097347 0.010046 5.135830 9.200100 14.211018 9.274746 37.831740
1743737844.201097 0.009993 3.431649 9.131561 14.381240 8.647220 35.601663
1743737844.304977 0.010139 4.740032 9.038625 13.216063 9.004404 36.009263
1743737844.408977 0.010156 3.382735 8.694282 14.258383 8.869233 35.214789
1743737844.512977 0.010302 3.777457 8.625593 13.839392 9.054217 35.306961
1743737844.616977 0.009955 3.511383 8.611109 13.742405 8.685819 34.560671
1743737844.720977 0.010549 3.714690 8.603849 13.443959 8.928137 34.701184
1743737844.825107 0.010284 3.394951 8.858289 14.052478 8.727297 35.043299
1743737844.929107 0.009786 3.453922 8.864541 13.531503 9.082532 34.942284
1743737845.032977 0.010415 3.327391 8.476060 13.353137 9.022202 34.189205
1743737845.136977 0.009834 3.776339 9.225633 14.941697 8.899650 36.853153
1743737845.240857 0.009881 3.291284 8.579724 13.769932 8.548030 34.198851
1743737845.344727 0.010066 3.596137 8.958481 14.744428 8.799974 36.109086
1743737845.448477 0.009601 3.386906 9.202141 12.460945 8.926315 33.985908
1743737845.552227 0.010196 3.950701 9.699850 15.152399 9.293846 38.106992
1743737845.655977 0.011557 3.902579 9.784000 16.281562 10.280778 40.260476
1743737845.759637 0.010441 3.603029 9.869328 15.895443 9.179550 38.557791
1743737845.863377 0.010639 3.880381 9.829942 15.282433 9.511351 38.514746
1743737845.967107 0.011076 3.780459 9.832678 17.250610 9.708382 40.583205
1743737846.070857 0.011162 3.744952 9.438660 15.767739 9.448741 38.411254
1743737846.174477 0.010894 3.627246 9.688486 17.563812 9.250012 40.140450
1743737846.278237 0.010921 3.688732 9.647967 16.219434 9.333530 38.900584
1743737846.381977 0.011121 3.708810 9.557461 16.619798 9.203248 39.100438
1743737846.485727 0.011246 3.791755 9.907588 16.174737 9.374945 39.260271
1743737846.589357 0.008910 5.947455 11.221258 19.633256 8.068153 44.879032
1743737846.693097 0.010085 3.948549 9.512073 17.485317 9.445900 40.401924
1743737846.796857 0.010368 3.364186 9.690842 18.475120 5.821641 37.362157
1743737846.900607 0.010208 3.860186 9.699171 17.500897 9.550819 40.621281
1743737847.004227 0.009726 3.619832 9.082115 15.916281 9.294535 37.922489
1743737847.107987 0.010973 3.616190 9.500890 17.390777 9.110553 39.629383
1743737847.211607 0.010381 3.783229 9.691306 15.381489 9.270846 38.137251
1743737847.315237 0.010656 3.540762 9.699894 16.273463 9.131906 38.656681
1743737847.418977 0.011097 3.702835 9.693895 17.482899 9.374732 40.265458
1743737847.522607 0.009920 3.581264 9.695531 15.303567 9.340978 37.931260
1743737847.626357 0.010085 3.755990 10.864747 15.855625 9.611136 40.097583
1743737847.729987 0.010741 3.490262 9.652957 16.887791 9.335642 39.377393
1743737847.833737 0.010467 3.567889 9.739589 15.277519 9.207473 37.802937
1743737847.937357 0.010788 3.636918 9.635301 14.892874 9.208396 37.384277
1743737848.041117 0.010582 3.020702 9.408962 17.117118 7.722984 37.280348
1743737848.144737 0.011300 3.688611 9.390255 16.893447 8.957423 38.941036
1743737848.248487 0.010244 3.681685 9.405042 15.882296 9.005885 37.985152
1743737848.352107 0.009865 3.667758 10.154837 16.108219 9.168751 39.109430
1743737848.455857 0.010818 3.892481 10.172112 16.515916 9.535140 40.126467
1743737848.559607 0.011942 3.568520 10.148773 15.702384 9.764327 39.195946
1743737848.663237 0.011087 5.764198 13.078799 17.149068 10.200603 46.203755
1743737848.766997 0.010573 3.421575 10.094220 15.728644 8.830276 38.085288
1743737848.870607 0.010178 4.067843 11.017561 16.593477 9.297665 40.986724
1743737848.974357 0.009961 3.196926 10.982753 17.603106 6.000144 37.792890
1743737849.078107 0.005889 3.190381 11.029784 16.367269 6.390421 36.983744
1743737849.181877 0.011011 4.708558 11.241763 16.529555 9.500505 41.991392
1743737849.285607 0.012248 3.707466 11.136421 15.706067 9.225143 39.787345
1743737849.389377 0.011491 3.485546 11.207687 17.098037 8.898218 40.700979
1743737849.493147 0.010362 3.834825 11.505831 16.642663 9.140505 41.134186
1743737849.596857 0.011083 3.463102 10.837098 15.242753 8.890638 38.444674
1743737849.700757 0.010784 5.667500 11.470021 18.199122 10.173697 45.521124
1743737849.804507 0.011134 3.293363 10.620121 14.637790 8.987267 37.549675
1743737849.908247 0.009810 5.688990 11.781590 16.243505 8.242000 41.965895
1743737850.011877 0.010758 3.513706 11.579415 18.037053 8.261793 41.402725
1743737850.115777 0.010247 3.465869 10.302616 16.468249 9.497211 39.744192
1743737850.219377 0.011169 3.573961 13.324517 16.864324 7.288849 41.062820
1743737850.323117 0.012160 3.623328 10.764263 15.414657 9.695941 39.510349
1743737850.426857 0.009704 3.514136 10.720821 16.178059 8.859639 39.282359
1743737850.530607 0.010308 3.758456 10.573366 15.568853 9.275250 39.186233
1743737850.634357 0.011607 5.259307 14.144283 15.606148 9.689561 44.710906
1743737850.738147 0.009939 5.656670 12.636644 15.304343 9.977749 43.585345
1743737850.841977 0.010993 3.420285 10.469256 14.189614 9.207329 37.297477
1743737850.945607 0.011417 3.784904 10.586682 16.724770 9.374720 40.482493
1743737851.049357 0.010182 3.358490 10.975688 15.419354 6.664217 36.427931
1743737851.153157 0.011602 3.722669 10.305958 15.411892 9.425959 38.878080
1743737851.256857 0.009901 3.646938 10.679614 14.233088 9.427743 37.997284
1743737851.360627 0.010626 3.822690 11.100536 16.990458 9.468265 41.392575
1743737851.464357 0.010303 3.620826 11.117730 16.582524 9.202755 40.534138
1743737851.568107 0.011061 3.731691 10.987542 16.503176 9.133902 40.367372
1743737851.671987 0.011708 3.461011 10.637418 15.620497 8.759632 38.490266
1743737851.775737 0.010681 3.884072 10.057025 14.580093 9.390078 37.921949
1743737851.879487 0.011604 3.769285 9.876784 15.392212 9.025026 38.074911
1743737851.983237 0.011130 3.889402 10.104451 15.325121 9.155343 38.485447
1743737852.087107 0.011285 3.650507 9.812260 16.444705 9.014562 38.933319
1743737852.190867 0.010183 5.568268 10.154361 14.531844 9.254071 39.518727
1743737852.294607 0.010466 3.769894 9.415707 14.022400 8.762128 35.980595
1743737852.398487 0.010896 3.968955 9.391044 14.937086 8.716892 37.024873
1743737852.502357 0.011670 3.815333 9.193014 14.441333 8.767697 36.229047
1743737852.606237 0.010336 3.994188 8.883976 11.807567 9.055112 33.751179
1743737852.709987 0.010694 3.685508 9.110094 14.437279 8.836206 36.079781
1743737852.813867 0.011164 3.912018 8.867951 12.786769 9.172140 34.750042
1743737852.917737 0.010128 3.864185 8.823828 14.729152 8.864803 36.292096
1743737853.021617 0.009262 4.555110 9.243815 14.310238 8.949316 37.067741
1743737853.125487 0.008308 5.885062 10.189796 14.182267 8.380654 38.646087
1743737853.229377 0.013895 3.779348 9.961673 15.616988 8.959917 38.331821
1743737853.333237 0.010425 3.859274 9.940634 15.707825 8.894243 38.412401
1743737853.436987 0.011260 3.792285 10.570896 19.375233 8.852556 42.602230
1743737853.540867 0.011362 3.405437 10.055278 16.191928 5.604631 35.268636
1743737853.644617 0.009559 5.657163 10.521829 16.612881 9.479010 42.280442
1743737853.748487 0.009774 4.604985 14.249694 15.665615 9.787009 44.317077
1743737853.852257 0.010766 4.084032 10.058511 15.855681 9.504147 39.513137
1743737853.955987 0.010397 3.555347 9.603235 15.828152 8.882342 37.879473
1743737854.059737 0.011162 3.817884 9.936281 16.809654 9.244991 39.819972
1743737854.163507 0.010867 3.865325 10.297953 15.770315 9.269914 39.214374
1743737854.267237 0.010912 3.571339 10.410135 17.250398 9.104391 40.347175
1743737854.370867 0.011298 4.011883 10.665807 18.584297 9.496180 42.769465
1743737854.474617 0.010430 3.932326 10.917444 15.711847 9.609659 40.181706
1743737854.578367 0.011003 3.671140 11.087864 19.271450 9.166277 43.207734
1743737854.682007 0.010518 3.827109 11.859990 18.296185 9.452129 43.445931
1743737854.785757 0.010484 3.491055 11.081927 17.772874 8.537739 40.894079
1743737854.889367 0.010671 3.778390 11.556258 18.203816 9.544845 43.093980
1743737854.993117 0.010552 3.857659 11.442731 17.087688 9.119028 41.517658
1743737855.096747 0.011930 3.607388 11.849677 16.740556 8.936713 41.146264
1743737855.200487 0.009759 3.869764 11.867058 18.167739 9.449930 43.364250
1743737855.304137 0.010469 3.894511 11.640704 15.117759 9.530428 40.193871
1743737855.407867 0.010276 3.735852 11.579787 17.734803 9.024404 42.085122
1743737855.511617 0.011040 3.782816 11.684826 16.811358 9.208313 41.498353
1743737855.615237 0.010066 3.743492 11.445642 14.601817 9.158339 38.959356
1743737855.718987 0.010853 3.886994 11.726531 16.433929 9.218492 41.276799
1743737855.822617 0.010459 3.601075 11.175040 15.318853 9.173391 39.278818
1743737855.926367 0.010286 3.758295 11.383425 16.021924 9.317925 40.491855
1743737856.029987 0.009667 3.878687 11.902197 15.258927 9.330498 40.379976
1743737856.133807 0.010421 3.795667 11.509479 13.846687 9.535385 38.697639
1743737856.237397 0.016589 3.626475 11.236344 15.359333 9.499253 39.737994
1743737856.341117 0.010875 3.807156 10.580481 13.596794 9.433411 37.428717
1743737856.444807 0.009904 3.777877 11.371543 16.397436 9.325586 40.882346
1743737856.548507 0.009813 3.614405 11.174132 15.681674 9.283553 39.763577
1743737856.652267 0.010877 3.636074 11.091509 14.196711 9.447747 38.382918
1743737856.756027 0.010856 3.729012 10.250301 13.872510 9.310781 37.173460
1743737856.859807 0.011012 3.501245 10.019243 13.272731 9.196956 36.001187
1743737856.963417 0.010764 3.673389 9.814091 13.131768 9.205118 35.835130
1743737857.067017 0.010116 3.760462 9.540922 13.107002 9.232007 35.650509
1743737857.170767 0.010478 4.459105 10.044228 14.283227 9.964063 38.761101
1743737857.274377 0.011032 3.557649 9.042359 14.686160 9.333803 36.631003
1743737857.378127 0.010882 3.692105 8.915023 13.078491 9.136751 34.833252
1743737857.481747 0.010431 3.525232 8.558201 12.656442 9.113013 33.863319
1743737857.585497 0.010088 3.720696 8.123127 12.590301 9.213434 33.657646
1743737857.689137 0.010132 3.665839 7.856503 10.821197 9.040858 31.394529
1743737857.792747 0.011562 3.731170 7.737405 11.607475 9.328384 32.415996
1743737857.896487 0.011354 3.576260 7.508006 11.778383 8.912033 31.786036
1743737858.000117 0.011057 3.551554 7.598853 11.399526 9.296850 31.857840
1743737858.103867 0.010055 3.727833 8.014449 13.145710 9.049356 33.947403
1743737858.207487 0.006628 4.236508 7.759890 11.652036 8.163381 31.818443
1743737858.311247 0.011052 3.802925 7.786828 11.940539 9.198541 32.739885
1743737858.414987 0.009488 3.492694 7.947345 13.872258 8.683855 34.005640
1743737858.518747 0.010264 3.801552 8.088080 13.246315 9.143888 34.290099
1743737858.622497 0.010984 3.636500 8.444357 11.902152 8.796383 32.790376
1743737858.726247 0.009832 3.679303 7.847660 11.993373 8.959924 32.490092
1743737858.829997 0.010827 3.622705 7.816158 10.611289 8.893884 30.954863
1743737858.933747 0.009277 5.129539 8.343341 13.770219 8.774904 36.027280
1743737859.037497 0.009733 3.102111 7.809816 14.008117 7.080498 32.010275
1743737859.141247 0.010530 3.651767 7.871420 11.728194 9.052348 32.314259
1743737859.244997 0.009786 4.051676 7.682122 12.450129 9.228294 33.422007
1743737859.348747 0.010174 3.582175 7.597844 11.712441 8.919395 31.822029
1743737859.452367 0.009637 5.113261 10.584429 12.222274 9.186068 37.115669
1743737859.556117 0.010040 3.423517 6.994548 10.678690 8.987501 30.094296
1743737859.659867 0.011106 3.415329 8.746796 10.820147 7.553126 30.546504
1743737859.763617 0.010946 5.328486 9.018160 10.728144 10.458891 35.544627
1743737859.867367 0.010768 3.238714 6.629809 11.208190 9.233196 30.320677
1743737859.971117 0.010859 3.510443 6.523098 11.183810 9.044834 30.273044
1743737860.074867 0.009538 3.446883 6.488817 9.842293 9.184245 28.971776
1743737860.178617 0.010032 3.498613 6.357648 10.208579 9.216896 29.291768
1743737860.282367 0.010549 3.223909 6.351052 10.329323 8.973426 28.888259
1743737860.385997 0.009337 3.381725 5.962368 10.021978 8.893313 28.268721
1743737860.489747 0.009857 3.476204 5.989710 9.352221 8.904927 27.732919
1743737860.593387 0.010427 3.419960 5.920093 8.917313 8.699725 26.967518
1743737860.697127 0.010478 3.389000 5.767407 9.010250 8.937071 27.114206
1743737860.800877 0.010110 3.487868 5.889255 8.430642 8.803128 26.621003
1743737860.904617 0.010619 3.300690 5.895285 8.836896 8.891431 26.934921
1743737861.008497 0.010357 3.309429 5.732715 9.170615 8.771908 26.995024
1743737861.112247 0.010933 3.664481 5.924800 8.685883 10.120640 28.406737
1743737861.215997 0.009772 2.669087 6.013676 10.803652 8.298864 27.795051
1743737861.319867 0.011025 3.145048 5.793754 8.290180 8.787658 26.027665
1743737861.423627 0.009324 3.483603 6.037319 8.646686 8.784925 26.961857
1743737861.527497 0.010294 3.196484 5.756517 9.700520 8.676071 27.339886
1743737861.631247 0.010120 3.542302 6.322870 9.481404 8.963750 28.320446
1743737861.734997 0.010182 3.500813 6.029834 10.066194 9.059548 28.666571
1743737861.838747 0.010014 2.636266 7.360325 8.769260 8.130537 26.906402
1743737861.942497 0.009445 3.721984 6.677461 10.798262 8.866928 30.074080
1743737862.046247 0.009692 2.731931 6.395137 9.411360 6.264646 24.812766
1743737862.149867 0.009845 4.764921 6.957896 11.043779 9.304138 32.080579
1743737862.253617 0.009839 3.104994 6.616393 8.527594 8.102090 26.360910
1743737862.357397 0.010671 4.823527 8.070769 10.634990 9.316453 32.856410
1743737862.461167 0.010446 4.254221 6.867407 9.647506 9.173548 29.953128
1743737862.564887 0.009969 4.982304 8.353635 10.191613 9.241743 32.779264
1743737862.668757 0.009897 4.080414 6.855675 9.596152 9.017224 29.559362
1743737862.772497 0.010398 3.440944 6.492855 9.283841 9.070358 28.298396
1743737862.876257 0.009566 3.499748 6.079585 8.867476 9.024056 27.480431
1743737862.980097 0.010079 3.392032 5.698014 9.007915 8.924890 27.032930
1743737863.083877 0.009626 4.322533 5.812318 9.090569 8.897875 28.132921
1743737863.187707 0.010412 3.201038 5.252676 8.580966 8.887596 25.932688
1743737863.291377 0.015528 3.751061 5.232011 7.591223 8.733388 25.323211
1743737863.395147 0.010725 4.677758 6.671778 8.278738 8.986435 28.625434
1743737863.498877 0.010400 3.428444 4.725169 7.403785 8.708205 24.276003
1743737863.602627 0.009155 2.690931 4.758918 7.476127 7.488320 22.423451
1743737863.706377 0.011147 2.736596 4.862380 8.012989 7.471407 23.094519
1743737863.810117 0.011100 3.279442 4.804197 7.517754 9.389190 25.001683
1743737863.914017 0.011180 3.848740 8.242409 8.217385 8.929390 29.249104
1743737864.017747 0.005580 4.641371 5.947248 7.540523 7.317036 25.451758
1743737864.121627 0.009839 4.600866 5.474949 7.427795 8.775408 26.288857
1743737864.225497 0.010114 3.734918 4.698816 6.374855 9.080356 23.899059
1743737864.329257 0.009633 3.036612 4.617484 8.694148 8.430127 24.788004
1743737864.433127 0.009434 3.450897 4.715137 6.189295 8.579524 22.944287
1743737864.536877 0.009978 4.727532 6.254014 7.404304 9.103096 27.498924
1743737864.640747 0.009706 4.949905 7.298473 7.381552 9.109326 28.748962
1743737864.744497 0.009200 3.214457 4.960211 7.242456 8.822155 24.248479
1743737864.848497 0.009211 3.683077 5.098070 6.961409 8.706400 24.458167
1743737864.952397 0.010163 3.466705 5.197732 6.723615 8.680421 24.078636
1743737865.056247 0.009643 3.537876 5.232972 8.731843 8.711563 26.223897
1743737865.160127 0.011308 3.451027 5.389138 8.543627 8.829877 26.224977
1743737865.264007 0.010028 3.511490 5.544072 7.917755 8.948400 25.931745
1743737865.367877 0.009605 3.438174 5.725843 8.107840 8.770448 26.051910
1743737865.471627 0.009344 3.765869 5.788379 8.862843 8.835100 27.261535
1743737865.575377 0.010525 3.642795 5.778160 9.389698 8.551739 27.372917
1743737865.679127 0.010388 3.616987 5.440026 7.480024 8.750793 25.298218
1743737865.782757 0.009481 5.299292 7.721101 8.774742 7.044213 28.848829
1743737865.886497 0.011554 3.810703 6.255063 11.393342 9.263834 30.734496
1743737865.990127 0.009436 3.781675 5.208848 8.159197 9.044713 26.203869
1743737866.093897 0.010161 3.616637 4.960002 7.789074 8.829952 25.205826
1743737866.197617 0.010351 3.486671 4.872397 8.000899 7.836893 24.207211
1743737866.301377 0.010110 3.808215 5.587932 7.688584 9.666387 26.761228
1743737866.405127 0.010376 3.444273 5.184622 8.189977 9.383963 26.213211
1743737866.508877 0.009368 3.478901 4.990176 8.431301 8.921665 25.831411
1743737866.612627 0.010446 3.559692 4.793835 7.015757 8.754178 24.133908
1743737866.716397 0.010652 3.623156 4.718784 6.925546 8.814036 24.092174
1743737866.819997 0.010033 3.656400 5.026105 8.855359 8.910563 26.458460
1743737866.923777 0.009351 4.980441 5.771290 8.338531 9.103306 28.202919
1743737867.027417 0.009576 3.665648 5.309776 7.877844 8.793551 25.656395
1743737867.131147 0.011039 3.638067 5.091603 8.253237 8.973870 25.967816
1743737867.234757 0.009975 3.526052 5.159778 7.385327 8.700855 24.781987
1743737867.338507 0.006667 4.441339 5.310467 7.735209 7.212576 24.706258
1743737867.442247 0.009690 3.579902 5.062595 6.774293 8.907872 24.334352
1743737867.546007 0.010075 3.569761 5.347656 8.206147 8.926467 26.060106
1743737867.649637 0.009926 3.414936 5.321519 7.702640 8.820287 25.269308
1743737867.753417 0.010547 3.470615 5.176079 7.856178 9.233632 25.747051
1743737867.857127 0.010359 2.695633 5.151846 8.204213 6.985837 23.047888
1743737867.960877 0.009340 4.914916 5.544780 7.545968 9.340692 27.355696
1743737868.064657 0.009404 3.831364 9.051395 8.655691 5.774319 27.322173
1743737868.168427 0.010146 3.852562 5.445872 8.268012 9.167664 26.744256
1743737868.272217 0.009546 3.534964 5.330475 8.026759 9.139237 26.040981
1743737868.375877 0.010783 3.869467 5.334616 8.903417 9.081835 27.200118
1743737868.479777 0.010515 3.687096 5.659057 7.908108 8.860747 26.125523
1743737868.583747 0.009756 3.913274 5.987706 9.561034 9.001330 28.473100
1743737868.687627 0.009546 4.229167 6.089772 8.404324 9.909274 28.642083
1743737868.791627 0.009972 3.592789 6.126206 7.959263 9.313233 27.001463
1743737868.895647 0.010844 3.321954 6.484427 9.012741 9.154458 27.984424
1743737868.999507 0.009635 3.793589 6.933814 10.119203 9.510213 30.366454
1743737869.103377 0.010532 4.299961 7.091317 9.936688 9.578075 30.916573
1743737869.207257 0.010150 3.462821 7.630741 10.699989 9.189368 30.993069
1743737869.311257 0.010445 3.454401 7.998420 12.030154 9.369062 32.862482
1743737869.415127 0.012694 3.749219 8.356870 11.077174 9.508886 32.704843
1743737869.519007 0.009160 4.577134 10.233656 14.139428 9.995309 38.954687
1743737869.622877 0.009835 5.748708 10.952792 15.158605 10.234596 42.104536
1743737869.726627 0.010434 3.515896 9.739318 15.617869 9.204767 38.088284
1743737869.830497 0.011123 3.999026 12.921267 15.462374 10.026892 42.420682
1743737869.934257 0.017549 3.399805 10.561446 16.667018 9.276952 39.922770
1743737870.038007 0.011652 3.708938 10.904713 15.623123 9.385960 39.634386
1743737870.141777 0.010741 3.406390 11.144280 17.897939 9.113712 41.573062
1743737870.245507 0.010988 3.654644 11.319633 15.874843 9.288766 40.148874
1743737870.349127 0.010223 3.558413 11.516341 17.405419 9.178944 41.669340
1743737870.452887 0.010219 3.902231 12.223668 19.504829 9.625757 45.266704
1743737870.556527 0.010577 3.458326 11.236867 17.490878 9.025155 41.221803
1743737870.660257 0.010453 3.684810 11.810323 18.503381 9.692296 43.701263
1743737870.763897 0.010219 3.452071 12.031564 19.102037 9.185184 43.781075
1743737870.867507 0.010415 3.607490 12.245545 18.707340 9.702370 44.273160
1743737870.971127 0.010914 3.578776 12.055838 21.131040 9.694266 46.470834
1743737871.074877 0.010830 3.361843 12.275408 19.958116 9.035457 44.641654
1743737871.178527 0.010530 3.989430 12.855469 20.449731 9.713424 47.018584
1743737871.282137 0.010356 3.598558 12.833973 21.268756 9.422187 47.133830
1743737871.385877 0.006127 3.231821 12.454387 22.273172 5.686452 43.651959
1743737871.489507 0.010840 3.629355 12.269134 21.238768 9.336028 46.484125
1743737871.593257 0.011055 3.604074 12.483727 22.526947 9.469192 48.094995
1743737871.696877 0.010254 3.436654 11.893528 21.873168 9.371170 46.584774
1743737871.800627 0.011361 3.477946 12.121213 22.529180 9.704344 47.844044
1743737871.904387 0.011475 3.893441 12.471017 22.045220 10.404832 48.825985
1743737872.008007 0.009688 3.674665 13.104241 21.482094 8.216089 46.486777
1743737872.111757 0.014484 3.993800 13.563330 22.579406 9.926503 50.077523
1743737872.215507 0.011643 3.495483 13.041572 21.976632 9.441069 47.966399
1743737872.319127 0.011070 3.413564 12.617917 22.851911 9.140751 48.035213
1743737872.422887 0.010399 3.613019 13.174837 23.754466 9.379228 49.931949
1743737872.526507 0.010629 3.568524 13.139131 23.773901 9.477372 49.969557
1743737872.630127 0.010558 3.488060 12.988794 21.994892 9.194196 47.676500
1743737872.733907 0.010021 3.560973 13.114385 23.833276 9.284678 49.803333
1743737872.837507 0.011028 3.346492 13.080034 23.771116 8.994157 49.202827
1743737872.941257 0.011275 3.417078 12.965623 24.196434 9.273699 49.864109
1743737873.044887 0.010081 3.513441 13.024753 23.426927 9.212386 49.187588
1743737873.148637 0.011029 3.476599 12.767903 23.804735 9.203826 49.264092
1743737873.252257 0.009780 3.413888 14.706210 23.887536 7.223545 49.240959
1743737873.355887 0.010662 3.871261 13.209311 25.100048 9.708101 51.899383
1743737873.459507 0.010355 3.563914 13.306791 23.971209 9.218597 50.070866
1743737873.563137 0.011352 3.208788 12.691116 22.144709 8.585771 46.641736
1743737873.666897 0.011371 3.286236 12.689619 23.070358 9.156593 48.214177
1743737873.770507 0.011517 3.304087 13.613129 22.876363 8.975300 48.780396
1743737873.874137 0.007144 3.573570 13.658592 25.996449 6.489921 49.725676
1743737873.977897 0.010745 3.383264 13.513139 23.097924 9.474016 49.479088
1743737874.081507 0.011013 3.392082 13.346017 20.892630 9.276933 46.918675
1743737874.185137 0.010649 3.591701 12.975378 23.260016 9.506634 49.344378
1743737874.288887 0.010709 3.758767 13.285091 24.657234 9.915939 51.627740
1743737874.392517 0.010602 3.267877 13.080651 23.032777 8.715112 48.107019
1743737874.496137 0.010505 3.916338 13.134365 23.508489 10.014522 50.584219
1743737874.599887 0.010829 3.286535 12.956843 22.632909 8.822054 47.709170
1743737874.703637 0.010895 3.149749 13.002549 21.123909 8.490210 45.777312
1743737874.807387 0.010813 3.316746 12.802382 22.218805 9.020413 47.369159
1743737874.911137 0.011291 3.254087 12.313678 22.272061 8.836656 46.687773
1743737875.014887 0.011455 3.505240 12.750806 21.144608 9.468847 46.880956
1743737875.118657 0.011099 3.598450 12.379058 21.962588 9.674814 47.626009
1743737875.222387 0.011217 3.585765 12.382231 21.416507 9.596576 46.992296
1743737875.326137 0.011677 3.660289 11.871734 22.521970 9.477065 47.542735
1743737875.429767 0.010094 3.311024 12.264019 22.777492 9.595367 47.957996
1743737875.533507 0.010305 3.335049 12.138623 22.036349 8.925615 46.445941
1743737875.637257 0.010092 3.547682 12.594878 21.812674 9.374550 47.339876
1743737875.741137 0.010883 3.461706 13.165925 21.921591 9.093221 47.653326
1743737875.844887 0.006390 3.171890 12.373399 23.754370 5.749023 45.055072
1743737875.948657 0.011272 3.351482 12.979642 24.226434 6.780056 47.348886
1743737876.052537 0.009865 3.529249 12.862081 22.239552 9.342027 47.982774
1743737876.156387 0.010798 3.422091 12.612538 23.198145 9.043486 48.287058
1743737876.260137 0.011727 3.533817 12.636516 23.695473 9.446393 49.323926
1743737876.364017 0.010468 3.466988 13.003356 23.896831 9.433110 49.810753
1743737876.467757 0.007337 3.906966 12.873748 21.668574 8.864927 47.321552
1743737876.571637 0.010151 3.523720 12.283572 23.406161 9.502489 48.726093
1743737876.675387 0.010308 3.506881 12.619315 23.254741 9.492459 48.883704
1743737876.779147 0.010762 3.497177 12.412332 22.278594 9.346096 47.544961
1743737876.883007 0.011392 3.681598 12.531523 22.146217 9.803548 48.174278
1743737876.986637 0.009539 3.997337 17.217972 22.571554 8.650962 52.447364
1743737877.090507 0.010829 3.392922 12.409765 22.469448 8.896815 47.179779
1743737877.194257 0.012377 3.603721 12.525501 23.645279 9.588425 49.375303
1743737877.298007 0.010086 3.520103 12.543771 23.466317 8.986545 48.526822
1743737877.401767 0.011994 3.593409 13.010903 21.541064 9.473195 47.630565
1743737877.505387 0.010390 3.745972 12.796263 21.642562 9.571743 47.766930
1743737877.609147 0.010696 3.670078 12.466110 21.246412 9.510295 46.903591
1743737877.713017 0.010651 4.042122 13.523689 21.832019 9.883190 49.291671
1743737877.816767 0.010669 3.381446 12.480347 20.462303 8.960860 45.295625
1743737877.920537 0.009324 3.291105 12.832700 24.456419 7.025655 47.615203
1743737878.024287 0.010691 3.687556 12.724325 21.210155 9.657424 47.290151
1743737878.128017 0.010270 3.513357 12.633800 20.406380 9.207639 45.771446
1743737878.231767 0.010490 3.668830 12.684405 21.984017 9.565568 47.913310
1743737878.335517 0.013291 3.706177 13.783335 22.471567 10.726168 50.700538
1743737878.439267 0.006087 3.297334 14.199661 21.562516 5.739714 44.805312
1743737878.543017 0.006000 3.317307 12.841685 22.771825 5.736652 44.673469
1743737878.646767 0.006033 3.338444 13.256619 22.514360 5.766762 44.882218
1743737878.750517 0.006189 3.521997 16.003031 21.972341 5.942668 47.446226
1743737878.854287 0.006379 3.517803 13.812313 21.456195 5.964068 44.756758
1743737878.958017 0.006102 3.323365 13.380267 23.339264 5.764497 45.813495
1743737879.061767 0.006736 3.592488 14.387919 23.297845 6.183825 47.468813
1743737879.165517 0.009742 4.084538 17.709454 24.893586 8.394487 55.091807
1743737879.269267 0.006813 3.597237 14.567172 24.004490 6.035295 48.211007
1743737879.373037 0.006499 3.549809 14.882355 23.456324 6.045726 47.940713
1743737879.476887 0.006737 3.496981 14.786188 24.655988 5.904625 48.850519
1743737879.580767 0.009410 3.524803 15.447888 25.459827 6.758724 51.200652
1743737879.684637 0.011399 3.582112 14.717113 26.164170 9.445175 53.919969
1743737879.788517 0.010733 3.576543 14.397891 24.663364 9.551431 52.199962
1743737879.892517 0.012295 3.767904 15.584596 26.497119 9.999861 55.861775
1743737879.996417 0.010992 3.413046 15.191524 25.076149 8.807848 52.499559
1743737880.100267 0.011334 3.547988 14.671799 25.423608 9.594188 53.248917
1743737880.204267 0.010721 3.526193 15.155619 27.626616 9.242577 55.561726
1743737880.308147 0.010785 3.436742 15.413318 27.219637 8.820860 54.901342
1743737880.412017 0.010726 3.567946 15.998051 26.104343 9.521637 55.202703
1743737880.515927 0.006508 4.047461 15.654068 25.764058 6.011259 51.483354
1743737880.619637 0.010801 3.698734 16.082399 28.772215 9.599536 58.163685
1743737880.723647 0.006573 3.447498 16.362812 29.657696 6.019327 55.493906
1743737880.827517 0.007512 3.464327 16.155000 28.517352 5.980788 54.124979
1743737880.931267 0.006127 3.480650 16.587357 28.337721 6.045899 54.457754
1743737881.035147 0.006304 3.440493 16.067504 29.475449 5.994366 54.984116
1743737881.139147 0.006505 3.562366 21.704992 29.280836 6.040110 60.594809
1743737881.242917 0.010598 3.522592 16.920320 27.368373 8.834179 56.656062
1743737881.346767 0.010745 3.605173 15.913401 28.320435 9.497523 57.347277
1743737881.450637 0.011024 3.665221 16.616038 28.092373 9.352630 57.737286
1743737881.554387 0.010062 4.393239 17.082203 31.726569 10.189637 63.401710
1743737881.658017 0.011186 4.044298 17.172835 31.284390 10.149782 62.662491
1743737881.761767 0.016092 3.507666 16.291338 29.804340 8.533342 58.152778
1743737881.865397 0.010066 3.592719 15.916930 31.874236 8.732680 60.126631
1743737881.969137 0.016766 3.650610 16.703405 30.280531 8.664070 59.315382
1743737882.072767 0.010860 3.593809 15.316122 29.989812 8.986577 57.897180
1743737882.176397 0.009944 3.745158 15.236993 31.969543 9.667934 60.629572
1743737882.280017 0.009837 3.622574 14.584240 30.220008 9.090607 57.527266
1743737882.383517 0.011154 3.633965 14.826465 27.602745 9.103796 55.178125
1743737882.487147 0.010260 3.495117 14.451778 29.449978 8.837311 56.244444
1743737882.590767 0.010866 3.616692 14.074261 28.152804 9.316740 55.171363
1743737882.694397 0.012083 3.644412 13.958463 27.347555 9.456208 54.418721
1743737882.798017 0.010551 3.553364 13.636286 25.796473 9.005998 52.002672
1743737882.901677 0.011402 3.801499 13.240276 26.079948 9.608627 52.741752
1743737883.005377 0.011196 3.633448 12.997394 25.761447 9.273376 51.676861
1743737883.109067 0.010211 4.072841 13.790927 26.731199 9.991418 54.596596
1743737883.212767 0.010877 3.585915 13.442844 23.536963 9.549194 50.125793
1743737883.316397 0.011687 3.613193 13.068562 23.714084 9.537052 49.944578
1743737883.420017 0.011552 3.660633 13.185763 23.014455 9.675926 49.548329
1743737883.523647 0.010564 3.795319 13.321141 22.541161 9.624215 49.292400
1743737883.627397 0.010281 3.685336 12.740816 27.217323 9.623533 53.277289
1743737883.731017 0.011228 3.613815 12.906601 23.006574 9.431930 48.970148
1743737883.834767 0.010490 3.515243 12.807631 24.340688 9.169196 49.843248
1743737883.938527 0.011755 4.021797 14.080548 23.181755 10.286083 51.581938
1743737884.042147 0.011406 3.584086 12.555410 22.377794 9.535677 48.064373
1743737884.145897 0.011350 3.471455 12.970088 24.137839 9.345276 49.936008
1743737884.249647 0.010751 3.630016 12.849115 22.844959 9.494337 48.829178
1743737884.353267 0.009909 3.540897 13.092829 23.295040 9.230690 49.169365
1743737884.457017 0.011051 3.568393 12.675577 20.727332 9.732783 46.715136
1743737884.560647 0.010221 3.539746 13.124341 24.506728 7.587345 48.768381
1743737884.664397 0.011164 3.590296 12.434366 21.018659 9.450372 46.504857
1743737884.768147 0.010911 3.388955 12.348311 21.007191 8.975240 45.730608
1743737884.871767 0.010395 3.497615 12.323617 20.971907 9.448821 46.252355
1743737884.975527 0.010166 5.736802 14.193993 20.427081 10.327496 50.695538
1743737885.079147 0.010160 3.671026 11.680301 22.050871 9.446818 46.859176
1743737885.182897 0.010103 3.441660 10.829529 18.426605 9.476522 42.184419
1743737885.286647 0.010788 3.615096 11.104820 17.065553 9.411826 41.208083
1743737885.390277 0.010303 3.542658 10.639290 17.876166 9.452915 41.521332
1743737885.494027 0.010574 3.589595 10.413071 18.557493 9.240609 41.811342
1743737885.597767 0.010179 3.488344 10.287236 16.285305 9.285727 39.356791
1743737885.701517 0.015438 3.531890 10.020223 17.145040 9.168909 39.881500
1743737885.805267 0.009616 3.343674 9.412056 15.298072 8.913744 36.977162
1743737885.909027 0.010280 3.432506 9.441289 14.892742 9.145139 36.921956
1743737886.012787 0.009955 4.288364 9.465978 15.707178 9.552513 39.023988
1743737886.116397 0.009334 5.174141 11.500110 15.259813 8.222696 40.166094
1743737886.220147 0.010282 3.198872 9.082264 15.101715 8.675130 36.068263
1743737886.323797 0.010672 3.204673 8.139989 13.894157 8.944136 34.193627
1743737886.427527 0.010876 3.561726 8.163935 14.842620 9.096606 35.675763
1743737886.531147 0.009490 3.804389 8.555005 14.254256 9.388655 36.011795
1743737886.634897 0.011220 3.512304 8.447345 15.802764 9.205481 36.979114
1743737886.738557 0.010831 5.368715 9.644163 15.618957 10.031929 40.674595
1743737886.842257 0.009658 3.457366 8.325555 14.916431 9.184033 35.893043
1743737886.945897 0.010501 3.620551 8.813223 16.827222 9.576492 38.847989
1743737887.049657 0.010272 3.347217 8.788094 16.116315 9.014627 37.276525
1743737887.153317 0.011042 3.627651 8.974566 15.697612 9.592826 37.903697
1743737887.257027 0.010699 3.477576 8.996355 16.552436 9.128810 38.165876
1743737887.360757 0.010170 3.537023 9.395062 16.110386 9.240142 38.292783
1743737887.464407 0.010282 3.368144 9.071420 16.607569 8.991605 38.049020
1743737887.568147 0.010958 3.483727 9.042763 16.098724 9.068696 37.704868
1743737887.671877 0.009780 3.124755 9.158656 18.470975 7.992544 38.756710
1743737887.775527 0.010002 3.460393 9.431750 16.826019 8.706735 38.434899
1743737887.879277 0.009911 3.699763 9.140436 17.601645 9.130440 39.582195
1743737887.982897 0.011721 3.616298 9.068861 16.382165 8.279508 37.358553
1743737888.086647 0.010043 3.383620 9.101377 17.554900 9.120746 39.170686
1743737888.190277 0.009729 3.624585 8.961594 16.171622 9.391634 38.159164
1743737888.294027 0.010854 3.534340 9.563406 17.965474 9.436026 40.510100
1743737888.397777 0.011713 3.294223 9.205289 15.981218 9.328694 37.821137
1743737888.501527 0.010632 3.363983 9.677231 18.205256 9.265236 40.522338
1743737888.605247 0.010032 3.352022 9.197708 17.428566 9.039149 39.027477
1743737888.708897 0.009824 4.463063 9.433358 17.844332 9.422991 41.173568
1743737888.812737 0.011226 3.399797 9.056709 16.441762 9.074382 37.983876
1743737888.916417 0.010020 3.378930 8.965393 17.403880 9.056127 38.814350
1743737889.020047 0.011431 3.608492 9.140157 17.167613 9.673161 39.600854
1743737889.123667 0.011148 3.277327 8.851985 16.451139 8.954169 37.545768
1743737889.227397 0.011776 3.635233 8.794334 16.017809 9.292413 37.751565
1743737889.331027 0.011335 3.506077 9.156279 16.226249 9.423254 38.323194
1743737889.434777 0.011054 3.671074 9.159371 17.626835 9.554454 40.022788
1743737889.538407 0.010774 3.212530 9.183996 17.156379 8.891912 38.455591
1743737889.642027 0.011192 3.536557 9.447035 16.902936 9.208794 39.106514
1743737889.745777 0.011370 3.422669 9.436430 18.059055 9.670733 40.600257
1743737889.849397 0.006998 3.153381 10.622891 20.093300 6.143530 40.020100
1743737889.953167 0.010709 3.419302 10.376865 19.056272 9.186753 42.049901
1743737890.056777 0.010049 3.280179 11.653284 20.198628 9.448263 44.590403
1743737890.160527 0.010594 3.281514 10.198032 18.667581 6.554917 38.712638
1743737890.264167 0.009927 5.600784 11.778890 19.572241 10.057401 47.019243
1743737890.367917 0.010344 3.256667 10.197470 20.076945 8.393201 41.934627
1743737890.471527 0.011018 3.225475 9.980848 19.612094 9.135357 41.964792
1743737890.575197 0.009628 3.568196 10.464274 20.112510 9.428034 43.582642
1743737890.678797 0.010861 3.830666 10.384453 18.781794 9.757838 42.765612
1743737890.782547 0.010512 3.381420 10.293061 21.011351 9.177786 43.874130
1743737890.886157 0.009992 5.956518 12.446853 21.066082 10.826565 50.306010
1743737890.989777 0.010430 3.593585 10.791143 20.347788 9.751512 44.494458
1743737891.093537 0.010449 3.522940 10.882689 21.203437 9.318626 44.938141
1743737891.197147 0.010543 3.304378 10.880555 20.204461 9.010720 43.410657
1743737891.300907 0.011701 3.821111 11.915173 20.641382 9.418268 45.807635
1743737891.404527 0.010324 3.720125 10.534197 20.245909 9.406212 43.916767
1743737891.508277 0.010497 3.112925 10.655322 20.300353 8.391963 42.471060
1743737891.611927 0.010884 3.646887 10.322304 20.797726 9.383054 44.160855
1743737891.715567 0.010139 3.561539 10.391275 21.629827 9.403050 44.995830
1743737891.819267 0.013550 3.326997 10.773277 22.152410 9.100225 45.366459
1743737891.922927 0.010399 3.455345 10.549168 22.974737 9.334058 46.323707
1743737892.026657 0.011273 4.556096 14.591392 22.523722 11.007880 52.690363
1743737892.130277 0.011051 3.252666 10.853210 20.540421 9.199789 43.857137
1743737892.234027 0.010496 3.680320 10.940038 23.928501 9.628548 48.187903
1743737892.337647 0.009956 3.756574 11.590650 22.788369 9.639146 47.784695
1743737892.441407 0.010319 3.967942 11.130729 22.893465 9.902580 47.905035
1743737892.545027 0.010432 3.311192 11.192513 22.743111 9.340125 46.597373
1743737892.648797 0.009630 3.426879 11.408985 24.210350 9.084941 48.140785
1743737892.752547 0.010384 3.893772 11.276142 22.571523 9.780971 47.532792
1743737892.856157 0.010448 3.278490 11.302823 23.240919 9.234746 47.067426
1743737892.959907 0.011356 3.464267 11.327382 24.220801 9.638574 48.662380
1743737893.063527 0.009756 3.276605 11.191247 23.512735 9.027002 47.017345
1743737893.167177 0.010207 3.361072 11.852391 26.315123 8.869777 50.408570
1743737893.270777 0.010413 3.139605 11.268185 22.781349 8.139954 45.339506
1743737893.374527 0.009981 3.557662 11.342855 23.661279 9.412123 47.983900
1743737893.478277 0.011083 5.622114 12.888097 25.189857 10.283102 53.994253
1743737893.582027 0.012307 3.994261 12.614405 26.836582 10.520320 53.977875
1743737893.685677 0.005838 3.209126 11.891702 24.186781 5.732214 45.025661
1743737893.789407 0.010382 3.579759 12.461779 24.990431 9.345430 50.387781
1743737893.893157 0.009746 3.449065 12.080585 24.744999 9.248008 49.532403
1743737893.997027 0.009425 4.446064 12.809957 26.977643 9.640762 53.883851
1743737894.101027 0.011981 3.320238 12.809663 25.294545 9.229271 50.665698
1743737894.205027 0.010880 3.454273 12.646422 24.910620 9.378878 50.401073
1743737894.309147 0.010451 3.274695 12.972780 24.508947 8.333887 49.100760
1743737894.413277 0.010533 3.328230 13.081039 27.210819 8.634047 52.264668
1743737894.517407 0.011790 3.535680 12.671167 25.627305 9.796347 51.642289
1743737894.621657 0.010221 3.348113 13.072704 26.128279 8.927021 51.486338
1743737894.725917 0.007825 4.552319 13.747567 28.696789 9.958572 56.963072
1743737894.830157 0.010714 4.472473 14.174594 27.664372 10.456254 56.778407
1743737894.934407 0.010681 3.636859 12.987281 27.120328 10.054866 53.810015
1743737895.038657 0.010052 3.471502 13.179662 25.009920 9.186591 50.857727
1743737895.142907 0.010618 3.658382 13.366157 26.128990 9.722209 52.886356
1743737895.247157 0.009365 3.463136 12.908742 26.286138 9.301058 51.968439
1743737895.351407 0.010303 3.369752 13.500947 25.022493 9.053282 50.956777
1743737895.455407 0.011132 3.514803 13.374242 24.342236 9.460912 50.703325
1743737895.559527 0.010230 6.239672 16.623208 27.358670 7.642430 57.874210
1743737895.663657 0.010725 3.237363 13.603408 26.987601 8.769986 52.609083
1743737895.767657 0.010587 3.558598 13.567241 27.662846 9.616653 54.415925
1743737895.871657 0.010488 3.549665 13.356685 26.008153 9.660742 52.585733
1743737895.975557 0.010016 3.289723 13.931775 27.467943 8.729460 53.428917
1743737896.079527 0.013804 3.322541 13.679186 27.121381 9.443744 53.580656
1743737896.183407 0.010905 3.404855 13.545548 25.639592 9.387827 51.988727
1743737896.287307 0.009617 3.390451 13.497853 23.465758 9.290505 49.654184
1743737896.391287 0.009791 3.589454 15.079011 24.701012 10.167171 53.546439
1743737896.495157 0.010134 3.499881 13.408144 25.832622 9.547263 52.298044
1743737896.598907 0.010612 3.799580 13.633724 25.239266 10.094572 52.777754
1743737896.702787 0.010019 3.291481 13.488955 24.009096 9.162174 49.961725
1743737896.806657 0.010559 5.749167 14.754066 22.851814 10.600475 53.966081
1743737896.910407 0.017130 3.288085 12.645941 23.209115 9.235342 48.395613
1743737897.014307 0.011268 3.465943 11.730271 20.272283 9.513789 44.993554
1743737897.117907 0.010479 3.697297 12.311214 20.078102 9.494955 45.592047
1743737897.221657 0.010009 3.474969 11.595504 20.570091 9.245681 44.896254
1743737897.325287 0.010960 3.581635 11.168295 19.155933 9.381503 43.298326
1743737897.428787 0.009958 5.688347 13.645341 18.870560 10.206308 48.420514
1743737897.532407 0.009923 3.826839 10.951680 19.961519 9.808862 44.558823
1743737897.636037 0.010525 3.666595 10.544929 17.877975 9.622894 41.722918
1743737897.739527 0.010424 3.583323 10.402616 16.584777 9.439447 40.020587
1743737897.843057 0.010139 3.526355 9.821508 16.156541 9.375721 38.890264
1743737897.946407 0.010510 3.567733 9.824731 16.536751 9.499443 39.439168
1743737898.049947 0.010845 3.543464 11.142405 16.661488 9.477764 40.835966
1743737898.153537 0.010848 3.536753 9.651653 15.695058 9.524762 38.419074
1743737898.257037 0.010996 3.538497 9.424824 15.330713 9.502263 37.807293
1743737898.360677 0.010108 3.358082 9.878480 15.810030 9.042095 38.098795
1743737898.464417 0.010450 3.611614 9.555871 15.828141 9.271281 38.277357
1743737898.568037 0.009839 3.447826 9.213005 17.160432 9.465577 39.296679
1743737898.671787 0.010271 3.622081 9.598045 17.502207 9.111026 39.843630
1743737898.775537 0.006548 4.091614 9.451567 17.305611 7.031005 37.886345
1743737898.879287 0.010852 3.633671 9.625606 17.556858 9.391573 40.218560
1743737898.983037 0.010480 3.431150 9.663968 16.371641 9.374643 38.851882
1743737899.086787 0.010770 3.577670 9.472963 17.375271 9.652343 40.089017
1743737899.190537 0.010094 3.434451 9.765399 15.394740 9.059778 37.664462
1743737899.294287 0.010621 3.593291 9.096258 16.618741 9.222890 38.541801
1743737899.397907 0.009898 3.367136 8.951087 13.965253 9.063197 35.356571
1743737899.501657 0.009739 4.690783 9.116472 13.952785 9.169646 36.939425
1743737899.605287 0.010004 3.220903 8.458865 14.367893 8.757646 34.815311
1743737899.708937 0.010049 3.378482 7.980693 13.196208 8.933715 33.499147
1743737899.812537 0.010334 4.232369 7.654623 12.218460 10.852414 34.968200
1743737899.916167 0.010351 3.232535 7.518917 12.072947 8.881890 31.716640
1743737900.019787 0.010220 4.932583 8.935146 11.118421 9.496899 34.493269
1743737900.123457 0.011228 5.024939 7.386723 13.127225 10.020340 35.570455
1743737900.227167 0.009429 3.248240 6.390476 11.429483 8.582075 29.659703
1743737900.330807 0.011059 3.542325 6.439040 9.941819 9.013626 28.947869
1743737900.434407 0.010204 3.326922 6.394133 9.953941 8.734016 28.419216
1743737900.538037 0.009776 4.952672 7.050830 8.308068 9.721472 30.042818
1743737900.641787 0.010144 3.366892 5.963592 8.614287 8.666813 26.621728
1743737900.745537 0.010215 4.042219 6.240669 9.268647 9.342431 28.904181
1743737900.849307 0.010217 3.261873 5.678230 10.039458 8.919421 27.909199
1743737900.953037 0.010227 4.644123 7.070585 8.506294 9.357364 29.588593
1743737901.056787 0.009853 3.089715 5.983085 7.504616 8.406277 24.993546
1743737901.160537 0.009833 4.510388 7.112372 9.002576 7.013426 27.648595
1743737901.264167 0.010205 4.638350 7.806668 8.867498 9.140772 30.463493
1743737901.367907 0.009977 3.973234 5.658549 8.258995 9.115971 27.016726
1743737901.471687 0.010320 3.216109 5.410218 8.477049 8.656169 25.769865
1743737901.575357 0.010306 4.318883 6.596219 9.347326 9.082347 29.355081
1743737901.678927 0.009359 3.229952 5.455177 8.733174 8.672844 26.100506
1743737901.782667 0.009493 4.079440 5.684737 8.257870 8.652149 26.683689
1743737901.886287 0.010342 4.625261 7.818824 8.902730 9.152889 30.510046
1743737901.990067 0.009920 3.304214 5.545795 10.047877 8.876218 27.784024
1743737902.093677 0.009726 3.391641 6.604632 9.013680 9.305504 28.325183
1743737902.197417 0.010191 3.353003 5.492828 8.828025 8.838041 26.522088
1743737902.301167 0.009563 3.580122 5.856959 8.985194 8.587934 27.019772
1743737902.404917 0.009434 3.372152 5.536528 9.843686 8.553731 27.315531
1743737902.508687 0.009543 3.407282 5.650502 8.908257 8.554318 26.529902
1743737902.612417 0.009348 4.615975 6.437399 10.732972 8.790419 30.586113
1743737902.716167 0.010963 3.344140 6.107223 10.911453 8.661317 29.035096
1743737902.819807 0.010986 3.008635 9.918703 10.478569 5.776553 29.193446
1743737902.923547 0.009607 4.181820 6.552646 11.690322 9.260897 31.695292
1743737903.027287 0.010537 3.714675 6.240050 10.207140 9.212936 29.385338
1743737903.130917 0.016139 3.430935 5.768218 10.441867 8.771094 28.428253
1743737903.234707 0.011176 3.492567 5.901411 10.423963 9.075318 28.904435
1743737903.338317 0.009978 3.776050 6.120135 10.905958 9.271329 30.083450
1743737903.442037 0.010275 3.629048 6.365677 11.939239 9.049426 30.993665
1743737903.545807 0.010284 3.602733 6.379667 10.655363 9.084963 29.733010
1743737903.649537 0.010390 2.924531 6.316859 12.572681 5.396478 27.220939
1743737903.753287 0.009580 2.735800 6.658185 9.969999 5.607406 24.980970
1743737903.857057 0.007020 3.917146 6.418287 13.448250 8.660403 32.451106
1743737903.960887 0.010006 3.713281 6.322518 11.195119 9.106923 30.347847
1743737904.064567 0.009816 4.545248 7.060169 11.909018 8.999746 32.523997
1743737904.168287 0.010741 3.935189 8.540293 12.968161 9.449430 34.903814
1743737904.272047 0.010243 3.550430 7.067011 12.057238 9.018038 31.702960
1743737904.375787 0.009592 3.508624 7.269747 12.806026 8.798916 32.392905
1743737904.479537 0.010760 3.429188 7.588895 14.691295 9.083885 34.804023
1743737904.583287 0.010094 3.411290 8.055955 15.691943 8.637731 35.807013
1743737904.687047 0.010541 3.421958 8.288002 13.499601 8.803956 34.024058
1743737904.790687 0.009118 3.200813 8.415373 15.840787 8.367443 35.833534
1743737904.894417 0.010258 4.781557 9.009250 15.393993 9.370184 38.565242
1743737904.998167 0.011265 3.202684 8.405832 13.906360 9.006018 34.532159
1743737905.101917 0.010592 4.833393 8.654440 12.964429 9.349582 35.812436
1743737905.205547 0.010216 3.435877 8.545964 13.901950 8.933170 34.827177
1743737905.309297 0.010190 4.027979 7.989471 13.003902 9.560900 34.592442
1743737905.413047 0.010530 3.589142 8.297751 15.441075 9.232556 36.571054
1743737905.516667 0.010699 4.924338 8.236669 12.584387 9.693444 35.449537
1743737905.620417 0.010396 5.140402 8.130734 13.139840 9.702885 36.124257
1743737905.724167 0.015085 5.361077 8.371770 13.910535 9.445410 37.103877
1743737905.827797 0.009789 5.468180 8.335628 14.373329 9.480202 37.667128
1743737905.931547 0.010775 3.831143 8.758034 12.841881 9.753787 35.195620
1743737906.035117 0.010864 5.570529 9.872307 13.982387 9.907948 39.344035
1743737906.138917 0.006288 6.060285 8.403672 14.081752 9.827777 38.379774
1743737906.242517 0.010111 3.778040 7.823405 12.481814 9.597836 33.691206
1743737906.346317 0.009605 3.687862 7.933896 11.832878 9.365367 32.829608
1743737906.449917 0.009947 3.669619 7.987168 14.647530 8.943271 35.257535
1743737906.553717 0.009724 3.979276 7.918507 13.431901 9.428618 34.768026
1743737906.657317 0.010829 3.575113 7.729405 13.585554 9.450779 34.351680
1743737906.761017 0.009869 3.699563 7.678935 12.849671 9.292124 33.530162
1743737906.864717 0.010187 3.711212 8.171674 11.468291 9.199143 32.560507
1743737906.968417 0.011531 4.171881 7.807268 12.718234 9.964186 34.673100
1743737907.072017 0.010148 5.564349 10.544058 11.797180 9.683083 37.598818
1743737907.175817 0.009914 5.708149 9.454434 11.552570 10.095126 36.820193
1743737907.279417 0.009799 3.312470 7.649769 11.044919 8.630894 30.647851
1743737907.383217 0.008942 3.185041 7.633513 10.633420 8.361141 29.822057
1743737907.486817 0.009604 3.806345 8.115091 11.523627 9.084680 32.539347
1743737907.590517 0.011139 3.683516 7.805294 10.981079 9.326546 31.807574
1743737907.694217 0.009659 4.038137 8.108261 10.428496 9.501678 32.086231
1743737907.797917 0.009565 4.158494 8.034661 10.123454 9.393600 31.719774
1743737907.901717 0.005909 3.831220 7.645352 10.018485 7.835385 29.336351
1743737908.005417 0.009709 3.241671 7.750545 9.371353 6.162575 26.535853
1743737908.109017 0.010166 3.103055 7.659809 9.973555 5.694568 26.441153
1743737908.212817 0.010308 3.815097 7.599076 10.318323 9.765007 31.507811
1743737908.316517 0.010259 3.733311 7.619529 10.673585 9.107990 31.144674
1743737908.420317 0.011097 3.911703 7.609768 10.357332 9.288675 31.178575
1743737908.524117 0.010340 3.655511 8.334197 9.741827 7.090051 28.831926
1743737908.627717 0.010291 3.599061 8.012254 8.646115 6.738871 27.006592
1743737908.731417 0.009934 3.825582 7.781307 9.185733 9.265731 30.068287
1743737908.835217 0.010325 3.990428 7.610167 8.822961 9.009320 29.443201
1743737908.938817 0.009668 4.303567 7.848638 9.132654 9.566477 30.861004
1743737909.042517 0.009532 5.668902 8.742632 9.057490 8.609346 32.087902
1743737909.146317 0.006365 3.216634 7.935232 9.263313 5.372874 25.794418
1743737909.249917 0.010766 3.684148 8.096491 9.512141 9.270335 30.573881
1743737909.353717 0.010501 3.865283 8.437097 8.866179 9.496447 30.675507
1743737909.457317 0.010390 3.935815 7.836892 10.064129 9.084376 30.931602
1743737909.561017 0.009617 3.744178 8.200079 9.413696 9.362419 30.729989
1743737909.664817 0.008641 3.161322 8.021557 9.964043 6.072852 27.228415
1743737909.768417 0.011256 4.099261 8.146174 8.272989 9.260236 29.789916
1743737909.872217 0.009723 4.219912 8.545494 9.707194 9.168379 31.650702
1743737909.975917 0.010731 3.687822 8.396846 8.956205 9.449438 30.501042
1743737910.079517 0.009747 3.619812 8.279373 9.375908 9.231983 30.516823
1743737910.183217 0.011089 6.884018 9.692014 10.043035 11.953971 38.584127
1743737910.286817 0.009271 3.884210 8.599992 8.176449 9.093706 29.763628
1743737910.390417 0.009579 4.115566 8.585054 9.550468 9.059775 31.320442
1743737910.494017 0.009640 4.201698 8.467406 8.582474 8.993786 30.255004
1743737910.597817 0.009784 3.808690 8.071235 8.322321 8.909850 29.121880
1743737910.701517 0.010675 5.873679 10.638896 9.674146 10.373239 36.570635
1743737910.805217 0.010841 3.951500 8.161729 8.858343 9.364778 30.347191
1743737910.908817 0.009759 3.875405 8.405088 8.121159 9.036674 29.448085
1743737911.012517 0.010170 3.816374 8.404436 9.110338 9.157379 30.498697
1743737911.116317 0.009534 4.025724 8.317693 8.786241 9.066326 30.205518
1743737911.219917 0.009689 3.837785 9.133360 9.806609 8.835370 31.622813
1743737911.323517 0.010068 4.205256 8.823798 10.967304 9.104953 33.111379
1743737911.427317 0.009456 3.766285 8.417510 8.980295 9.079182 30.252728
1743737911.531117 0.010401 3.997860 9.158141 9.485405 9.080881 31.732688
1743737911.634717 0.011102 3.731119 8.131304 8.648577 9.368006 29.890108
1743737911.738417 0.010000 3.410074 8.343960 9.290862 8.651338 29.706234
1743737911.842317 0.010081 3.852986 8.282800 10.173480 9.003730 31.323077
1743737911.946017 0.011185 3.699042 8.290218 9.045024 9.254220 30.299689
1743737912.049917 0.009838 5.152985 9.022616 11.408065 9.309516 34.903020
1743737912.153717 0.009872 4.007977 8.670780 10.264313 9.422962 32.375904
1743737912.257517 0.016401 4.662391 9.400614 10.218640 9.324677 33.622723
1743737912.361317 0.010103 4.395984 9.286228 9.935413 9.370250 32.997978
1743737912.465017 0.009041 4.319942 9.851470 9.874793 9.406095 33.461341
1743737912.568817 0.010643 3.493475 10.431446 10.157584 6.369724 30.462872
1743737912.672617 0.009886 3.216055 7.468806 8.778527 8.322368 27.795642
1743737912.776317 0.010427 3.668328 7.650502 8.372331 8.944290 28.645878
1743737912.880017 0.010604 4.593407 7.422565 9.697976 9.122244 30.846796
1743737912.983817 0.009747 3.640717 7.218340 7.921840 7.613673 26.404317
1743737913.087617 0.009706 3.237820 7.247733 8.556660 6.122248 25.174167
1743737913.191317 0.010266 5.385396 7.616216 8.773355 9.360724 31.145957
1743737913.294917 0.012811 5.180199 10.163576 8.406804 9.246196 33.009586
1743737913.398717 0.011173 3.457046 6.820544 8.614591 8.709830 27.613184
1743737913.502317 0.010792 3.697481 6.506444 8.770929 8.704852 27.690498
1743737913.606017 0.010236 5.002420 7.019674 8.537403 8.963464 29.533197
1743737913.709717 0.010717 3.962036 6.922782 8.904092 8.839611 28.639238
1743737913.813417 0.009880 4.963145 7.263517 9.533695 8.788937 30.559174
1743737913.917017 0.009913 5.122648 10.901782 10.622559 9.129292 35.786194
1743737914.020817 0.010197 3.709488 7.315415 10.888109 8.798883 30.722092
1743737914.124517 0.010034 5.091077 7.600875 10.305182 8.878228 31.885396
1743737914.228317 0.011410 4.105698 6.732261 9.360871 9.516470 29.726710
1743737914.332017 0.009616 3.932801 6.357585 8.972897 8.684663 27.957562
1743737914.435817 0.010773 3.299935 6.453894 9.481495 8.536001 27.782098
1743737914.539517 0.010448 3.108417 6.481623 9.945699 8.328324 27.874511
1743737914.643317 0.009801 4.486404 6.896848 10.287310 9.095613 30.775976
1743737914.747017 0.010047 3.659911 6.901137 10.694949 9.104279 30.370323
1743737914.850917 0.010580 3.756740 6.376479 10.913000 8.821233 29.878032
1743737914.954717 0.010048 3.596462 6.652223 11.288032 8.827382 30.374147
1743737915.058417 0.010867 5.296383 10.109375 11.360408 9.477363 36.254396
1743737915.162217 0.010665 3.531590 7.145567 10.714179 9.215999 30.618000
1743737915.265917 0.010409 3.757619 6.997836 11.385631 9.104046 31.255541
1743737915.369717 0.010644 3.780547 7.325411 12.868394 8.915094 32.900090
1743737915.473417 0.010559 4.094793 7.766587 13.122307 9.307272 34.301518
1743737915.577017 0.010179 3.452513 7.692858 13.410477 9.017605 33.583632
1743737915.680817 0.010647 3.638254 7.540421 13.310581 9.089172 33.589075
1743737915.784517 0.010635 3.516116 8.070195 14.666369 9.063489 35.326804
1743737915.888217 0.010426 3.620535 8.409486 13.775742 9.345922 35.162111
1743737915.991917 0.010443 3.577771 8.322701 14.698046 9.280109 35.889070
1743737916.095517 0.011132 3.608848 8.246684 16.599923 9.195022 37.661609
1743737916.199317 0.011455 3.497233 8.657420 18.142050 9.029003 39.337161
1743737916.303017 0.011764 3.706350 8.940790 14.633160 9.544576 36.836640
1743737916.406717 0.010922 3.624418 8.602337 15.742139 9.078869 37.058685
1743737916.510417 0.014882 3.672438 8.416306 14.730946 9.035357 35.869929
1743737916.614017 0.009980 4.909061 8.480493 14.867729 9.200229 37.467492
1743737916.717817 0.010573 3.495889 8.480384 16.024211 8.707362 36.718419
1743737916.821417 0.010400 3.544412 8.725488 15.702523 8.835586 36.818409
1743737916.925017 0.010899 3.510974 8.362329 17.847139 9.104989 38.836330
1743737917.028717 0.010818 5.186785 8.343218 15.274660 9.571311 38.386792
1743737917.132417 0.010196 5.469081 9.026902 17.856010 9.692937 42.055126
1743737917.236017 0.010222 5.807280 9.662355 14.940076 9.688683 40.108616
1743737917.339817 0.009825 5.611613 10.088742 16.104355 9.981707 41.796242
1743737917.443417 0.010121 3.482037 8.864080 16.389960 8.713036 37.459234
1743737917.547217 0.010958 3.339661 8.280915 15.585733 8.710542 35.927809
1743737917.650817 0.009971 3.518420 8.700749 16.526875 8.803917 37.559932
1743737917.754517 0.010632 3.334321 8.385925 17.221415 8.678981 37.631274
1743737917.858217 0.010810 4.620561 8.703410 16.340168 9.017946 38.692895
1743737917.961917 0.010026 5.474021 8.894496 15.534641 10.141807 40.054991
1743737918.065517 0.005909 4.235059 8.506349 15.579993 5.885773 34.213083
1743737918.169317 0.010349 3.904258 8.696332 15.161764 9.233299 37.006002
1743737918.272917 0.011028 4.155182 9.047021 16.050292 10.159484 39.423007
1743737918.376717 0.010635 3.355027 8.641282 16.894624 9.025477 37.927045
1743737918.480417 0.010556 3.054538 8.366452 15.557875 8.393761 35.383182
1743737918.584017 0.010550 5.148963 10.074758 16.307121 9.931000 41.472392
1743737918.687817 0.010289 3.844228 9.180544 15.709900 9.138077 37.883038
1743737918.791417 0.009879 3.688620 8.648739 15.494741 9.231118 37.073097
1743737918.895217 0.010315 3.438020 8.831275 15.278048 8.993773 36.551431
1743737918.998817 0.010491 3.401335 8.448384 15.781798 8.852636 36.494644
1743737919.102517 0.009926 3.249501 7.423333 13.318389 8.894650 32.895799
1743737919.206317 0.010092 3.152482 7.523791 13.661291 8.788273 33.135929
1743737919.309917 0.010161 5.366353 8.539744 13.392123 9.783080 37.091461
1743737919.413617 0.009397 4.594208 7.272599 14.399941 9.272432 35.548577
1743737919.517317 0.009732 3.679653 7.480444 12.528110 9.318987 33.016926
1743737919.621017 0.010233 3.632292 6.583340 12.302158 9.347994 31.876017
1743737919.724817 0.011000 3.495791 6.861183 11.471504 9.027058 30.866536
1743737919.828417 0.010131 3.364877 6.785045 13.077543 9.077404 32.315000
1743737919.932217 0.010020 4.035007 6.459143 12.013290 9.339096 31.856556
1743737920.035917 0.011603 3.582221 7.690308 11.780058 10.815839 33.880029
1743737920.139717 0.006952 3.878283 6.584427 12.217487 7.537152 30.224301
1743737920.243417 0.010285 3.560690 7.273272 13.445149 9.048655 33.338051
1743737920.347217 0.011896 3.007974 6.755213 11.636505 8.597433 30.009021
1743737920.450817 0.010424 4.832338 6.685162 10.234052 9.437277 31.199253
1743737920.554517 0.006249 3.124380 6.702222 10.384208 8.341741 28.558800
1743737920.658317 0.010491 2.886084 6.379175 11.359410 5.802161 26.437321
1743737920.762117 0.009956 3.694522 6.715576 11.025263 9.445641 30.890958
1743737920.865817 0.010771 3.638480 6.664728 10.428384 9.142126 29.884489
1743737920.969617 0.011754 3.702060 6.693926 11.367623 9.492983 31.268346
1743737921.073217 0.010220 3.672827 7.221282 12.785967 9.131310 32.821606
1743737921.176917 0.010430 3.923674 7.378194 11.730887 9.633877 32.677062
1743737921.280717 0.010861 5.541907 10.026319 12.346619 9.767902 37.693608
1743737921.384417 0.010087 3.096531 7.547103 13.479443 8.464006 32.597170
1743737921.488217 0.010136 5.618460 8.761207 14.489619 9.989728 38.869150
1743737921.591917 0.010439 3.652694 9.215374 17.029811 9.227502 39.135820
1743737921.695517 0.010573 3.161335 9.008891 15.294875 8.358914 35.834588
1743737921.799317 0.011140 3.443075 9.065985 16.396286 9.179751 38.096237
1743737921.902917 0.011760 3.305748 8.998080 13.784496 8.977863 35.077947
1743737922.006717 0.010552 3.503872 9.366762 15.479257 9.158965 37.519408
1743737922.110417 0.010602 3.492200 9.112400 14.425909 7.847693 34.888804
1743737922.214117 0.010333 3.412016 9.251169 16.223154 9.175140 38.071812
1743737922.317817 0.006197 5.454144 10.153173 16.012488 9.236534 40.862536
1743737922.421417 0.006645 4.718095 9.466669 13.872897 8.969301 37.033607
1743737922.525217 0.010745 4.494734 12.017397 15.222278 9.980202 41.725356
1743737922.629117 0.010891 3.136309 9.216120 12.707532 8.598838 33.669690
1743737922.732517 0.010681 3.388181 9.106596 14.748410 8.974255 36.228123
1743737922.836317 0.010227 3.514067 9.978548 14.351858 9.166454 37.021154
1743737922.940017 0.010585 3.207391 9.407595 15.541468 8.976621 37.143660
1743737923.043817 0.009933 3.848256 9.308476 12.921263 9.432224 35.520152
1743737923.147417 0.011234 5.541086 11.436382 15.561942 10.239697 42.790341
1743737923.251217 0.010307 5.426709 9.680936 15.716895 10.245808 41.080655
1743737923.354917 0.011136 3.268187 9.251549 13.858149 9.016993 35.406014
1743737923.458717 0.010399 3.571657 9.906009 15.018306 9.087003 37.593374
1743737923.562517 0.010415 3.615677 9.214598 14.586334 9.594516 37.021540
1743737923.666217 0.009757 3.913790 10.900834 14.985484 9.659935 39.469800
1743737923.769817 0.010176 3.494018 9.467261 14.717749 9.401408 37.090612
1743737923.873517 0.010851 3.385466 9.895360 13.763778 9.068743 36.124198
1743737923.977317 0.010318 3.112413 9.193354 15.004593 8.861317 36.181995
1743737924.080917 0.010367 3.439936 9.728006 12.670161 9.089930 34.938400
1743737924.184717 0.010544 3.416181 9.671312 13.970567 9.280988 36.349592
1743737924.288317 0.009811 5.530558 11.187591 14.168280 9.880329 40.776569
1743737924.392117 0.010368 3.265565 9.537237 13.694932 8.808405 35.316507
1743737924.495717 0.010022 3.209548 9.093552 14.166490 8.874213 35.353825
1743737924.599417 0.010015 4.074254 9.116411 14.252321 9.579517 37.032518
1743737924.703017 0.009616 3.479856 12.998455 15.377435 6.400864 38.266226
1743737924.806817 0.010102 4.996773 9.502064 14.611856 9.513539 38.634334
1743737924.910617 0.011467 3.253596 8.934355 14.102408 9.216823 35.518649
1743737925.014317 0.010315 3.457507 9.543843 13.694803 9.189135 35.895603
1743737925.117917 0.010535 4.317978 9.110333 13.389333 9.357517 36.185696
1743737925.221717 0.010014 3.872035 9.133152 13.243657 9.418359 35.677217
1743737925.325417 0.009770 3.641887 8.959793 15.219874 9.005117 36.836441
1743737925.429017 0.009768 3.839974 9.123422 12.200769 9.225196 34.399129
1743737925.532817 0.009498 4.494294 9.228960 13.863277 9.336113 36.932142
1743737925.636517 0.010341 3.484443 9.541099 13.630771 8.995523 35.662177
1743737925.740217 0.009494 3.351943 9.098652 14.911284 8.750154 36.121527
1743737925.843917 0.010428 3.178704 9.128060 14.051199 6.049577 32.417968
1743737925.947717 0.010304 3.598817 8.951990 13.320604 9.265575 35.147290
1743737926.051317 0.011068 3.506126 9.054579 14.890168 8.991458 36.453399
1743737926.155017 0.011586 3.638558 8.877568 13.615753 9.847779 35.991244
1743737926.258717 0.010842 3.562509 8.718708 13.147477 9.363628 34.803164
1743737926.362417 0.012129 3.543553 8.858078 14.348043 9.884667 36.646470
1743737926.466017 0.010300 3.718709 9.463654 13.104190 9.348912 35.645765
1743737926.569817 0.010171 3.926178 9.246888 13.566923 9.649514 36.399674
1743737926.673417 0.010272 3.586387 8.805202 12.898967 9.183053 34.483881
1743737926.777217 0.010468 4.001298 9.545417 13.909592 9.718339 37.185114
1743737926.880817 0.010717 3.517964 8.715625 12.951387 9.488916 34.684609
1743737926.984417 0.010256 3.748702 9.197711 12.582615 9.534196 35.073480
1743737927.088217 0.010667 3.221273 8.778018 12.396039 8.701780 33.107777
1743737927.191817 0.005945 4.047495 8.853966 13.134288 6.838429 32.880123
1743737927.295517 0.009354 4.321512 9.333357 12.894603 9.281277 35.840103
1743737927.399217 0.010193 5.744662 11.171848 13.986392 10.500306 41.413401
1743737927.502917 0.013233 3.478063 8.686288 12.038912 9.475718 33.692214
1743737927.606717 0.011307 3.682935 9.367847 13.296522 9.449767 35.808378
1743737927.710317 0.009930 3.815362 9.202201 12.464467 9.387761 34.879721
1743737927.814017 0.009896 3.763930 8.564851 11.673981 9.213247 33.225905
1743737927.917817 0.010210 3.675920 8.849366 13.029675 9.508981 35.074152
1743737928.021417 0.011606 3.469139 8.569996 11.452266 9.461631 32.964638
1743737928.125217 0.010925 3.566891 8.692936 11.510899 9.572663 33.354314
1743737928.228917 0.010567 3.831671 8.907156 11.396559 9.300298 33.446251
1743737928.332617 0.010409 3.533463 9.871363 12.874233 9.994536 36.284004
1743737928.436317 0.010413 3.647217 9.490196 11.229269 9.672038 34.049133
1743737928.540117 0.010440 3.592602 9.103848 11.702397 9.227984 33.637271
1743737928.643817 0.009722 5.201669 9.061761 11.805442 9.644903 35.723497
1743737928.747417 0.016028 3.006180 8.235364 11.047159 5.789578 28.094309
1743737928.851017 0.010118 3.754134 8.906046 11.589734 9.198281 33.458313
1743737928.954817 0.006490 3.143079 8.893153 11.001649 5.396602 28.440973
1743737929.058417 0.011479 3.693996 8.457852 11.062253 9.241519 32.467099
1743737929.162017 0.010865 4.977366 12.688656 12.716491 9.679324 40.072702
1743737929.265817 0.010996 3.663481 8.807597 10.390132 9.523467 32.395673
1743737929.369417 0.009961 3.713736 8.269973 11.367225 9.402513 32.763408
1743737929.473217 0.010827 3.752925 8.171338 9.952212 9.558000 31.445302
1743737929.576817 0.009493 3.675041 8.492070 11.585405 9.330589 33.092598
1743737929.680617 0.010621 3.214639 8.081269 10.077263 8.746063 30.129855
1743737929.784317 0.010226 3.455102 8.359880 9.349851 9.016158 30.191217
1743737929.887917 0.010235 3.828390 8.473536 9.387746 9.167216 30.867123
1743737929.991717 0.010049 3.673409 8.422832 9.912561 9.398854 31.417705
1743737930.095417 0.010960 3.637038 8.287183 9.233117 9.255495 30.423793
1743737930.199017 0.010908 3.828877 8.487413 11.514206 9.331992 33.173396
1743737930.302817 0.010156 3.941477 8.643056 9.753652 9.131431 31.479772
1743737930.406417 0.011354 3.409203 8.311953 8.623775 9.434027 29.790312
1743737930.510217 0.011403 3.663047 8.055178 9.727291 9.040900 30.497819
