1.000000 0.000000 0.000000 0.000000 0.000000 1.000000 0.000000 0.000000 0.000000 0.000000 1.000000 0.000000
0.999990 0.001280 -0.004301 0.318682 -0.001282 0.999999 -0.000451 -0.012497 0.004300 0.000457 0.999991 0.008300
0.999986 0.001112 -0.005243 1.083791 -0.001126 0.999996 -0.002740 -0.016882 0.005240 0.002746 0.999983 0.014392
0.999997 0.001323 -0.002163 2.146944 -0.001330 0.999994 -0.003069 -0.017670 0.002159 0.003072 0.999993 0.022296
0.999997 0.000561 0.002501 3.152047 -0.000547 0.999984 -0.005619 -0.015449 -0.002504 0.005618 0.999981 0.022493
0.999994 -0.000719 0.003336 4.095421 0.000746 0.999968 -0.007948 -0.012360 -0.003330 0.007950 0.999963 0.033157
0.999999 -0.001617 0.000502 5.017352 0.001622 0.999954 -0.009467 -0.007036 -0.000487 0.009467 0.999955 0.043853
0.999994 -0.002545 -0.002243 5.984065 0.002523 0.999950 -0.009727 -0.003107 0.002268 0.009721 0.999950 0.054890
0.999989 -0.003610 -0.003118 6.934821 0.003579 0.999945 -0.009817 0.007674 0.003153 0.009806 0.999947 0.066435
0.999990 -0.004155 -0.001501 7.841396 0.004136 0.999914 -0.012414 0.003365 0.001552 0.012408 0.999922 0.075658
0.999987 -0.004958 0.001381 8.748492 0.004976 0.999891 -0.013873 0.015231 -0.001312 0.013880 0.999903 0.085903
0.999979 -0.005826 0.002919 9.653650 0.005866 0.999885 -0.014018 0.031322 -0.002837 0.014035 0.999897 0.095722
0.999972 -0.006514 0.003753 10.573243 0.006570 0.999865 -0.015079 0.039000 -0.003654 0.015104 0.999879 0.103588
0.999965 -0.007318 0.003993 11.497696 0.007383 0.999837 -0.016458 0.051246 -0.003872 0.016487 0.999857 0.111262
0.999964 -0.008025 0.002674 12.435877 0.008072 0.999806 -0.017964 0.061640 -0.002529 0.017985 0.999835 0.118960
0.999957 -0.009267 0.000323 13.326170 0.009271 0.999794 -0.018083 0.077735 -0.000155 0.018085 0.999836 0.123337
0.999942 -0.010746 -0.000900 14.234754 0.010726 0.999761 -0.019035 0.089797 0.001104 0.019025 0.999818 0.133319
0.999923 -0.012303 -0.001500 15.125344 0.012272 0.999738 -0.019341 0.112808 0.001738 0.019322 0.999812 0.142597
0.999899 -0.014005 -0.002282 15.985683 0.013957 0.999708 -0.019707 0.129556 0.002557 0.019674 0.999803 0.155154
0.999874 -0.015681 -0.002403 16.911151 0.015631 0.999685 -0.019626 0.145350 0.002710 0.019586 0.999804 0.161862
0.999852 -0.017143 -0.001523 17.792774 0.017108 0.999633 -0.020992 0.159838 0.001882 0.020963 0.999778 0.176569
0.999831 -0.018357 -0.000476 18.693250 0.018342 0.999588 -0.022078 0.179842 0.000881 0.022065 0.999756 0.187132
0.999804 -0.019795 0.000248 19.568616 0.019796 0.999544 -0.022808 0.195375 0.000204 0.022808 0.999740 0.195611
0.999773 -0.021324 0.000205 20.433684 0.021323 0.999512 -0.022818 0.216596 0.000282 0.022817 0.999740 0.216591
0.999739 -0.022832 -0.000098 21.322170 0.022824 0.999485 -0.022566 0.245029 0.000613 0.022557 0.999745 0.228930
0.999709 -0.024136 0.000211 22.188941 0.024135 0.999452 -0.022643 0.258914 0.000336 0.022642 0.999744 0.243709
0.999690 -0.024802 0.002291 23.053265 0.024847 0.999449 -0.022016 0.288620 -0.001743 0.022066 0.999755 0.252054
0.999656 -0.025739 0.005017 23.900444 0.025853 0.999371 -0.024253 0.318165 -0.004390 0.024375 0.999693 0.259687
0.999637 -0.026128 0.006519 24.736909 0.026277 0.999370 -0.023867 0.337236 -0.005892 0.024030 0.999694 0.267389
0.999622 -0.026882 0.005748 25.591663 0.027012 0.999351 -0.023851 0.372713 -0.005103 0.023997 0.999699 0.270369
0.999608 -0.027820 0.003046 26.383659 0.027883 0.999344 -0.023130 0.392779 -0.002401 0.023205 0.999728 0.275824
0.999597 -0.028362 0.001379 27.181037 0.028386 0.999332 -0.023022 0.427735 -0.000726 0.023052 0.999734 0.280085
0.999568 -0.029352 0.001231 27.992589 0.029373 0.999299 -0.023201 0.453594 -0.000549 0.023227 0.999730 0.285180
0.999532 -0.030568 0.000732 28.782084 0.030576 0.999271 -0.022842 0.474660 -0.000034 0.022854 0.999739 0.301945
0.999475 -0.032399 -0.000093 29.548134 0.032389 0.999237 -0.021816 0.505778 0.000799 0.021802 0.999762 0.314387
0.999406 -0.034449 -0.000222 30.325530 0.034436 0.999160 -0.022203 0.538125 0.000987 0.022182 0.999753 0.324034
0.999335 -0.036455 0.000821 31.053902 0.036464 0.999090 -0.022124 0.577074 -0.000013 0.022139 0.999755 0.332003
0.999254 -0.038504 0.003091 31.804260 0.038563 0.999013 -0.022063 0.599399 -0.002238 0.022165 0.999752 0.343312
0.999170 -0.040449 0.004856 32.566875 0.040540 0.998972 -0.020295 0.642471 -0.004030 0.020475 0.999782 0.360039
0.999091 -0.042311 0.005202 33.280771 0.042406 0.998906 -0.019718 0.682662 -0.004362 0.019921 0.999792 0.368787
0.999019 -0.044066 0.004476 33.998492 0.044137 0.998879 -0.017111 0.718521 -0.003717 0.017291 0.999844 0.378662
0.998934 -0.046022 0.003547 34.695869 0.046069 0.998832 -0.014604 0.755034 -0.002871 0.014752 0.999887 0.391974
0.998864 -0.047425 0.004641 35.385777 0.047482 0.998785 -0.013164 0.793631 -0.004011 0.013370 0.999903 0.399240
0.998796 -0.048648 0.006305 36.094199 0.048721 0.998740 -0.012062 0.822510 -0.005710 0.012354 0.999907 0.407229
0.998792 -0.048682 0.006743 36.763287 0.048741 0.998771 -0.008934 0.867276 -0.006300 0.009252 0.999937 0.414725
0.998856 -0.047564 0.004843 37.419818 0.047593 0.998848 -0.006067 0.909278 -0.004549 0.006291 0.999970 0.424348
0.998954 -0.045707 0.001503 38.073240 0.045713 0.998945 -0.004483 0.945345 -0.001296 0.004547 0.999989 0.425119
0.999051 -0.043547 -0.000070 38.721121 0.043547 0.999045 -0.003677 0.980092 0.000230 0.003671 0.999993 0.438228
0.999175 -0.040610 0.000577 39.365627 0.040611 0.999172 -0.002604 1.013582 -0.000471 0.002626 0.999996 0.443972
0.999312 -0.036975 0.003012 40.008202 0.036971 0.999315 0.001404 1.046628 -0.003062 -0.001292 0.999994 0.448650
0.999419 -0.033500 0.006239 40.601388 0.033465 0.999424 0.005607 1.081605 -0.006424 -0.005395 0.999965 0.447782
0.999545 -0.029223 0.007485 41.196205 0.029145 0.999522 0.010347 1.104565 -0.007784 -0.010124 0.999918 0.457994
0.999683 -0.023844 0.008030 41.786235 0.023725 0.999613 0.014510 1.133173 -0.008373 -0.014315 0.999862 0.463205
0.999787 -0.018116 0.009843 42.344733 0.017937 0.999677 0.017997 1.153779 -0.010166 -0.017817 0.999790 0.464432
0.999869 -0.011442 0.011412 42.904417 0.011175 0.999669 0.023193 1.166213 -0.011673 -0.023063 0.999666 0.470224
0.999925 -0.003938 0.011563 43.440340 0.003628 0.999637 0.026699 1.172584 -0.011664 -0.026655 0.999577 0.476494
0.999925 0.003224 0.011824 43.946180 -0.003574 0.999553 0.029671 1.177059 -0.011723 -0.029711 0.999490 0.481178
0.999872 0.010915 0.011692 44.429494 -0.011305 0.999362 0.033882 1.179435 -0.011315 -0.034010 0.999357 0.482631
0.999777 0.018744 0.009769 44.907340 -0.019106 0.999077 0.038464 1.181877 -0.009039 -0.038642 0.999212 0.482496
0.999611 0.026892 0.007366 45.333025 -0.027167 0.998824 0.040147 1.171692 -0.006277 -0.040332 0.999167 0.492783
0.999359 0.035047 0.007352 45.759603 -0.035320 0.998537 0.040950 1.164000 -0.005906 -0.041183 0.999134 0.488299
0.999044 0.042779 0.008996 46.160025 -0.043105 0.998278 0.039789 1.143216 -0.007278 -0.040139 0.999168 0.495861
0.998657 0.050760 0.010355 46.542271 -0.051147 0.997836 0.041313 1.130645 -0.008236 -0.041787 0.999093 0.497260
0.998160 0.059585 0.011253 46.901867 -0.060026 0.997222 0.044094 1.115836 -0.008594 -0.044688 0.998964 0.500752
0.997605 0.068190 0.011616 47.210819 -0.068679 0.996443 0.048828 1.101981 -0.008245 -0.049509 0.998740 0.502877
0.996944 0.077081 0.012719 47.521005 -0.077650 0.995578 0.052869 1.082961 -0.008588 -0.053695 0.998520 0.505936
0.996159 0.086485 0.013724 47.818145 -0.087088 0.994834 0.052161 1.058791 -0.009142 -0.053155 0.998544 0.510420
0.995200 0.097033 0.012678 48.080474 -0.097556 0.993935 0.050748 1.033082 -0.007677 -0.051741 0.998631 0.515245
0.993991 0.109062 0.009346 48.335997 -0.109393 0.992762 0.049570 0.995977 -0.003872 -0.050294 0.998727 0.519768
0.992443 0.122543 0.006355 48.605119 -0.122708 0.991170 0.050254 0.963951 -0.000141 -0.050654 0.998716 0.522805
0.990452 0.137758 0.005313 48.863342 -0.137847 0.989092 0.051924 0.912315 0.001897 -0.052161 0.998637 0.522617
0.988012 0.154289 0.005274 49.126351 -0.154350 0.986580 0.053246 0.870195 0.003012 -0.053422 0.998567 0.524916
0.985245 0.171064 0.005432 49.361157 -0.171106 0.983784 0.053772 0.816414 0.003855 -0.053908 0.998538 0.529164
0.981903 0.189306 0.005536 49.614624 -0.189331 0.980486 0.052931 0.768557 0.004592 -0.053021 0.998583 0.532678
0.978024 0.208400 0.006194 49.867573 -0.208439 0.976673 0.051607 0.692016 0.004705 -0.051764 0.998648 0.538291
0.973482 0.228667 0.006565 50.084857 -0.228698 0.972131 0.051569 0.632908 0.005410 -0.051703 0.998648 0.542864
0.968324 0.249613 0.006414 50.330160 -0.249594 0.966878 0.053388 0.557465 0.007124 -0.053298 0.998553 0.543390
0.962205 0.272252 0.006388 50.582871 -0.272187 0.960693 0.054611 0.466333 0.008731 -0.054286 0.998487 0.548655
0.954947 0.296681 0.007569 50.815117 -0.296632 0.953373 0.055586 0.387350 0.009275 -0.055327 0.998425 0.555868
0.946556 0.322404 0.009405 51.058667 -0.322393 0.944836 0.057852 0.309831 0.009766 -0.057792 0.998281 0.560545
0.936847 0.349558 0.011228 51.317736 -0.349584 0.934997 0.059770 0.196160 0.010395 -0.059920 0.998149 0.566521
0.925726 0.377985 0.012603 51.547097 -0.378031 0.923833 0.060212 0.105144 0.011116 -0.060504 0.998106 0.570900
0.912811 0.408191 0.012513 51.782450 -0.408197 0.911042 0.058119 -0.017500 0.012324 -0.058159 0.998231 0.583127
0.897731 0.440409 0.010886 52.043367 -0.440306 0.896160 0.055035 -0.175920 0.014483 -0.054200 0.998425 0.590258
0.880325 0.474290 0.008764 52.242253 -0.474037 0.878862 0.053761 -0.305500 0.017796 -0.051481 0.998515 0.598545
0.860859 0.508795 0.007028 52.488039 -0.508366 0.859370 0.055207 -0.487367 0.022049 -0.051098 0.998450 0.603846
0.838883 0.544277 0.006189 52.714402 -0.543702 0.837351 0.056839 -0.643232 0.025753 -0.051046 0.998364 0.610041
0.814566 0.580029 0.007022 52.938584 -0.579368 0.812922 0.059085 -0.820809 0.028563 -0.052197 0.998228 0.618476
0.787461 0.616286 0.009854 53.212965 -0.615594 0.785577 0.062557 -1.058407 0.030812 -0.055327 0.997993 0.632255
0.757770 0.652378 0.013678 53.425127 -0.651691 0.755583 0.066276 -1.245293 0.032902 -0.059136 0.997708 0.635486
0.724938 0.688626 0.016060 53.661822 -0.687943 0.722654 0.067119 -1.499154 0.034614 -0.059706 0.997616 0.649873
0.688359 0.725163 0.017339 53.927742 -0.724540 0.686231 0.064255 -1.810248 0.034697 -0.056793 0.997783 0.669220
0.649182 0.760405 0.018646 54.126738 -0.759815 0.647151 0.062267 -2.077020 0.035281 -0.054590 0.997885 0.685082
0.607009 0.794444 0.019989 54.379730 -0.793858 0.605023 0.061133 -2.418878 0.036473 -0.052977 0.997929 0.694554
0.561119 0.827487 0.020288 54.570247 -0.826844 0.559209 0.060114 -2.737375 0.038398 -0.050506 0.997985 0.716097
0.513113 0.858065 0.020968 54.781682 -0.857423 0.511305 0.058249 -3.120831 0.039261 -0.047866 0.998082 0.733808
0.464374 0.885324 0.023634 54.981463 -0.884809 0.462617 0.055665 -3.547837 0.038348 -0.046761 0.998170 0.754089
0.414851 0.909456 0.028070 55.136778 -0.909166 0.413094 0.052644 -3.940028 0.036282 -0.047360 0.998219 0.776647
0.364928 0.930404 0.034280 55.296307 -0.930354 0.363005 0.051664 -4.371413 0.035624 -0.050746 0.998076 0.783420
0.315175 0.948369 0.035523 55.465566 -0.948276 0.313207 0.051712 -4.844523 0.037916 -0.049984 0.998030 0.785026
0.267404 0.963146 0.029058 55.568555 -0.962829 0.265878 0.047638 -5.293776 0.038157 -0.040716 0.998442 0.825046
0.222788 0.974679 0.019151 55.633271 -0.974200 0.221866 0.041355 -5.793266 0.036059 -0.027870 0.998961 0.842440
0.179895 0.983606 0.012551 55.705431 -0.983021 0.179290 0.039058 -6.343143 0.036168 -0.019365 0.999158 0.881062
0.141412 0.989896 0.010375 55.758386 -0.989179 0.140881 0.040952 -6.850986 0.039076 -0.016054 0.999107 0.872701
0.107795 0.994163 0.004602 55.799990 -0.993369 0.107520 0.040704 -7.383541 0.039972 -0.008959 0.999161 0.910038
0.078110 0.996943 -0.001900 55.834406 -0.996185 0.078125 0.038875 -7.947676 0.038904 -0.001144 0.999242 0.937834
0.052521 0.998598 -0.006553 55.837352 -0.997922 0.052729 0.037036 -8.505794 0.037329 0.004594 0.999292 0.955483
0.032161 0.999422 -0.010993 55.856679 -0.998826 0.032537 0.035892 -9.059056 0.036229 0.009826 0.999295 0.977178
0.015738 0.999802 -0.012181 55.866286 -0.999184 0.016179 0.037015 -9.651480 0.037204 0.011588 0.999240 1.002581
0.002368 0.999918 -0.012607 55.864841 -0.999307 0.002835 0.037105 -10.244382 0.037138 0.012510 0.999232 1.021826
-0.009360 0.999876 -0.012675 55.853956 -0.999236 -0.008871 0.038060 -10.835640 0.037943 0.013022 0.999195 1.031796
-0.018928 0.999683 -0.016586 55.831246 -0.999007 -0.018241 0.040645 -11.460360 0.040329 0.017339 0.999036 1.067751
-0.026022 0.999460 -0.020074 55.816757 -0.998791 -0.025157 0.042236 -12.094923 0.041708 0.021149 0.998906 1.105136
-0.030623 0.999324 -0.020331 55.797761 -0.998682 -0.029752 0.041822 -12.715311 0.041189 0.021585 0.998918 1.123931
-0.034081 0.999260 -0.017853 55.784255 -0.998679 -0.033363 0.039074 -13.362363 0.038450 0.019161 0.999077 1.154186
-0.036248 0.999209 -0.016341 55.760198 -0.998834 -0.035703 0.032489 -14.037552 0.031880 0.017499 0.999338 1.170828
-0.037274 0.999154 -0.017359 55.726284 -0.998970 -0.036806 0.026556 -14.724959 0.025895 0.018331 0.999497 1.195588
-0.037585 0.999085 -0.020406 55.699210 -0.999016 -0.037085 0.024329 -15.408698 0.023550 0.021300 0.999496 1.213557
-0.037613 0.998999 -0.024203 55.671155 -0.998974 -0.036978 0.026163 -16.113557 0.025242 0.025162 0.999365 1.246048
-0.036988 0.999010 -0.024701 55.639366 -0.998783 -0.036150 0.033566 -16.810919 0.032639 0.025912 0.999131 1.265821
-0.035279 0.999102 -0.023482 55.624160 -0.998571 -0.034297 0.040973 -17.503019 0.040131 0.024894 0.998884 1.304327
-0.033289 0.999152 -0.024241 55.603701 -0.998572 -0.032236 0.042592 -18.225917 0.041775 0.025624 0.998798 1.324089
-0.030708 0.999216 -0.025000 55.578317 -0.998825 -0.029739 0.038268 -18.983429 0.037495 0.026146 0.998955 1.350466
-0.027844 0.999283 -0.025665 55.561850 -0.999116 -0.027012 0.032206 -19.734212 0.031490 0.026539 0.999152 1.376918
-0.024815 0.999406 -0.023927 55.549673 -0.999248 -0.024084 0.030381 -20.490385 0.029787 0.024663 0.999252 1.402113
-0.022247 0.999290 -0.030395 55.522468 -0.999151 -0.021169 0.035340 -21.198130 0.034672 0.031156 0.998913 1.446410
-0.019352 0.999272 -0.032877 55.509669 -0.999014 -0.018012 0.040576 -21.922958 0.039954 0.033630 0.998635 1.484151
-0.016753 0.999495 -0.026984 55.507157 -0.999010 -0.015621 0.041659 -22.657636 0.041216 0.027656 0.998767 1.507587
-0.013044 0.999674 -0.021956 55.521542 -0.999176 -0.012187 0.038704 -23.394663 0.038423 0.022442 0.999009 1.531561
-0.008241 0.999593 -0.027327 55.505309 -0.999373 -0.007292 0.034634 -24.146759 0.034420 0.027595 0.999026 1.562040
-0.004833 0.999462 -0.032448 55.493994 -0.999359 -0.003676 0.035624 -24.888395 0.035485 0.032599 0.998838 1.603129
-0.002284 0.999476 -0.032276 55.498958 -0.999206 -0.000997 0.039833 -25.606087 0.039780 0.032341 0.998685 1.647144
0.001128 0.999597 -0.028370 55.515694 -0.999142 0.002301 0.041340 -26.357354 0.041388 0.028299 0.998742 1.668577
0.004970 0.999626 -0.026878 55.524628 -0.999171 0.006050 0.040256 -27.108757 0.040403 0.026656 0.998828 1.709609
0.008605 0.999465 -0.031540 55.521981 -0.999224 0.009806 0.038135 -27.847151 0.038424 0.031187 0.998775 1.738705
0.012127 0.999259 -0.036518 55.521778 -0.999191 0.013511 0.037890 -28.594984 0.038355 0.036029 0.998614 1.779389
0.015167 0.999103 -0.039542 55.530041 -0.999101 0.016709 0.038969 -29.315286 0.039595 0.038915 0.998458 1.816805
0.017918 0.999034 -0.040129 55.548365 -0.999054 0.019479 0.038870 -30.052244 0.039614 0.039395 0.998438 1.850233
0.021278 0.998919 -0.041339 55.564417 -0.999025 0.022843 0.037780 -30.796051 0.038683 0.040495 0.998431 1.879278
0.025013 0.998684 -0.044783 55.586315 -0.998975 0.026660 0.036584 -31.540681 0.037730 0.043822 0.998327 1.915531
0.028145 0.998677 -0.043029 55.602071 -0.998867 0.029750 0.037138 -32.305575 0.038369 0.041935 0.998383 1.947893
0.031259 0.998719 -0.039792 55.653473 -0.998725 0.032789 0.038393 -33.052012 0.039648 0.038541 0.998470 1.983093
0.033710 0.998563 -0.041664 55.671779 -0.998615 0.035338 0.038970 -33.811806 0.040386 0.040293 0.998371 2.021698
0.036719 0.998530 -0.039866 55.711813 -0.998529 0.038253 0.038421 -34.560215 0.039889 0.038397 0.998466 2.054090
0.039066 0.998510 -0.038104 55.749574 -0.998424 0.040544 0.038796 -35.346271 0.040283 0.036528 0.998520 2.089892
0.042052 0.998451 -0.036434 55.781100 -0.998292 0.043470 0.039036 -36.059147 0.040559 0.034730 0.998573 2.121913
0.045373 0.998392 -0.033984 55.818807 -0.998072 0.046748 0.040833 -36.805968 0.042356 0.032065 0.998588 2.157896
0.048374 0.998255 -0.033872 55.857560 -0.997771 0.049855 0.044357 -37.575843 0.045968 0.031651 0.998441 2.201332
0.051676 0.998083 -0.034068 55.899835 -0.997495 0.053236 0.046580 -38.335030 0.048304 0.031576 0.998333 2.238101
0.054713 0.998096 -0.028475 55.954694 -0.997240 0.056055 0.048681 -39.105712 0.050185 0.025733 0.998408 2.281657
0.057901 0.998031 -0.024132 56.016867 -0.997074 0.059020 0.048574 -39.895157 0.049902 0.021249 0.998528 2.312181
0.061233 0.997763 -0.026835 56.071832 -0.996862 0.062484 0.048602 -40.701449 0.050170 0.023774 0.998458 2.366323
0.064849 0.997518 -0.027436 56.133680 -0.996562 0.066158 0.049876 -41.499521 0.051567 0.024107 0.998379 2.414696
0.069042 0.997353 -0.022810 56.195332 -0.996238 0.070129 0.050912 -42.303674 0.052377 0.019210 0.998443 2.459935
0.073253 0.997071 -0.022000 56.255563 -0.995995 0.074273 0.049773 -43.059780 0.051262 0.018266 0.998518 2.488784
0.077984 0.996654 -0.024492 56.316083 -0.995688 0.079099 0.048465 -43.863877 0.050240 0.020607 0.998525 2.549106
0.082937 0.996349 -0.020247 56.385000 -0.995074 0.083904 0.052808 -44.658011 0.054314 0.015767 0.998399 2.584715
0.088624 0.995890 -0.018696 56.476332 -0.994112 0.089610 0.060922 -45.450201 0.062347 0.013187 0.997967 2.647093
0.096090 0.995195 -0.018801 56.562258 -0.993064 0.097136 0.066243 -46.239224 0.067751 0.012306 0.997626 2.693309
0.103417 0.994532 -0.014499 56.663196 -0.992143 0.104178 0.069282 -47.050119 0.070414 0.007220 0.997492 2.753827
0.111043 0.993738 -0.012429 56.758785 -0.991416 0.111635 0.068056 -47.878249 0.069017 0.004765 0.997604 2.808443
0.118663 0.992859 -0.012270 56.854515 -0.990675 0.119217 0.065960 -48.695634 0.066952 0.004328 0.997747 2.874376
0.125897 0.991965 -0.012432 56.964112 -0.989972 0.126434 0.063013 -49.494899 0.064078 0.004374 0.997935 2.933244
0.133783 0.990955 -0.010453 57.090341 -0.989320 0.134164 0.056967 -50.321870 0.057854 0.002721 0.998321 2.995087
0.141565 0.989898 -0.007841 57.217816 -0.988618 0.141780 0.050335 -51.145918 0.050938 0.000626 0.998702 3.039296
0.148997 0.988801 -0.008465 57.345368 -0.987700 0.149231 0.046673 -51.959763 0.047413 0.001407 0.998874 3.095746
0.155941 0.987727 -0.008834 57.474517 -0.986517 0.156188 0.048881 -52.755383 0.049660 0.001092 0.998766 3.143574
0.161572 0.986814 -0.009614 57.605007 -0.985267 0.161857 0.055239 -53.529208 0.056067 0.000547 0.998427 3.198047
0.166438 0.986001 -0.009975 57.743887 -0.984177 0.166737 0.059957 -54.312561 0.060781 -0.000162 0.998151 3.248216
0.171718 0.985100 -0.009523 57.887615 -0.983139 0.171977 0.062138 -55.090612 0.062850 -0.001307 0.998022 3.305589
0.177108 0.984161 -0.007730 58.034300 -0.982173 0.177242 0.062617 -55.857820 0.062995 -0.003497 0.998008 3.356051
0.181757 0.983289 -0.010387 58.170767 -0.981489 0.182052 0.059469 -56.609120 0.060367 -0.000614 0.998176 3.422902
0.186295 0.982434 -0.010839 58.333128 -0.980967 0.186609 0.053670 -57.376722 0.054750 0.000634 0.998500 3.464299
0.190209 0.981704 -0.008830 58.475876 -0.980615 0.190413 0.046223 -58.133687 0.047058 -0.000133 0.998892 3.521721
0.193919 0.981002 -0.005474 58.631596 -0.980064 0.193973 0.043005 -58.861720 0.043250 -0.002975 0.999060 3.551759
0.197204 0.980352 -0.004445 58.786643 -0.979416 0.197210 0.043035 -59.597844 0.043066 -0.004133 0.999064 3.605837
0.199327 0.979929 -0.002869 58.951869 -0.978913 0.199252 0.045024 -60.336867 0.044692 -0.006166 0.998982 3.645953
0.201064 0.979578 0.000299 59.115584 -0.978393 0.200806 0.049238 -61.056494 0.048172 -0.010192 0.998787 3.695245
0.203036 0.979171 0.000928 59.269231 -0.977753 0.202691 0.053988 -61.753163 0.052675 -0.011869 0.998541 3.732648
0.204782 0.978806 0.001786 59.408596 -0.977090 0.204315 0.059589 -62.410906 0.057962 -0.013948 0.998221 3.780163
0.206491 0.978448 0.000340 59.549231 -0.976600 0.206080 0.061510 -63.070401 0.060114 -0.013034 0.998106 3.831469
0.207786 0.978172 0.002167 59.704187 -0.976363 0.207266 0.061286 -63.737057 0.059499 -0.014850 0.998118 3.864864
0.208492 0.978022 0.001934 59.844677 -0.976391 0.208029 0.058176 -64.388828 0.056495 -0.014017 0.998304 3.915387
0.208918 0.977930 0.002436 59.996455 -0.976451 0.208464 0.055550 -65.046108 0.053816 -0.013984 0.998453 3.952396
0.208759 0.977964 0.002350 60.139413 -0.976528 0.208321 0.054724 -65.682838 0.053029 -0.013719 0.998499 3.998194
0.207728 0.978183 0.002531 60.265322 -0.976799 0.207295 0.053783 -66.337101 0.052085 -0.013644 0.998549 4.044159
0.205945 0.978557 0.003617 60.401282 -0.977165 0.205452 0.054193 -66.944034 0.052288 -0.014695 0.998524 4.082600
0.203748 0.979015 0.004102 60.533324 -0.977465 0.203186 0.057253 -67.568476 0.055218 -0.015675 0.998351 4.122025
0.201505 0.979484 0.002699 60.650917 -0.977694 0.200968 0.061038 -68.161935 0.059243 -0.014938 0.998132 4.171080
0.199230 0.979953 0.000281 60.776699 -0.978079 0.198831 0.061864 -68.757455 0.060568 -0.012600 0.998085 4.213633
0.197373 0.980328 0.000977 60.898038 -0.978538 0.196952 0.060613 -69.352583 0.059228 -0.012919 0.998161 4.251517
0.194918 0.980816 0.002655 61.017334 -0.979202 0.194440 0.057931 -69.942141 0.056303 -0.013892 0.998317 4.291278
0.192988 0.981197 0.002831 61.134277 -0.979808 0.192559 0.053819 -70.511826 0.052262 -0.013160 0.998547 4.331108
0.190725 0.981644 -0.000207 61.229155 -0.980289 0.190473 0.052471 -71.064377 0.051548 -0.009805 0.998622 4.375072
0.188296 0.982105 -0.003677 61.341932 -0.980629 0.188216 0.054231 -71.628946 0.053953 -0.006606 0.998522 4.409053
0.185897 0.982535 -0.008193 61.444566 -0.980936 0.186062 0.056077 -72.179826 0.056623 -0.002388 0.998393 4.447836
0.184261 0.982844 -0.008149 61.555258 -0.981116 0.184420 0.058309 -72.750306 0.058812 -0.002749 0.998265 4.478434
0.182459 0.983185 -0.007546 61.668483 -0.981342 0.182580 0.060269 -73.288233 0.060633 -0.003591 0.998154 4.520369
0.181638 0.983323 -0.009112 61.774037 -0.981534 0.181857 0.059315 -73.847760 0.059983 -0.001830 0.998198 4.550230
0.181654 0.983254 -0.014619 61.859632 -0.981591 0.182199 0.057293 -74.374884 0.058997 0.003942 0.998250 4.589346
0.183183 0.982877 -0.019943 61.970267 -0.981346 0.184027 0.055633 -74.932129 0.058350 0.009380 0.998252 4.621102
0.185230 0.982436 -0.022578 62.058293 -0.980986 0.186214 0.054696 -75.482051 0.057939 0.012018 0.998248 4.661101
0.188398 0.981868 -0.021022 62.171908 -0.980400 0.189286 0.054645 -76.025620 0.057633 0.010315 0.998285 4.696256
0.193814 0.980845 -0.019481 62.294560 -0.979325 0.194611 0.055225 -76.581691 0.057959 0.008374 0.998284 4.734080
0.200251 0.979508 -0.021539 62.404819 -0.978054 0.201148 0.054314 -77.146136 0.057534 0.010190 0.998292 4.769200
0.207893 0.977941 -0.020284 62.535321 -0.976477 0.208705 0.054167 -77.716473 0.057205 0.008546 0.998326 4.807542
0.216047 0.976170 -0.020384 62.654019 -0.974769 0.216842 0.052962 -78.268372 0.056121 0.008428 0.998388 4.832637
0.225272 0.974126 -0.018194 62.799808 -0.972741 0.225928 0.052263 -78.847705 0.055021 0.005925 0.998468 4.876325
0.234829 0.971886 -0.017107 62.953906 -0.970473 0.235412 0.052559 -79.444318 0.055108 0.004260 0.998471 4.909612
0.245258 0.969360 -0.013748 63.121150 -0.967760 0.245643 0.055685 -80.035154 0.057356 -0.000352 0.998354 4.948987
0.255011 0.966872 -0.011342 63.284189 -0.965087 0.255231 0.058856 -80.628968 0.059801 -0.004063 0.998202 4.980884
0.265869 0.963963 -0.009447 63.480841 -0.962047 0.265940 0.061172 -81.228627 0.061480 -0.007175 0.998083 5.017688
0.276212 0.961055 -0.008969 63.666505 -0.959019 0.276217 0.063142 -81.850324 0.063160 -0.008839 0.997964 5.064306
0.286788 0.957971 -0.006733 63.851263 -0.955882 0.286615 0.064353 -82.474853 0.063578 -0.012019 0.997904 5.104941
0.297146 0.954807 -0.006968 64.049463 -0.952678 0.296958 0.064960 -83.093901 0.064094 -0.012664 0.997864 5.146080
0.307286 0.951605 -0.004744 64.255153 -0.949474 0.306924 0.065545 -83.720058 0.063829 -0.015637 0.997838 5.186396
0.318001 0.948081 -0.004157 64.499757 -0.946213 0.317644 0.061509 -84.427073 0.059636 -0.015627 0.998098 5.221312
0.328058 0.944638 -0.006031 64.735741 -0.943166 0.327892 0.054090 -85.063181 0.053073 -0.012057 0.998518 5.271568
0.339439 0.940602 -0.007016 64.956836 -0.939339 0.339354 0.049801 -85.726627 0.049224 -0.010314 0.998735 5.314524
0.349633 0.936854 -0.007779 65.222701 -0.935743 0.349604 0.046503 -86.413849 0.046286 -0.008979 0.998888 5.345494
0.358665 0.933395 -0.011543 65.494573 -0.932358 0.358814 0.044294 -87.104240 0.045486 -0.005125 0.998952 5.390530
0.367246 0.929961 -0.017383 65.762551 -0.929092 0.367655 0.040214 -87.791741 0.043789 0.001382 0.999040 5.415551
0.374078 0.927081 -0.024204 66.046487 -0.926648 0.374698 0.030428 -88.541269 0.037278 0.011046 0.999244 5.453961
0.380698 0.924239 -0.029196 66.330434 -0.924061 0.381418 0.025139 -89.253344 0.034370 0.017408 0.999258 5.497490
0.388147 0.920995 -0.033314 66.631017 -0.920900 0.389006 0.024863 -89.971012 0.035858 0.021028 0.999136 5.517691
0.394956 0.917916 -0.037942 66.924003 -0.917655 0.396139 0.031336 -90.659138 0.043794 0.022442 0.998789 5.559053
0.401798 0.914701 -0.043362 67.229284 -0.914302 0.403364 0.036746 -91.367230 0.051102 0.024881 0.998383 5.599584
0.407391 0.912227 -0.043301 67.556900 -0.911727 0.408993 0.038446 -92.085734 0.052781 0.023816 0.998322 5.644545
0.412078 0.910394 -0.037066 67.891653 -0.909664 0.413387 0.040281 -92.801089 0.051995 0.017119 0.998501 5.680243
0.416238 0.908657 -0.032988 68.238098 -0.907711 0.417371 0.043161 -93.508502 0.052986 0.011978 0.998523 5.722728
0.420100 0.906905 -0.032233 68.549741 -0.905746 0.421227 0.046812 -94.180376 0.056031 0.009530 0.998384 5.785018
0.424007 0.905094 -0.031987 68.865385 -0.903703 0.425147 0.050707 -94.842020 0.059494 0.007406 0.998201 5.826910
0.427439 0.903557 -0.029685 69.192484 -0.901946 0.428453 0.054055 -95.500862 0.061560 0.003669 0.998097 5.884836
0.431540 0.901636 -0.028733 69.515384 -0.900099 0.432484 0.052724 -96.157632 0.059965 0.003110 0.998196 5.928020
0.435395 0.899789 -0.028467 69.822329 -0.898454 0.436305 0.049177 -96.815562 0.056669 0.004165 0.998384 5.985215
0.439157 0.897990 -0.027486 70.151697 -0.896784 0.439997 0.046697 -97.449698 0.054027 0.004141 0.998531 6.032257
0.442372 0.896440 -0.026481 70.474770 -0.895295 0.443150 0.045453 -98.070935 0.052481 0.003601 0.998615 6.081083
0.446046 0.894665 -0.024857 70.788114 -0.893407 0.446737 0.047431 -98.691433 0.053539 0.001051 0.998565 6.122973
0.448764 0.893277 -0.025838 71.077703 -0.891978 0.449505 0.048167 -99.310168 0.054640 0.001431 0.998505 6.175377
0.450801 0.892185 -0.028004 71.400442 -0.890994 0.451651 0.046273 -99.909849 0.053932 0.004091 0.998536 6.212287
0.452230 0.891411 -0.029591 71.697156 -0.890280 0.453158 0.045259 -100.499730 0.053754 0.005877 0.998537 6.257947
0.453872 0.890615 -0.028396 72.000078 -0.889481 0.454734 0.045166 -101.079962 0.053138 0.004758 0.998576 6.295019
0.455982 0.889480 -0.030098 72.314451 -0.888402 0.456927 0.044258 -101.668548 0.053119 0.006558 0.998567 6.335232
0.458381 0.888225 -0.030704 72.609767 -0.887043 0.459368 0.046217 -102.218304 0.055156 0.006051 0.998459 6.377929
0.460646 0.886970 -0.032994 72.863831 -0.885782 0.461761 0.046544 -102.745811 0.056519 0.007785 0.998371 6.418690
0.463639 0.885302 -0.035778 73.154089 -0.884190 0.464899 0.045573 -103.296949 0.056979 0.010505 0.998320 6.462404
0.466361 0.883768 -0.038238 73.449563 -0.882757 0.467742 0.044254 -103.845588 0.056996 0.013117 0.998288 6.502167
0.470197 0.881665 -0.039772 73.724471 -0.880728 0.471647 0.043220 -104.380316 0.056864 0.014706 0.998274 6.544876
0.472902 0.880186 -0.040442 74.005981 -0.879268 0.474384 0.042989 -104.916664 0.057023 0.015230 0.998257 6.587287
0.476631 0.878132 -0.041317 74.287384 -0.877272 0.478145 0.042081 -105.421659 0.056708 0.016189 0.998260 6.625918
0.479632 0.876394 -0.043431 74.565820 -0.875593 0.481255 0.041604 -105.924339 0.057363 0.018073 0.998190 6.662570
0.483405 0.874316 -0.043474 74.853126 -0.873426 0.485052 0.043025 -106.442450 0.058705 0.017173 0.998128 6.703838
0.487491 0.871867 -0.046909 75.127770 -0.871038 0.489337 0.042917 -106.933623 0.060373 0.019938 0.997977 6.742304
0.492625 0.868977 -0.046899 75.414396 -0.867936 0.494526 0.046156 -107.447133 0.063301 0.017968 0.997833 6.783706
0.498189 0.865811 -0.046683 75.700149 -0.864367 0.500163 0.052033 -107.925572 0.068400 0.014429 0.997554 6.826028
0.503751 0.862653 -0.045446 75.989535 -0.860667 0.505712 0.059224 -108.413489 0.074072 0.009280 0.997210 6.868847
0.509927 0.859098 -0.043871 76.298844 -0.856576 0.511795 0.065906 -108.912301 0.079073 0.003971 0.996861 6.909048
0.516183 0.855399 -0.042996 76.610500 -0.852471 0.517970 0.070710 -109.395242 0.082756 0.000153 0.996570 6.956201
0.522461 0.851730 -0.039882 76.924372 -0.848761 0.523970 0.071131 -109.862183 0.081482 -0.003313 0.996669 7.002347
0.528707 0.848191 -0.032256 77.246868 -0.845337 0.529599 0.070220 -110.361052 0.076643 -0.009859 0.997010 7.049417
0.534717 0.844682 -0.024275 77.586852 -0.842089 0.535031 0.068024 -110.875664 0.070446 -0.015932 0.997388 7.099912
0.541411 0.840599 -0.016382 77.928043 -0.838267 0.541203 0.066392 -111.370463 0.064674 -0.022213 0.997659 7.145898
0.547519 0.836699 -0.012552 78.285965 -0.834572 0.547096 0.064616 -111.847439 0.060932 -0.024903 0.997831 7.187326
0.554454 0.832160 -0.009561 78.648200 -0.829915 0.553738 0.067934 -112.373703 0.061826 -0.029731 0.997644 7.231089
0.561072 0.827727 -0.008093 79.012723 -0.825270 0.560112 0.072138 -112.893257 0.064243 -0.033795 0.997362 7.268998
0.566952 0.823714 -0.007809 79.376182 -0.821051 0.565836 0.075539 -113.418148 0.066641 -0.036415 0.997112 7.312262
0.573580 0.819119 -0.007058 79.756207 -0.816317 0.572291 0.078167 -113.943293 0.068067 -0.039074 0.996915 7.348019
0.580431 0.814293 -0.005141 80.169946 -0.811508 0.578946 0.079224 -114.498616 0.067488 -0.041812 0.996844 7.397135
0.587018 0.809573 -0.000667 80.593598 -0.806886 0.585136 0.080936 -115.049789 0.065914 -0.046973 0.996719 7.442170
0.593906 0.804535 0.000433 81.015042 -0.802010 0.592000 0.079473 -115.593001 0.063683 -0.047547 0.996837 7.485901
0.601356 0.798980 0.001428 81.457494 -0.796646 0.599460 0.077479 -116.146573 0.061048 -0.047730 0.996993 7.533512
0.608956 0.793202 0.001702 81.908317 -0.790885 0.607011 0.077703 -116.737291 0.060601 -0.048664 0.996975 7.586424
0.617144 0.786840 0.004031 82.360673 -0.784529 0.614922 0.079908 -117.301303 0.060396 -0.052477 0.996794 7.624741
0.624549 0.780974 0.004263 82.856169 -0.778619 0.622223 0.081186 -117.897511 0.060752 -0.054024 0.996690 7.671133
0.631574 0.775302 0.004693 83.362680 -0.772950 0.629162 0.081877 -118.486184 0.060527 -0.055338 0.996631 7.712063
0.636740 0.771063 0.004981 83.841172 -0.768805 0.634354 0.080831 -119.075931 0.059166 -0.055298 0.996715 7.760366
0.640795 0.767702 0.003843 84.366198 -0.765482 0.638545 0.079356 -119.687699 0.058468 -0.053792 0.996839 7.809282
0.643447 0.765489 0.001682 84.874905 -0.763274 0.641415 0.077451 -120.300192 0.058209 -0.051119 0.996995 7.853447
0.646778 0.762675 -0.002492 85.410760 -0.760476 0.645155 0.073835 -120.936435 0.057919 -0.045859 0.997267 7.904253
0.650274 0.759661 -0.007747 85.947910 -0.757608 0.649206 0.067540 -121.580002 0.056336 -0.038050 0.997687 7.955618
0.653199 0.757104 -0.011139 86.487387 -0.755265 0.652519 0.061590 -122.198520 0.053898 -0.031818 0.998039 8.001839
0.656205 0.754463 -0.013410 87.043537 -0.752843 0.655796 0.056208 -122.842765 0.051201 -0.026788 0.998329 8.058998
0.659809 0.751300 -0.014200 87.625065 -0.749766 0.659485 0.054140 -123.486666 0.050040 -0.025075 0.998432 8.097097
0.662434 0.748994 -0.013747 88.183564 -0.747372 0.662030 0.056141 -124.127563 0.051150 -0.026916 0.998328 8.153056
0.666160 0.745721 -0.011466 88.790758 -0.743933 0.665495 0.060667 -124.787060 0.052872 -0.031884 0.998092 8.196958
0.669338 0.742923 -0.007198 89.394689 -0.741105 0.668322 0.064093 -125.415236 0.052427 -0.037565 0.997918 8.242277
0.671968 0.740572 -0.003487 89.975297 -0.739006 0.670840 0.062003 -126.066102 0.048257 -0.039087 0.998070 8.292577
0.675843 0.737044 0.001803 90.590476 -0.735856 0.674611 0.058451 -126.686955 0.041864 -0.040830 0.998289 8.329991
0.679032 0.734086 0.005763 91.193887 -0.733286 0.677878 0.052658 -127.333811 0.034749 -0.039983 0.998596 8.371609
0.683752 0.729697 0.005055 91.815821 -0.729033 0.682797 0.047956 -127.978035 0.031542 -0.036475 0.998837 8.402419
0.687888 0.725816 0.000790 92.433984 -0.725093 0.687153 0.045399 -128.652018 0.032408 -0.031803 0.998969 8.446670
0.692677 0.721170 -0.010591 93.038560 -0.720233 0.692406 0.042862 -129.310752 0.038244 -0.022061 0.999025 8.484697
0.697239 0.716571 -0.019574 93.691361 -0.715326 0.697281 0.045905 -129.995305 0.046543 -0.018005 0.998754 8.527376
0.702475 0.711282 -0.024653 94.334422 -0.709930 0.702746 0.046348 -130.647915 0.050291 -0.015057 0.998621 8.578732
0.708319 0.705411 -0.026074 94.967342 -0.704271 0.708712 0.041588 -131.298927 0.047816 -0.011094 0.998795 8.607777
0.714470 0.699128 -0.027414 95.631154 -0.698257 0.714969 0.035432 -131.935396 0.044372 -0.006173 0.998996 8.671389
0.719362 0.693883 -0.032313 96.295823 -0.693149 0.720087 0.031917 -132.569965 0.045415 -0.000562 0.998968 8.704172
0.723393 0.689508 -0.035797 96.985031 -0.688591 0.724277 0.035571 -133.237351 0.050454 -0.001082 0.998726 8.770538
0.727188 0.685429 -0.037213 97.654188 -0.684396 0.728137 0.037673 -133.853467 0.052918 -0.001926 0.998597 8.807122
0.730257 0.682113 -0.038029 98.327979 -0.681243 0.731247 0.034435 -134.491323 0.051297 0.000761 0.998683 8.860937
0.732745 0.679411 -0.038537 98.977211 -0.678858 0.733736 0.028000 -135.111305 0.047299 0.005644 0.998865 8.910983
0.734070 0.678020 -0.037808 99.668446 -0.677630 0.735002 0.024299 -135.744797 0.044264 0.007783 0.998990 8.965055
0.734664 0.677393 -0.037521 100.354148 -0.677152 0.735551 0.020725 -136.391298 0.041638 0.010181 0.999081 9.008509
0.734947 0.677168 -0.036007 101.048874 -0.676937 0.735766 0.020111 -137.035630 0.040112 0.009594 0.999149 9.058744
0.734872 0.677289 -0.035250 101.742459 -0.677049 0.735661 0.020155 -137.649879 0.039583 0.009054 0.999175 9.090487
0.734162 0.678134 -0.033776 102.450535 -0.677752 0.734917 0.023458 -138.295046 0.040730 0.005670 0.999154 9.145027
0.732975 0.679426 -0.033567 103.147937 -0.678926 0.733735 0.026305 -138.902142 0.042501 0.003508 0.999090 9.184823
0.730944 0.681706 -0.031570 103.836413 -0.681054 0.731626 0.029809 -139.525982 0.043419 -0.000287 0.999057 9.242048
0.729388 0.683430 -0.030268 104.526033 -0.682729 0.730013 0.031015 -140.147033 0.043292 -0.001957 0.999061 9.282950
0.727050 0.686053 -0.027017 105.229883 -0.685272 0.727530 0.033208 -140.795247 0.042438 -0.005630 0.999083 9.333433
0.724387 0.688971 -0.024142 105.914524 -0.688193 0.724747 0.033650 -141.429574 0.040681 -0.007761 0.999142 9.378503
0.722323 0.691217 -0.021658 106.562652 -0.690516 0.722600 0.032219 -142.029060 0.037920 -0.008318 0.999246 9.406992
0.719886 0.693736 -0.022240 107.194278 -0.693134 0.720206 0.029468 -142.642387 0.036460 -0.005798 0.999318 9.441930
0.717071 0.696512 -0.026056 107.822982 -0.695811 0.717530 0.031579 -143.256328 0.040691 -0.004515 0.999162 9.502670
0.712960 0.700644 -0.028024 108.528912 -0.699491 0.713442 0.041381 -143.876389 0.048987 -0.009901 0.998750 9.558230
0.708860 0.704743 -0.029236 109.246825 -0.703232 0.709334 0.048070 -144.558649 0.054615 -0.013515 0.998416 9.626835
0.706202 0.707432 -0.028625 109.905969 -0.706082 0.706684 0.045235 -145.199320 0.052229 -0.011734 0.998566 9.666468
0.703220 0.710694 -0.019910 110.509097 -0.709482 0.703283 0.045038 -145.845429 0.046010 -0.017546 0.998787 9.721342
0.700112 0.713851 -0.016152 111.152927 -0.712775 0.700042 0.043507 -146.500758 0.042365 -0.018946 0.998923 9.761757
0.696586 0.717313 -0.015155 111.821123 -0.716282 0.696492 0.042880 -147.154576 0.041314 -0.019014 0.998965 9.826688
0.693547 0.720190 -0.017874 112.470548 -0.719218 0.693612 0.040343 -147.815958 0.041452 -0.015124 0.999026 9.863979
0.690019 0.723535 -0.019268 113.060420 -0.722503 0.690134 0.041281 -148.472058 0.043166 -0.014564 0.998962 9.913776
0.687017 0.726219 -0.024763 113.661460 -0.725195 0.687400 0.039659 -149.109096 0.045823 -0.009289 0.998906 9.950837
0.682928 0.730063 -0.024836 114.254342 -0.728905 0.683292 0.042542 -149.744409 0.048029 -0.010950 0.998786 10.011854
0.679137 0.733531 -0.026553 114.876324 -0.732395 0.679598 0.041761 -150.398228 0.048679 -0.008914 0.998775 10.050007
0.674711 0.737670 -0.024655 115.507686 -0.736492 0.675073 0.043084 -151.068355 0.048425 -0.010911 0.998767 10.098665
0.670028 0.741892 -0.025665 116.136167 -0.740752 0.670456 0.042134 -151.753792 0.048466 -0.009219 0.998782 10.154487
0.664608 0.746788 -0.024587 116.763288 -0.745552 0.664969 0.044371 -152.399186 0.049485 -0.011158 0.998713 10.192466
0.657885 0.752709 -0.024851 117.377220 -0.751169 0.658197 0.050216 -153.060832 0.054155 -0.014369 0.998429 10.260962
0.651347 0.758341 -0.025833 117.972815 -0.756464 0.651640 0.055931 -153.716842 0.059248 -0.016889 0.998100 10.306728
0.644272 0.764476 -0.022127 118.597975 -0.762361 0.644259 0.061119 -154.404137 0.060980 -0.022508 0.997885 10.384677
0.638777 0.769138 -0.019768 119.193377 -0.767521 0.638803 0.053311 -155.123572 0.053631 -0.018882 0.998382 10.434714
0.632690 0.774330 -0.010760 119.773324 -0.773160 0.632399 0.047911 -155.856733 0.043904 -0.021993 0.998794 10.465507
0.625820 0.779931 -0.007556 120.343601 -0.779040 0.625518 0.042699 -156.579373 0.038028 -0.020835 0.999059 10.521727
0.618272 0.785963 -0.001647 120.947893 -0.785178 0.617745 0.043434 -157.282287 0.035155 -0.025561 0.999055 10.553812
0.610447 0.792056 -0.001027 121.505743 -0.791186 0.609836 0.046085 -157.993963 0.037128 -0.027320 0.998937 10.606378
0.603309 0.797436 -0.010646 122.083712 -0.796396 0.603120 0.044724 -158.740849 0.042086 -0.018504 0.998943 10.630656
0.595585 0.803194 -0.012603 122.653648 -0.801672 0.595306 0.054153 -159.474107 0.050998 -0.022149 0.998453 10.704803
0.587920 0.808728 -0.017606 123.186259 -0.807026 0.587893 0.055589 -160.206708 0.055306 -0.018473 0.998299 10.753262
0.580974 0.813714 -0.018401 123.750952 -0.812223 0.581073 0.051464 -160.988057 0.052570 -0.014953 0.998505 10.797923
0.574656 0.818155 -0.019818 124.264088 -0.816945 0.574911 0.045583 -161.780919 0.048688 -0.010004 0.998764 10.848859
0.566688 0.823741 -0.017758 124.818673 -0.822580 0.566861 0.045059 -162.550357 0.047183 -0.010927 0.998826 10.904946
0.559897 0.828384 -0.017192 125.355588 -0.827185 0.560043 0.046006 -163.317463 0.047739 -0.011538 0.998793 10.953373
0.553699 0.832511 -0.018531 125.847485 -0.831354 0.553929 0.044868 -164.073427 0.047618 -0.009438 0.998821 11.012181
0.548367 0.835950 -0.021921 126.346679 -0.835092 0.548800 0.037940 -164.844838 0.043746 -0.002499 0.999040 11.060342
0.543176 0.839352 -0.021158 126.848903 -0.838633 0.543587 0.034767 -165.597611 0.040683 -0.001141 0.999171 11.110487
0.539213 0.841971 -0.018290 127.351556 -0.841288 0.539515 0.034049 -166.350576 0.038536 -0.002973 0.999253 11.150713
0.534635 0.844897 -0.017738 127.813021 -0.844148 0.534913 0.035812 -167.088725 0.039746 -0.004173 0.999201 11.210526
0.529982 0.847760 -0.020528 128.286228 -0.846889 0.530371 0.038549 -167.831478 0.043568 -0.003046 0.999046 11.252678
0.526820 0.849664 -0.023083 128.750223 -0.848513 0.527311 0.044363 -168.544552 0.049866 -0.003785 0.998749 11.302758
0.523585 0.851711 -0.021132 129.191859 -0.850418 0.523967 0.047420 -169.251538 0.051460 -0.006857 0.998651 11.349100
0.521537 0.853009 -0.019368 129.640646 -0.851965 0.521866 0.042555 -169.993381 0.046408 -0.005693 0.998906 11.397169
0.518827 0.854688 -0.018069 130.074690 -0.853984 0.519135 0.034794 -170.731513 0.039118 -0.002621 0.999231 11.437373
0.516013 0.856317 -0.021234 130.518497 -0.855850 0.516438 0.028505 -171.470057 0.035375 0.003465 0.999368 11.492209
0.513178 0.857916 -0.025070 130.937788 -0.857524 0.513734 0.027017 -172.180530 0.036057 0.007634 0.999321 11.533230
0.511090 0.859037 -0.029034 131.353645 -0.858616 0.511811 0.028758 -172.865474 0.039564 0.010231 0.999165 11.572711
0.509113 0.860154 -0.030662 131.772652 -0.859442 0.509971 0.035902 -173.569575 0.046518 0.008074 0.998885 11.615658
0.506427 0.861701 -0.031672 132.172557 -0.860549 0.507395 0.044774 -174.254764 0.054652 0.004581 0.998495 11.664575
0.504542 0.862606 -0.036725 132.580291 -0.861420 0.505806 0.045999 -174.900924 0.058255 0.008427 0.998266 11.722494
0.502626 0.863856 -0.033473 132.974942 -0.862991 0.503660 0.039654 -175.558784 0.051115 0.008955 0.998653 11.763958
0.500347 0.865564 -0.021255 133.379574 -0.864958 0.500794 0.032456 -176.261363 0.038737 0.002145 0.999247 11.798346
0.497385 0.867463 -0.010759 133.776301 -0.867005 0.497477 0.028616 -176.954941 0.030176 -0.004905 0.999533 11.834797
0.494244 0.869286 -0.007993 134.146196 -0.868795 0.494244 0.030318 -177.598725 0.030305 -0.008040 0.999508 11.882976
0.491532 0.870770 -0.012481 134.509738 -0.870168 0.491662 0.032799 -178.230453 0.034697 -0.005261 0.999384 11.918926
0.489981 0.871614 -0.014390 134.877099 -0.870926 0.490171 0.034948 -178.861757 0.037514 -0.004592 0.999286 11.954698
0.487823 0.872824 -0.014402 135.241455 -0.872173 0.488019 0.033937 -179.503784 0.036649 -0.003994 0.999320 11.983338
0.485386 0.874201 -0.013176 135.598238 -0.873590 0.485544 0.032979 -180.132602 0.035228 -0.004497 0.999369 12.019047
0.482462 0.875825 -0.012729 135.945340 -0.875238 0.482609 0.032355 -180.754874 0.034480 -0.004470 0.999395 12.048751
0.479373 0.877501 -0.013936 136.285732 -0.876898 0.479563 0.032704 -181.371085 0.035381 -0.003457 0.999368 12.086687
0.475910 0.879368 -0.014902 136.607387 -0.878697 0.476132 0.034486 -182.000582 0.037421 -0.003317 0.999294 12.120382
0.471964 0.881481 -0.015533 136.932306 -0.880734 0.472206 0.036470 -182.577543 0.039482 -0.003532 0.999214 12.154651
0.466850 0.884197 -0.015685 137.249831 -0.883369 0.467096 0.038480 -183.176820 0.041351 -0.004109 0.999136 12.187663
0.461543 0.886956 -0.016959 137.566921 -0.886031 0.461839 0.040664 -183.763493 0.043900 -0.003742 0.999029 12.218933
0.456282 0.889637 -0.018796 137.864706 -0.888573 0.456658 0.043611 -184.341551 0.047381 -0.003197 0.998872 12.255823
0.449814 0.892864 -0.021458 138.162534 -0.891671 0.450322 0.046188 -184.916825 0.050902 -0.001642 0.998702 12.293568
0.442931 0.896318 -0.020653 138.472253 -0.895015 0.443402 0.048408 -185.541142 0.052547 -0.002957 0.998614 12.333671
0.436268 0.899664 -0.016596 138.782151 -0.898288 0.436527 0.050224 -186.167434 0.052430 -0.007003 0.998600 12.369117
0.429932 0.902768 -0.012980 139.083736 -0.901349 0.430000 0.051677 -186.779398 0.052233 -0.010518 0.998580 12.398541
0.423986 0.905585 -0.012305 139.386308 -0.904138 0.424020 0.052355 -187.387888 0.052629 -0.011072 0.998553 12.444825
0.416621 0.909006 -0.011673 139.668891 -0.907412 0.416599 0.055212 -188.002316 0.055051 -0.012410 0.998406 12.487889
0.409359 0.912319 -0.009950 139.963658 -0.910478 0.409186 0.059974 -188.619643 0.058786 -0.015492 0.998150 12.529260
0.402168 0.915525 -0.008639 140.264717 -0.913472 0.401868 0.063813 -189.269986 0.061894 -0.017772 0.997924 12.568734
0.394435 0.918893 -0.007555 140.553952 -0.916694 0.394037 0.066383 -189.938403 0.063976 -0.019258 0.997766 12.611292
0.386684 0.922183 -0.007405 140.848169 -0.919836 0.386251 0.068641 -190.607200 0.066159 -0.019731 0.997614 12.665070
0.379763 0.925062 -0.006371 141.127707 -0.922578 0.379232 0.070940 -191.295087 0.068040 -0.021062 0.997460 12.712855
0.372013 0.928183 -0.009047 141.404746 -0.925629 0.371683 0.071146 -191.971819 0.069399 -0.018093 0.997425 12.771332
0.365166 0.930888 -0.010026 141.680422 -0.928366 0.364935 0.070415 -192.667941 0.069207 -0.016406 0.997467 12.817442
0.357324 0.933929 -0.009787 141.960985 -0.931588 0.357139 0.067796 -193.371111 0.066812 -0.015108 0.997651 12.873711
0.349990 0.936726 -0.007108 142.234736 -0.934601 0.349690 0.065104 -194.088895 0.063471 -0.016143 0.997853 12.919805
0.343908 0.938981 -0.006490 142.497201 -0.937089 0.343640 0.061448 -194.836579 0.059929 -0.015050 0.998089 12.964416
0.337993 0.941118 -0.007659 142.771292 -0.939458 0.337862 0.057159 -195.580377 0.056381 -0.012124 0.998336 13.032589
0.332226 0.943184 -0.005432 143.056211 -0.941837 0.332050 0.051816 -196.341426 0.050676 -0.012099 0.998642 13.070437
0.326907 0.945047 -0.004277 143.318845 -0.943960 0.326743 0.046672 -197.120786 0.045505 -0.011220 0.998901 13.098307
0.322108 0.946664 -0.008617 143.594242 -0.945555 0.322153 0.046293 -197.926938 0.046599 -0.006763 0.998891 13.154134
0.316133 0.948610 -0.014076 143.860889 -0.947143 0.316428 0.052860 -198.703499 0.054597 -0.003379 0.998503 13.200195
0.311109 0.950142 -0.021027 144.130896 -0.947998 0.311819 0.063792 -199.498948 0.067168 0.000087 0.997742 13.250547
0.305799 0.951672 -0.028399 144.405058 -0.949114 0.307065 0.069951 -200.325696 0.075290 0.005563 0.997146 13.310107
0.301160 0.952955 -0.034349 144.656689 -0.950696 0.302852 0.066763 -201.174529 0.074025 0.012549 0.997177 13.366741
0.296648 0.954226 -0.038123 144.897387 -0.952589 0.298495 0.058948 -202.009272 0.067630 0.018828 0.997533 13.430950
0.292522 0.955411 -0.040271 145.135312 -0.954185 0.294400 0.053473 -202.836671 0.062944 0.022784 0.997757 13.482454
0.287421 0.957047 -0.038076 145.407082 -0.955474 0.289266 0.058258 -203.688915 0.066770 0.019636 0.997575 13.559562
0.282742 0.958581 -0.034336 145.702502 -0.956256 0.284495 0.068095 -204.570360 0.075043 0.013581 0.997088 13.624179
0.277688 0.960192 -0.030336 145.996250 -0.957573 0.279188 0.071463 -205.487427 0.077088 0.009204 0.996982 13.702090
0.273155 0.961593 -0.026944 146.221366 -0.959264 0.274379 0.067294 -206.309001 0.072103 0.007465 0.997369 13.752851
0.268247 0.963060 -0.023633 146.463009 -0.960952 0.269228 0.063930 -207.193484 0.067931 0.005561 0.997675 13.814401
0.262898 0.964575 -0.021916 146.728469 -0.962412 0.263778 0.064681 -208.099202 0.068171 0.004088 0.997665 13.891109
0.257925 0.965970 -0.019412 146.986720 -0.963516 0.258652 0.068816 -209.005315 0.071496 0.000955 0.997440 13.967668
0.253018 0.967190 -0.022942 147.233482 -0.964722 0.254014 0.069203 -209.927079 0.072760 0.004623 0.997339 14.031548
0.248094 0.968375 -0.026464 147.472961 -0.966020 0.249350 0.068042 -210.848604 0.072489 0.008684 0.997331 14.104605
0.244213 0.969312 -0.028190 147.706971 -0.967059 0.245593 0.066943 -211.795813 0.071812 0.010913 0.997359 14.172028
0.240729 0.970138 -0.029703 147.949078 -0.967961 0.242216 0.066209 -212.721841 0.071426 0.012813 0.997364 14.244837
0.237270 0.970982 -0.029943 148.185176 -0.968890 0.238767 0.065134 -213.656587 0.070393 0.013557 0.997427 14.319005
0.235160 0.971582 -0.026994 148.411484 -0.969552 0.236440 0.063763 -214.539284 0.068333 0.011177 0.997600 14.386343
0.232533 0.972217 -0.026891 148.638179 -0.970341 0.233785 0.061502 -215.467106 0.066080 0.011792 0.997745 14.452194
0.230290 0.972825 -0.024035 148.863704 -0.970931 0.231358 0.061376 -216.403951 0.065269 0.009202 0.997825 14.514872
0.229470 0.973081 -0.021402 149.082686 -0.970970 0.230387 0.064340 -217.335595 0.067539 0.006017 0.997698 14.593348
0.226870 0.973708 -0.020580 149.340871 -0.971499 0.227745 0.065744 -218.336250 0.068703 0.005078 0.997624 14.664406
0.224991 0.974120 -0.021656 149.576362 -0.971921 0.225944 0.065713 -219.295804 0.068906 0.006263 0.997604 14.734467
0.223560 0.974469 -0.020766 149.785285 -0.972373 0.224446 0.064143 -220.190149 0.067166 0.005852 0.997725 14.819886
0.222365 0.974743 -0.020749 149.997947 -0.972879 0.223231 0.060625 -221.064917 0.063726 0.006705 0.997945 14.865668
0.220268 0.975172 -0.022860 150.191923 -0.973562 0.221237 0.056840 -222.049292 0.060486 0.009736 0.998122 14.953367
0.219939 0.975263 -0.022107 150.426282 -0.973486 0.220886 0.059456 -222.997666 0.062869 0.008444 0.997986 15.009684
0.217457 0.975840 -0.021160 150.664818 -0.973688 0.218389 0.065098 -223.950777 0.068146 0.006447 0.997655 15.086084
0.215658 0.976189 -0.023376 150.891483 -0.973789 0.216777 0.068869 -224.856987 0.072296 0.007911 0.997352 15.153280
0.212807 0.976864 -0.021203 151.098687 -0.974416 0.213779 0.069371 -225.759511 0.072299 0.005898 0.997366 15.224007
0.209869 0.977538 -0.019373 151.296160 -0.975318 0.210701 0.066029 -226.744745 0.068628 0.005037 0.997630 15.302637
0.207106 0.978160 -0.017605 151.484347 -0.976323 0.207799 0.060117 -227.655141 0.062463 0.004737 0.998036 15.362277
0.203797 0.978840 -0.018427 151.669850 -0.977278 0.204520 0.055668 -228.591007 0.058259 0.006663 0.998279 15.431789
0.199857 0.979689 -0.016324 151.852977 -0.978110 0.200465 0.055817 -229.465667 0.057956 0.004811 0.998308 15.492210
0.195244 0.980629 -0.015675 152.049932 -0.978950 0.195829 0.057514 -230.405374 0.059470 0.004115 0.998222 15.555869
0.191176 0.981423 -0.016133 152.235030 -0.979736 0.191796 0.057716 -231.326185 0.059738 0.004772 0.998203 15.615757
0.187110 0.982215 -0.015580 152.407497 -0.980552 0.187702 0.057324 -232.251574 0.059229 0.004551 0.998234 15.675414
0.183345 0.982919 -0.015971 152.601681 -0.981327 0.183961 0.056179 -233.220772 0.058157 0.005373 0.998293 15.740559
0.179828 0.983588 -0.014738 152.783178 -0.982007 0.180377 0.055906 -234.166670 0.057647 0.004420 0.998327 15.805603
0.175599 0.984371 -0.013365 152.951268 -0.982765 0.176077 0.056304 -235.063448 0.057778 0.003248 0.998324 15.863106
0.171298 0.985170 -0.009874 153.117873 -0.983507 0.171582 0.057216 -235.996012 0.058061 -0.000090 0.998313 15.929436
0.166996 0.985926 -0.007858 153.282559 -0.984295 0.167171 0.056713 -236.916440 0.057229 -0.001736 0.998360 15.987921
0.163563 0.986527 -0.003261 153.459965 -0.984868 0.163478 0.057532 -237.875132 0.057290 -0.006198 0.998338 16.052909
0.161030 0.986948 0.001543 153.642846 -0.985078 0.160629 0.061802 -238.816489 0.060747 -0.011472 0.998087 16.118714
0.157957 0.987438 0.004047 153.807855 -0.985274 0.157336 0.066937 -239.713024 0.065460 -0.014561 0.997749 16.185135
0.154749 0.987936 0.005879 153.969749 -0.985647 0.153978 0.069210 -240.626876 0.067469 -0.016505 0.997585 16.249309
0.151220 0.988471 0.007613 154.108846 -0.986357 0.150381 0.066969 -241.554101 0.065052 -0.017637 0.997726 16.311927
0.147641 0.989012 0.007631 154.255945 -0.987146 0.146876 0.063015 -242.476063 0.061202 -0.016837 0.997983 16.383095
0.144619 0.989451 0.008440 154.398279 -0.987749 0.143854 0.060489 -243.407807 0.058637 -0.017085 0.998133 16.445573
0.140956 0.989992 0.006857 154.530216 -0.988375 0.140321 0.058517 -244.332913 0.056969 -0.015026 0.998263 16.510958
0.138145 0.990389 0.006760 154.683309 -0.988754 0.137516 0.058783 -245.278434 0.057289 -0.014804 0.998248 16.577573
0.133662 0.990999 0.007396 154.800928 -0.989268 0.132977 0.060542 -246.191446 0.059014 -0.015409 0.998138 16.629519
0.129087 0.991596 0.008548 154.919246 -0.989723 0.128299 0.063152 -247.059229 0.061524 -0.016612 0.997967 16.697815
0.123602 0.992332 0.000082 155.025911 -0.990577 0.123379 0.059462 -247.955494 0.058996 -0.007431 0.998231 16.751212
0.118689 0.992930 -0.001781 155.134002 -0.991524 0.118616 0.053013 -248.884060 0.052850 -0.004526 0.998592 16.805844
0.113640 0.993522 -0.000994 155.255541 -0.992058 0.113527 0.054161 -249.824452 0.053923 -0.005169 0.998532 16.864504
0.108850 0.994052 -0.003614 155.369493 -0.991906 0.108852 0.065377 -250.703658 0.065381 -0.003532 0.997854 16.942013
0.103353 0.994634 -0.004698 155.471219 -0.991497 0.103400 0.079003 -251.565308 0.079065 -0.003507 0.996863 17.001831
0.097841 0.995196 -0.003333 155.555851 -0.991743 0.097779 0.082978 -252.433617 0.082905 -0.004813 0.996546 17.077186
0.092451 0.995716 0.001474 155.629514 -0.992679 0.092053 0.078193 -253.311312 0.077723 -0.008692 0.996937 17.140276
0.087595 0.996149 0.003864 155.729784 -0.993649 0.087099 0.071237 -254.232357 0.070626 -0.010079 0.997452 17.212536
0.082557 0.996562 0.006897 155.827834 -0.994402 0.081916 0.066744 -255.132214 0.065949 -0.012368 0.997746 17.281004
0.077085 0.996958 0.011504 155.910261 -0.994897 0.076162 0.066172 -256.050053 0.065094 -0.016546 0.997742 17.354558
0.069849 0.997426 0.016181 155.970416 -0.995566 0.068676 0.064283 -256.924265 0.063006 -0.020599 0.997801 17.418801
0.062475 0.997820 0.021243 156.043792 -0.996327 0.061105 0.059989 -257.805780 0.058561 -0.024913 0.997973 17.476770
0.055296 0.998201 0.023184 156.097873 -0.996970 0.053926 0.056052 -258.698362 0.054701 -0.026214 0.998159 17.534023
0.048529 0.998628 0.019673 156.143728 -0.997211 0.047324 0.057707 -259.575562 0.056697 -0.022419 0.998140 17.601654
0.042278 0.998929 0.018774 156.195872 -0.997264 0.041052 0.061470 -260.455449 0.060633 -0.021321 0.997932 17.655524
0.035815 0.999215 0.016939 156.226655 -0.997354 0.034665 0.063908 -261.356871 0.063270 -0.019183 0.997812 17.720400
0.029622 0.999420 0.016774 156.265921 -0.997651 0.028525 0.062276 -262.284166 0.061761 -0.018579 0.997918 17.780940
0.023040 0.999559 0.018709 156.290649 -0.998011 0.021898 0.059114 -263.124598 0.058678 -0.020034 0.998076 17.832320
0.016817 0.999739 0.015478 156.304056 -0.998195 0.015894 0.057908 -263.959010 0.057646 -0.016424 0.998202 17.889564
0.011310 0.999847 0.013376 156.316650 -0.998155 0.010490 0.059812 -264.840598 0.059662 -0.014028 0.998120 17.953234
0.007141 0.999859 0.015221 156.328732 -0.997948 0.006157 0.063726 -265.693526 0.063624 -0.015645 0.997851 18.005725
0.003528 0.999910 0.012951 156.335883 -0.997865 0.002675 0.065256 -266.572002 0.065215 -0.013154 0.997785 18.066936
0.000485 0.999969 0.007800 156.334426 -0.997938 -0.000017 0.064181 -267.451957 0.064180 -0.007815 0.997908 18.132735
-0.002189 0.999982 0.005544 156.343412 -0.998103 -0.002526 0.061515 -268.303785 0.061528 -0.005398 0.998091 18.190735
-0.004228 0.999984 0.003685 156.331912 -0.998197 -0.004441 0.059853 -269.183049 0.059869 -0.003425 0.998200 18.252455
-0.005943 0.999981 0.001341 156.320038 -0.998252 -0.006011 0.058793 -270.059276 0.058800 -0.000989 0.998269 18.305369
-0.007127 0.999975 -0.000140 156.314973 -0.998159 -0.007106 0.060227 -270.918123 0.060224 0.000569 0.998185 18.367815
-0.007658 0.999969 -0.002044 156.316571 -0.998066 -0.007517 0.061705 -271.786637 0.061687 0.002512 0.998092 18.427883
-0.008065 0.999954 -0.005176 156.300471 -0.997966 -0.007722 0.063272 -272.629225 0.063229 0.005675 0.997983 18.489677
-0.006781 0.999949 -0.007546 156.297600 -0.997899 -0.006281 0.064487 -273.475554 0.064437 0.007968 0.997890 18.546707
-0.005989 0.999940 -0.009217 156.294738 -0.997898 -0.005382 0.064585 -274.322090 0.064532 0.009584 0.997870 18.610943
-0.003872 0.999931 -0.011055 156.300628 -0.997905 -0.003149 0.064616 -275.130774 0.064577 0.011282 0.997849 18.673088
-0.001927 0.999920 -0.012494 156.300409 -0.997979 -0.001129 0.063535 -275.953793 0.063516 0.012591 0.997901 18.728860
0.000587 0.999907 -0.013597 156.300609 -0.998102 0.001423 0.061566 -276.752777 0.061580 0.013535 0.998010 18.786860
0.003469 0.999891 -0.014344 156.297561 -0.998281 0.004302 0.058456 -277.564268 0.058512 0.014116 0.998187 18.840767
0.007005 0.999881 -0.013780 156.292095 -0.998432 0.007759 0.055438 -278.345070 0.055538 0.013370 0.998367 18.895220
0.010902 0.999860 -0.012679 156.303087 -0.998529 0.011559 0.052978 -279.148829 0.053117 0.012083 0.998515 18.955579
0.014886 0.999861 -0.007493 156.328547 -0.998467 0.015264 0.053205 -279.911427 0.053312 0.006689 0.998555 19.006154
0.019095 0.999804 -0.005322 156.344446 -0.998326 0.019357 0.054497 -280.689457 0.054590 0.004272 0.998500 19.061713
0.022601 0.999736 -0.004038 156.372792 -0.998218 0.022789 0.055147 -281.411893 0.055224 0.002784 0.998470 19.109617
0.026674 0.999631 -0.005223 156.404008 -0.998261 0.026912 0.052444 -282.179518 0.052565 0.003815 0.998610 19.158322
0.030458 0.999531 -0.003098 156.428708 -0.998319 0.030574 0.049233 -282.908067 0.049304 0.001593 0.998783 19.205236
0.034107 0.999418 -0.000748 156.462281 -0.998301 0.034104 0.047247 -283.636813 0.047245 -0.000864 0.998883 19.248819
0.038265 0.999266 -0.001951 156.491388 -0.998100 0.038314 0.048250 -284.364721 0.048289 0.000101 0.998833 19.297542
0.042463 0.999097 -0.001685 156.525101 -0.997855 0.042494 0.049797 -285.041745 0.049824 -0.000433 0.998758 19.341580
0.045390 0.998968 -0.001762 156.559515 -0.997631 0.045421 0.051663 -285.699177 0.051690 -0.000588 0.998663 19.379012
0.048394 0.998828 -0.000692 156.587694 -0.997349 0.048360 0.054363 -286.352716 0.054333 -0.001941 0.998521 19.429882
0.051566 0.998668 0.001602 156.633353 -0.997173 0.051401 0.054805 -286.997747 0.054650 -0.004424 0.998496 19.465883
0.055128 0.998470 0.004300 156.664493 -0.996963 0.054807 0.055334 -287.630317 0.055014 -0.007338 0.998459 19.510372
0.058276 0.998285 0.005572 156.710106 -0.996735 0.057871 0.056307 -288.241024 0.055888 -0.008835 0.998398 19.545073
0.061908 0.998063 0.006105 156.742867 -0.996589 0.061480 0.055050 -288.849001 0.054568 -0.009492 0.998465 19.591568
0.065069 0.997864 0.005816 156.799500 -0.996301 0.064637 0.056628 -289.465498 0.056131 -0.009480 0.998378 19.627745
0.067582 0.997662 0.010180 156.849762 -0.995982 0.066861 0.059584 -290.033571 0.058764 -0.014166 0.998171 19.668091
0.070729 0.997444 0.010174 156.899575 -0.995757 0.070000 0.059735 -290.618716 0.058871 -0.014356 0.998162 19.704074
0.073927 0.997196 0.011596 156.945913 -0.995564 0.073117 0.059207 -291.183844 0.058194 -0.015921 0.998178 19.748915
0.077231 0.996931 0.012841 156.985268 -0.995327 0.076345 0.059117 -291.741476 0.057955 -0.017347 0.998168 19.784770
0.080219 0.996700 0.012438 157.037098 -0.995082 0.079349 0.059299 -292.278765 0.058117 -0.017133 0.998163 19.827094
0.083086 0.996444 0.013979 157.087953 -0.994778 0.082097 0.060642 -292.803761 0.059279 -0.018945 0.998062 19.861170
0.085619 0.996232 0.013853 157.159512 -0.994506 0.084614 0.061637 -293.356991 0.060232 -0.019054 0.998003 19.903565
0.088938 0.995957 0.012642 157.223780 -0.994127 0.087975 0.063018 -293.891606 0.061651 -0.018173 0.997932 19.943201
0.090480 0.995809 0.013368 157.251048 -0.993892 0.089438 0.064656 -294.360115 0.063190 -0.019137 0.997818 19.973762
0.092017 0.995651 0.014595 157.289939 -0.993691 0.090872 0.065730 -294.841769 0.064118 -0.020551 0.997731 20.006339
0.093291 0.995527 0.014907 157.342553 -0.993469 0.092089 0.067366 -295.299661 0.065692 -0.021094 0.997617 20.040442
0.094471 0.995407 0.015464 157.388747 -0.993282 0.093204 0.068584 -295.810777 0.066828 -0.021839 0.997525 20.079351
0.094381 0.995426 0.014817 157.438876 -0.993234 0.093141 0.069355 -296.310529 0.067657 -0.021262 0.997482 20.116500
0.094244 0.995444 0.014439 157.496133 -0.993221 0.093023 0.069702 -296.774995 0.068042 -0.020910 0.997463 20.153130
0.093531 0.995473 0.016896 157.548541 -0.993337 0.092156 0.069196 -297.273212 0.067326 -0.023255 0.997460 20.184598
0.091728 0.995634 0.017287 157.598931 -0.993578 0.090356 0.068100 -297.777304 0.066241 -0.023422 0.997529 20.217897
0.089460 0.995866 0.015742 157.662323 -0.993755 0.088190 0.068359 -298.294804 0.066688 -0.021759 0.997537 20.261650
0.087218 0.996100 0.013358 157.710702 -0.993734 0.086054 0.071322 -298.786485 0.069894 -0.019495 0.997364 20.293999
0.085184 0.996338 0.007398 157.733663 -0.993601 0.084393 0.075073 -299.316105 0.074174 -0.013746 0.997151 20.344982
0.082716 0.996563 0.004524 157.780744 -0.993417 0.082093 0.079897 -299.848865 0.079251 -0.011103 0.996793 20.381412
0.079974 0.996784 0.005130 157.816454 -0.993370 0.079271 0.083254 -300.400883 0.082580 -0.011754 0.996515 20.416845
0.077839 0.996949 0.005859 157.859161 -0.993489 0.077076 0.083896 -300.975249 0.083189 -0.012352 0.996457 20.447740
0.075859 0.997117 0.001940 157.897743 -0.993845 0.075453 0.081111 -301.559669 0.080731 -0.008081 0.996703 20.500652
0.074146 0.997223 -0.006915 157.924457 -0.994331 0.074457 0.075902 -302.133579 0.076206 0.001248 0.997091 20.560736
0.072567 0.997325 -0.008766 157.968690 -0.994534 0.073020 0.074633 -302.708066 0.075073 0.003303 0.997173 20.612545
0.069636 0.997562 -0.004556 158.028648 -0.994510 0.069779 0.077975 -303.317657 0.078103 -0.000899 0.996945 20.655724
0.067263 0.997735 -0.001087 158.080052 -0.994541 0.067135 0.079882 -303.922920 0.079774 -0.004292 0.996804 20.688354
0.065988 0.997804 -0.005674 158.108958 -0.994710 0.066230 0.078527 -304.547984 0.078731 0.000462 0.996896 20.740573
0.064773 0.997847 -0.010302 158.148389 -0.994915 0.065374 0.076615 -305.173650 0.077124 0.005287 0.997008 20.790665
0.062602 0.997966 -0.012002 158.184840 -0.995060 0.063339 0.076438 -305.811301 0.077043 0.007158 0.997002 20.852501
0.060226 0.998152 -0.008095 158.242947 -0.995123 0.060674 0.077770 -306.475754 0.078118 0.003372 0.996938 20.902154
0.058644 0.998260 -0.006089 158.288683 -0.995094 0.058943 0.079464 -307.141436 0.079685 0.001399 0.996819 20.954449
0.056496 0.998391 -0.004769 158.343563 -0.994944 0.056697 0.082894 -307.816768 0.083031 0.000062 0.996547 21.000433
0.054852 0.998479 -0.005615 158.374087 -0.994887 0.055131 0.084621 -308.505773 0.084802 0.000945 0.996397 21.062332
0.053683 0.998553 -0.003202 158.418861 -0.995042 0.053763 0.083670 -309.204270 0.083721 -0.001305 0.996488 21.119137
0.051981 0.998648 0.000813 158.461712 -0.995225 0.051735 0.082763 -309.899471 0.082609 -0.005111 0.996569 21.180931
0.049783 0.998759 0.001428 158.502818 -0.995224 0.049486 0.084148 -310.623547 0.083973 -0.005610 0.996452 21.235593
0.047726 0.998859 -0.001784 158.552283 -0.994930 0.047696 0.088546 -311.354110 0.088530 -0.002451 0.996071 21.312197
0.045695 0.998950 -0.003277 158.591704 -0.994462 0.045799 0.094590 -312.080236 0.094641 -0.001064 0.995511 21.374858
0.044460 0.999007 -0.003006 158.643363 -0.994133 0.044540 0.098565 -312.818128 0.098601 -0.001394 0.995126 21.430556
0.043511 0.999033 -0.006293 158.661156 -0.994382 0.043916 0.096313 -313.583328 0.096497 0.002067 0.995331 21.501183
0.042554 0.999029 -0.011450 158.667672 -0.994956 0.043417 0.090428 -314.360809 0.090837 0.007544 0.995837 21.580774
0.041489 0.999035 -0.014426 158.693928 -0.995247 0.042597 0.087569 -315.120371 0.088099 0.010724 0.996054 21.656222
0.040074 0.999061 -0.016443 158.739164 -0.995241 0.041372 0.088221 -315.895559 0.088819 0.012830 0.995965 21.725588
0.039046 0.999093 -0.017004 158.780763 -0.995124 0.040422 0.089969 -316.659804 0.090575 0.013408 0.995799 21.792789
0.038202 0.999106 -0.018126 158.818653 -0.995048 0.039700 0.091128 -317.452695 0.091766 0.014555 0.995674 21.864250
0.038679 0.999079 -0.018591 158.848789 -0.995088 0.040208 0.090462 -318.260193 0.091126 0.015000 0.995726 21.935937
0.039539 0.999025 -0.019634 158.874594 -0.995218 0.041130 0.088601 -319.057583 0.089322 0.016037 0.995874 22.011038
0.040478 0.998975 -0.020278 158.913413 -0.995293 0.042101 0.087291 -319.868110 0.088056 0.016649 0.995976 22.087692
0.041231 0.998933 -0.020813 158.937365 -0.995323 0.042885 0.086566 -320.698676 0.087366 0.017146 0.996029 22.169653
0.042392 0.998896 -0.020265 158.982838 -0.995400 0.043971 0.085123 -321.524444 0.085920 0.016563 0.996164 22.230866
0.044570 0.998779 -0.021295 159.023696 -0.995446 0.046199 0.083383 -322.372213 0.084265 0.017482 0.996290 22.311355
0.046282 0.998666 -0.022880 159.061470 -0.995466 0.048014 0.082109 -323.226634 0.083098 0.018976 0.996361 22.384183
0.048622 0.998535 -0.023764 159.098903 -0.995402 0.050408 0.081449 -324.084875 0.082528 0.019694 0.996394 22.463394
0.049787 0.998453 -0.024773 159.143132 -0.995308 0.051661 0.081818 -324.944375 0.082971 0.020583 0.996339 22.533085
0.053078 0.998233 -0.026702 159.212180 -0.995190 0.055083 0.081010 -325.829215 0.082337 0.022274 0.996356 22.606605
0.055909 0.998019 -0.028843 159.245154 -0.995120 0.058053 0.079789 -326.683552 0.081305 0.024241 0.996394 22.679408
0.058677 0.997815 -0.030379 159.294211 -0.995025 0.060913 0.078829 -327.553041 0.080507 0.025602 0.996425 22.755819
0.061662 0.997604 -0.031367 159.352037 -0.994787 0.063984 0.079401 -328.442568 0.081218 0.026307 0.996349 22.828959
0.063955 0.997423 -0.032511 159.417351 -0.994577 0.066382 0.080060 -329.328301 0.082012 0.027215 0.996260 22.903622
0.066833 0.997263 -0.031613 159.492515 -0.994316 0.069200 0.080916 -330.222923 0.082883 0.026026 0.996219 22.984313
0.070171 0.997094 -0.029657 159.561069 -0.993972 0.072400 0.082322 -331.111799 0.084230 0.023701 0.996164 23.052601
0.072574 0.996968 -0.028053 159.627940 -0.993725 0.074681 0.083268 -332.012806 0.085110 0.021834 0.996132 23.134623
0.074779 0.996861 -0.026008 159.709140 -0.993518 0.076716 0.083879 -332.934188 0.085611 0.019567 0.996136 23.214390
0.076453 0.996753 -0.025283 159.786088 -0.993504 0.078298 0.082574 -333.852757 0.084285 0.018806 0.996264 23.294843
0.078310 0.996594 -0.025830 159.867424 -0.993585 0.080141 0.079786 -334.753435 0.081584 0.019416 0.996477 23.382829
0.079959 0.996446 -0.026502 159.929721 -0.993639 0.081793 0.077403 -335.675090 0.079295 0.020144 0.996648 23.457359
0.080511 0.996380 -0.027302 160.010381 -0.993607 0.082401 0.077169 -336.618949 0.079140 0.020914 0.996644 23.533012
0.081372 0.996263 -0.028960 160.088280 -0.993438 0.083416 0.078248 -337.542534 0.080372 0.022403 0.996513 23.626984
0.081688 0.996262 -0.028075 160.177106 -0.993429 0.083657 0.078108 -338.443710 0.080165 0.021510 0.996550 23.693567
0.082009 0.996300 -0.025713 160.254852 -0.993546 0.083756 0.076496 -339.357363 0.078367 0.019274 0.996738 23.770812
0.082511 0.996310 -0.023628 160.323965 -0.993640 0.084066 0.074920 -340.277250 0.076629 0.017296 0.996910 23.849089
0.082818 0.996337 -0.021300 160.422447 -0.993573 0.084205 0.075643 -341.202462 0.077159 0.014899 0.996907 23.927973
0.082531 0.996366 -0.021069 160.505324 -0.993508 0.083918 0.076804 -342.116637 0.078293 0.014594 0.996824 24.006976
0.082702 0.996365 -0.020417 160.582268 -0.993473 0.084043 0.077126 -343.043850 0.078562 0.013906 0.996812 24.084414
0.083384 0.996325 -0.019610 160.676045 -0.993356 0.084670 0.077937 -343.978725 0.079311 0.012981 0.996765 24.162678
0.083212 0.996339 -0.019628 160.769237 -0.993336 0.084505 0.078378 -344.881923 0.079750 0.012976 0.996730 24.246407
0.083773 0.996302 -0.019074 160.844464 -0.993312 0.085017 0.078120 -345.766281 0.079453 0.012402 0.996761 24.318967
0.083580 0.996306 -0.019720 160.913596 -0.993414 0.084861 0.076986 -346.671494 0.078375 0.013155 0.996837 24.391966
0.084452 0.996244 -0.019101 161.000021 -0.993303 0.085688 0.077505 -347.575025 0.078850 0.012428 0.996809 24.475983
0.083885 0.996280 -0.019745 161.081190 -0.993143 0.085207 0.080039 -348.475991 0.081424 0.012896 0.996596 24.550109
0.084614 0.996170 -0.022047 161.187861 -0.993009 0.086131 0.080709 -349.376732 0.082299 0.015064 0.996494 24.631887
0.085576 0.996023 -0.024806 161.249551 -0.993124 0.087271 0.078035 -350.278410 0.079890 0.017957 0.996642 24.699125
0.087901 0.995759 -0.027159 161.328649 -0.993142 0.089715 0.074970 -351.201929 0.077089 0.020383 0.996816 24.780927
0.089067 0.995535 -0.031267 161.388602 -0.992887 0.091232 0.076499 -352.064111 0.079010 0.024231 0.996579 24.856430
0.091982 0.995076 -0.036919 161.466143 -0.992158 0.094737 0.081525 -352.958982 0.084622 0.029131 0.995987 24.935897
0.094563 0.994690 -0.040623 161.582148 -0.991635 0.097717 0.084333 -353.845500 0.087854 0.032308 0.995609 25.009487
0.097837 0.994227 -0.044048 161.665025 -0.991308 0.101271 0.083986 -354.762237 0.087962 0.035448 0.995493 25.100578
0.100583 0.993875 -0.045786 161.724953 -0.990966 0.104179 0.084453 -355.680775 0.088706 0.036877 0.995375 25.179056
0.104109 0.993459 -0.046907 161.839645 -0.990435 0.107855 0.086052 -356.570922 0.090548 0.037500 0.995186 25.269266
0.107370 0.993102 -0.047120 161.964421 -0.990090 0.111119 0.085879 -357.462072 0.090523 0.037432 0.995191 25.355180
0.111405 0.992693 -0.046368 162.063493 -0.989953 0.114944 0.082345 -358.353973 0.087073 0.036729 0.995525 25.438358
0.116082 0.992235 -0.044652 162.131495 -0.989723 0.119334 0.078793 -359.269755 0.083509 0.035047 0.995890 25.524309
0.120361 0.991807 -0.042801 162.278698 -0.989378 0.123383 0.076868 -360.172192 0.081520 0.033095 0.996122 25.606404
0.126167 0.991158 -0.041093 162.391992 -0.988702 0.129019 0.076311 -361.056035 0.080937 0.031001 0.996237 25.685680
0.132152 0.990435 -0.039682 162.514208 -0.987980 0.134852 0.075567 -361.939261 0.080195 0.029218 0.996351 25.760295
0.138507 0.989604 -0.038735 162.644727 -0.987093 0.141119 0.075712 -362.854992 0.080391 0.027749 0.996377 25.840686
0.145054 0.988712 -0.037524 162.783827 -0.986057 0.147582 0.076878 -363.740638 0.081548 0.025850 0.996334 25.920080
0.152901 0.987570 -0.036411 162.936069 -0.984771 0.155346 0.078063 -364.621232 0.082749 0.023920 0.996283 25.995890
0.161852 0.986191 -0.035092 163.089908 -0.983229 0.164191 0.079384 -365.506958 0.084049 0.021655 0.996226 26.076001
0.172003 0.984492 -0.034514 163.254985 -0.981459 0.174271 0.079800 -366.405451 0.084577 0.020148 0.996213 26.157021
0.181383 0.982825 -0.033976 163.422009 -0.979748 0.183579 0.079954 -367.305107 0.084818 0.018786 0.996219 26.239576
0.190586 0.981113 -0.033065 163.605479 -0.977992 0.192678 0.080045 -368.219581 0.084905 0.017082 0.996243 26.327071
0.199890 0.979298 -0.031926 163.796048 -0.976139 0.201854 0.080043 -369.112693 0.084831 0.015165 0.996280 26.407692
0.207181 0.977811 -0.031021 163.968138 -0.974650 0.209042 0.079747 -369.938224 0.084462 0.013712 0.996332 26.488369
0.214561 0.976241 -0.030281 164.169332 -0.973078 0.216332 0.079494 -370.816337 0.084156 0.012410 0.996375 26.569713
0.220367 0.974972 -0.029456 164.374427 -0.971767 0.222052 0.079759 -371.711617 0.084303 0.011049 0.996379 26.651807
0.225268 0.973869 -0.028873 164.598296 -0.970598 0.226894 0.080368 -372.608205 0.084819 0.009920 0.996347 26.740102
0.230041 0.972768 -0.028364 164.816835 -0.969491 0.231607 0.080284 -373.515055 0.084667 0.009030 0.996368 26.822143
0.234786 0.971651 -0.027746 165.038958 -0.968364 0.236284 0.080262 -374.415031 0.084542 0.008024 0.996388 26.905626
0.239105 0.970584 -0.028217 165.254761 -0.967291 0.240628 0.080285 -375.298123 0.084713 0.008097 0.996372 26.989060
0.243676 0.969441 -0.028391 165.477267 -0.966126 0.245199 0.080486 -376.200791 0.084987 0.007817 0.996351 27.077760
0.248189 0.968295 -0.028404 165.716753 -0.964983 0.249697 0.080370 -377.107008 0.084914 0.007462 0.996360 27.159422
0.252295 0.967237 -0.028296 165.945599 -0.964033 0.253770 0.079000 -377.977133 0.083592 0.007347 0.996473 27.242273
0.257389 0.965923 -0.027290 166.183605 -0.962821 0.258755 0.077604 -378.868620 0.082021 0.006301 0.996611 27.322416
0.261912 0.964700 -0.027501 166.425672 -0.961770 0.263266 0.075425 -379.759183 0.080002 0.006695 0.996772 27.405450
0.266471 0.963461 -0.027126 166.679979 -0.960691 0.267768 0.073306 -380.631069 0.077891 0.006525 0.996941 27.482944
0.270777 0.962288 -0.026121 166.936491 -0.959624 0.271975 0.071778 -381.514459 0.076175 0.005630 0.997079 27.559551
0.275332 0.960990 -0.026278 167.178568 -0.958322 0.276530 0.071760 -382.388171 0.076227 0.005425 0.997076 27.637644
0.279709 0.959744 -0.025584 167.438792 -0.956817 0.280855 0.074974 -383.237367 0.079141 0.003508 0.996857 27.716414
0.284224 0.958443 -0.024574 167.709414 -0.955256 0.285281 0.078106 -384.100476 0.081871 0.001275 0.996642 27.791508
0.288469 0.957205 -0.023343 167.980863 -0.953981 0.289412 0.078493 -384.948687 0.081890 -0.000375 0.996641 27.876010
0.292132 0.956151 -0.020863 168.236293 -0.953215 0.292869 0.074888 -385.790653 0.077714 -0.001990 0.996974 27.945709
0.294643 0.955455 -0.017089 168.504286 -0.952730 0.295095 0.072278 -386.661827 0.074101 -0.005015 0.997238 28.024331
0.296479 0.954947 -0.013290 168.774643 -0.952157 0.296636 0.073514 -387.495645 0.074144 -0.009141 0.997206 28.093303
0.297315 0.954711 -0.011448 169.073694 -0.951540 0.297271 0.078753 -388.332373 0.078590 -0.012521 0.996828 28.173533
0.297782 0.954572 -0.010837 169.341168 -0.951053 0.297628 0.083163 -389.153574 0.082611 -0.014458 0.996477 28.246120
0.298290 0.954430 -0.009334 169.620645 -0.950895 0.298004 0.083617 -389.993595 0.082588 -0.016066 0.996454 28.328129
0.298576 0.954369 -0.005713 169.881248 -0.951174 0.298056 0.080195 -390.829809 0.078238 -0.018510 0.996763 28.404007
0.299345 0.954144 -0.001645 170.135972 -0.951332 0.298594 0.076217 -391.633212 0.073214 -0.021250 0.997090 28.473035
0.299687 0.954038 0.000318 170.391924 -0.951428 0.298842 0.074009 -392.433778 0.070513 -0.022482 0.997258 28.546036
0.298787 0.954320 0.000403 170.669617 -0.951746 0.297950 0.073514 -393.258141 0.070036 -0.022348 0.997294 28.619214
0.298360 0.954453 -0.000154 170.945047 -0.951810 0.297546 0.074320 -394.083619 0.070980 -0.022027 0.997234 28.688449
0.297697 0.954660 -0.000347 171.200391 -0.951941 0.296876 0.075320 -394.874326 0.072008 -0.022092 0.997159 28.750369
0.296942 0.954883 -0.004991 171.421493 -0.952288 0.296513 0.072301 -395.678694 0.070518 -0.016716 0.997370 28.809693
0.296652 0.954964 -0.006423 171.704083 -0.952492 0.296357 0.070232 -396.499764 0.068973 -0.014717 0.997510 28.883234
0.296333 0.955064 -0.006258 171.934689 -0.952474 0.296000 0.071950 -397.282920 0.070569 -0.015361 0.997389 28.943477
0.296099 0.955107 -0.009829 172.195472 -0.952148 0.295967 0.076274 -398.077036 0.075759 -0.013226 0.997038 29.011127
0.295203 0.955361 -0.011857 172.470362 -0.952007 0.295171 0.080972 -398.881487 0.080857 -0.012615 0.996646 29.088364
0.295025 0.955430 -0.010678 172.711750 -0.952135 0.294907 0.080431 -399.693314 0.079995 -0.013563 0.996703 29.138397
0.294702 0.955534 -0.010288 172.955982 -0.952520 0.294601 0.076917 -400.486129 0.076528 -0.012868 0.996984 29.213703
0.294487 0.955613 -0.009026 173.208750 -0.952642 0.294295 0.076577 -401.305812 0.075835 -0.013952 0.997023 29.283271
0.294594 0.955568 -0.010244 173.463539 -0.952467 0.294475 0.078041 -402.141276 0.077590 -0.013234 0.996898 29.349515
0.294142 0.955687 -0.011935 173.742104 -0.952335 0.294121 0.080936 -402.973696 0.080860 -0.012441 0.996648 29.428960
0.294346 0.955610 -0.013041 174.011178 -0.952134 0.294398 0.082281 -403.811390 0.082468 -0.011803 0.996524 29.498073
0.294043 0.955705 -0.012880 174.279946 -0.952333 0.294098 0.081050 -404.676167 0.081247 -0.011566 0.996627 29.572275
0.294873 0.955443 -0.013346 174.535786 -0.952289 0.294993 0.078255 -405.523540 0.078705 -0.010366 0.996844 29.638672
0.294871 0.955398 -0.016290 174.806734 -0.952281 0.295230 0.077463 -406.383428 0.078817 -0.007329 0.996862 29.716262
0.295129 0.955238 -0.020486 175.093484 -0.952075 0.295819 0.077745 -407.270551 0.080325 -0.003441 0.996763 29.794396
0.294990 0.955195 -0.024158 175.368303 -0.952055 0.295977 0.077387 -408.142088 0.081069 0.000172 0.996708 29.876903
0.296627 0.954605 -0.027226 175.635637 -0.951600 0.297854 0.075766 -409.027171 0.080436 0.003434 0.996754 29.942274
0.297379 0.954223 -0.032000 175.932634 -0.951349 0.298981 0.074472 -409.934928 0.080630 0.008297 0.996710 30.036744
0.298305 0.953776 -0.036423 176.200125 -0.951077 0.300243 0.072843 -410.822444 0.080411 0.012912 0.996678 30.124254
0.298836 0.953706 -0.033801 176.485876 -0.951174 0.300536 0.070332 -411.716465 0.077234 0.011133 0.996951 30.195772
0.299930 0.953489 -0.029998 176.738442 -0.951285 0.301294 0.065411 -412.559182 0.071407 0.008918 0.997407 30.253959
0.300874 0.953205 -0.029576 177.020161 -0.951286 0.302168 0.061236 -413.423034 0.067308 0.009711 0.997685 30.333635
0.301523 0.952964 -0.030733 177.303129 -0.951040 0.302896 0.061460 -414.290933 0.067878 0.010696 0.997636 30.403262
0.301225 0.953051 -0.030931 177.589217 -0.950894 0.302648 0.064846 -415.179409 0.071162 0.009879 0.997416 30.475541
0.301273 0.952997 -0.032129 177.893859 -0.950722 0.302800 0.066637 -416.068546 0.073233 0.010470 0.997260 30.557538
0.302013 0.952686 -0.034318 178.168115 -0.950553 0.303680 0.065022 -416.917946 0.072368 0.012983 0.997294 30.626001
0.303126 0.952283 -0.035653 178.437243 -0.950373 0.304844 0.062137 -417.773247 0.070041 0.015048 0.997431 30.698543
0.303817 0.952081 -0.035163 178.708684 -0.950262 0.305478 0.060703 -418.611863 0.068536 0.014971 0.997536 30.763570
0.303446 0.952256 -0.033587 178.984874 -0.950383 0.305007 0.061181 -419.439790 0.068504 0.013355 0.997561 30.839150
0.302869 0.952465 -0.032869 179.255766 -0.950564 0.304385 0.061464 -420.264213 0.068547 0.012628 0.997568 30.903949
0.302783 0.952481 -0.033197 179.506824 -0.950690 0.304301 0.059905 -421.081135 0.067161 0.013422 0.997652 30.974075
0.301827 0.952765 -0.033762 179.764560 -0.951189 0.303340 0.056780 -421.877235 0.064339 0.014977 0.997816 31.039071
0.301131 0.953005 -0.033181 180.009264 -0.951531 0.302583 0.055071 -422.664222 0.062523 0.014989 0.997931 31.100612
0.300154 0.953286 -0.033973 180.250519 -0.951862 0.301647 0.054470 -423.440955 0.062173 0.015988 0.997937 31.157702
0.298348 0.953775 -0.036090 180.517842 -0.952293 0.300003 0.055996 -424.221250 0.064235 0.017662 0.997779 31.225393
0.297509 0.953985 -0.037423 180.754765 -0.952251 0.299329 0.060174 -424.994439 0.068607 0.017733 0.997486 31.286248
0.295543 0.954632 -0.036486 181.006999 -0.952474 0.297396 0.065952 -425.757698 0.073811 0.015260 0.997155 31.350227
0.293696 0.955210 -0.036300 181.258221 -0.952698 0.295606 0.070595 -426.525426 0.078163 0.013850 0.996844 31.422438
0.292750 0.955512 -0.035969 181.489177 -0.952902 0.294653 0.071816 -427.278288 0.079219 0.013251 0.996769 31.494356
0.291918 0.955798 -0.035123 181.725978 -0.953467 0.293708 0.068084 -428.045829 0.075390 0.013614 0.997061 31.558000
0.290948 0.956120 -0.034407 181.934130 -0.954129 0.292621 0.063331 -428.791529 0.070620 0.014403 0.997399 31.609097
0.290188 0.956312 -0.035477 182.174533 -0.954475 0.291908 0.061387 -429.540667 0.069061 0.016048 0.997483 31.680043
0.289496 0.956464 -0.036999 182.400968 -0.954618 0.291331 0.061886 -430.279684 0.069971 0.017404 0.997397 31.748481
0.288397 0.956782 -0.037360 182.625743 -0.954819 0.290291 0.063653 -431.001133 0.071747 0.017315 0.997273 31.805439
0.288227 0.956790 -0.038450 182.844289 -0.954759 0.290222 0.064863 -431.716744 0.073220 0.018015 0.997153 31.863747
0.288263 0.956746 -0.039255 183.062750 -0.954710 0.290322 0.065131 -432.443454 0.073711 0.018702 0.997104 31.921897
0.288201 0.956675 -0.041392 183.293431 -0.954646 0.290428 0.065594 -433.181202 0.074773 0.020611 0.996988 31.985587
0.287495 0.956847 -0.042318 183.516052 -0.954739 0.289821 0.066913 -433.915999 0.076290 0.021166 0.996861 32.045730
0.287711 0.956814 -0.041585 183.734788 -0.954555 0.290017 0.068672 -434.610042 0.077767 0.019938 0.996772 32.107209
0.287271 0.956918 -0.042239 183.974989 -0.954671 0.289629 0.068695 -435.354971 0.077969 0.020590 0.996743 32.173222
0.287859 0.956730 -0.042489 184.180864 -0.954585 0.290208 0.067433 -436.078958 0.076846 0.021148 0.996819 32.232827
0.288627 0.956485 -0.042790 184.421564 -0.954476 0.290960 0.065707 -436.821578 0.075298 0.021877 0.996921 32.296125
0.290265 0.955982 -0.042951 184.636997 -0.954113 0.292565 0.063830 -437.542094 0.073586 0.022453 0.997036 32.359984
0.291573 0.955580 -0.043047 184.866017 -0.953865 0.293829 0.061689 -438.271807 0.071597 0.023074 0.997167 32.420588
0.293686 0.954926 -0.043178 185.081617 -0.953299 0.295918 0.060435 -438.998292 0.070488 0.023412 0.997238 32.483228
0.295157 0.954527 -0.041961 185.309883 -0.952821 0.297316 0.061112 -439.704416 0.070809 0.021943 0.997248 32.544230
0.296964 0.954022 -0.040679 185.525727 -0.952186 0.299058 0.062495 -440.388534 0.071787 0.020175 0.997216 32.601653
0.298828 0.953449 -0.040456 185.753484 -0.951552 0.300917 0.063232 -441.069605 0.072462 0.019601 0.997179 32.662690
0.300881 0.952835 -0.039688 185.969585 -0.950934 0.302906 0.063033 -441.746430 0.072082 0.018776 0.997222 32.719087
0.302391 0.952420 -0.038153 186.188927 -0.950541 0.304290 0.062287 -442.416498 0.070933 0.017431 0.997329 32.778874
0.303629 0.952080 -0.036798 186.399837 -0.950263 0.305409 0.061038 -443.086231 0.069351 0.016435 0.997457 32.834063
0.304840 0.951708 -0.036386 186.622700 -0.949911 0.306583 0.060631 -443.728255 0.068859 0.016080 0.997497 32.890151
0.306188 0.951286 -0.036112 186.831091 -0.949486 0.307909 0.060573 -444.363892 0.068742 0.015741 0.997510 32.945469
0.307195 0.950938 -0.036706 187.043402 -0.949156 0.308952 0.060427 -444.992063 0.068803 0.016276 0.997498 32.999304
0.308363 0.950538 -0.037274 187.241641 -0.948781 0.310152 0.060171 -445.592418 0.068756 0.016810 0.997492 33.049527
0.309442 0.950127 -0.038793 187.444382 -0.948439 0.311322 0.059517 -446.196980 0.068626 0.018376 0.997473 33.098831
0.310426 0.949808 -0.038730 187.632207 -0.948110 0.312302 0.059619 -446.795969 0.068722 0.018213 0.997470 33.152226
0.311531 0.949469 -0.038170 187.817518 -0.947723 0.313376 0.060140 -447.359167 0.069063 0.017439 0.997460 33.199868
0.312857 0.949053 -0.037665 188.016371 -0.947278 0.314669 0.060395 -447.938536 0.069170 0.016784 0.997464 33.248660
0.313748 0.948764 -0.037549 188.201479 -0.946981 0.315551 0.060456 -448.487793 0.069207 0.016590 0.997464 33.293222
0.314364 0.948563 -0.037459 188.385246 -0.946783 0.316159 0.060379 -449.038621 0.069116 0.016484 0.997472 33.340089
0.315017 0.948396 -0.036174 188.567369 -0.946616 0.316717 0.060073 -449.558751 0.068430 0.015319 0.997538 33.384452
0.315652 0.948239 -0.034727 188.749935 -0.946490 0.317241 0.059282 -450.116924 0.067231 0.014156 0.997637 33.432368
0.316493 0.947988 -0.033915 188.928850 -0.946286 0.318014 0.058394 -450.638686 0.066142 0.013612 0.997717 33.474532
0.317170 0.947732 -0.034741 189.095898 -0.946080 0.318735 0.057795 -451.138910 0.065847 0.014537 0.997724 33.517665
0.317928 0.947441 -0.035729 189.264185 -0.945750 0.319570 0.058581 -451.637002 0.066920 0.015166 0.997643 33.559946
0.318338 0.947306 -0.035661 189.433302 -0.945401 0.320020 0.061682 -452.125831 0.069844 0.014078 0.997459 33.601512
0.318771 0.947177 -0.035214 189.601743 -0.945052 0.320460 0.064664 -452.592319 0.072533 0.012667 0.997286 33.644424
0.319538 0.946919 -0.035210 189.769198 -0.944628 0.321252 0.066902 -453.050704 0.074662 0.011882 0.997138 33.681297
0.320441 0.946535 -0.037276 189.927137 -0.944230 0.322316 0.067401 -453.503568 0.075812 0.013599 0.997029 33.720001
0.320522 0.946461 -0.038439 190.082273 -0.944186 0.322481 0.067214 -453.936494 0.076012 0.014750 0.996998 33.759992
0.320285 0.946554 -0.038120 190.231186 -0.944380 0.322201 0.065829 -454.385252 0.074593 0.014915 0.997103 33.799096
0.319649 0.946851 -0.036032 190.373867 -0.944725 0.321398 0.064796 -454.823391 0.072933 0.013328 0.997248 33.837530
0.318229 0.947356 -0.035314 190.514698 -0.945284 0.319917 0.063961 -455.220785 0.071892 0.013027 0.997327 33.876719
0.317093 0.947745 -0.035082 190.644055 -0.945727 0.318757 0.063204 -455.607307 0.071084 0.013136 0.997384 33.910301
0.316037 0.948091 -0.035282 190.774133 -0.946117 0.317710 0.062637 -455.988893 0.070595 0.013585 0.997413 33.944777
0.314856 0.948503 -0.034748 190.895359 -0.946553 0.316488 0.062227 -456.352100 0.070020 0.013299 0.997457 33.976128
0.313949 0.948810 -0.034576 191.014826 -0.946919 0.315560 0.061368 -456.719393 0.069138 0.013474 0.997516 34.007883
0.313148 0.949064 -0.034880 191.125012 -0.947234 0.314770 0.060565 -457.081365 0.068460 0.014074 0.997555 34.038239
0.312177 0.949364 -0.035409 191.245717 -0.947602 0.313824 0.059697 -457.420750 0.067787 0.014917 0.997588 34.070100
0.311432 0.949636 -0.034672 191.357492 -0.947888 0.313026 0.059355 -457.764761 0.067219 0.014380 0.997635 34.100231
0.310257 0.950077 -0.033066 191.461730 -0.948300 0.311748 0.059508 -458.062090 0.066845 0.012893 0.997680 34.126168
0.309394 0.950409 -0.031599 191.562104 -0.948607 0.310790 0.059616 -458.353894 0.066481 0.011530 0.997721 34.148023
0.308083 0.950818 -0.032098 191.662362 -0.949021 0.309515 0.059666 -458.655156 0.066666 0.012080 0.997702 34.173254
0.307218 0.951056 -0.033304 191.752325 -0.949247 0.308738 0.060089 -458.948569 0.067430 0.013154 0.997637 34.194859
0.306213 0.951347 -0.034243 191.854110 -0.949475 0.307814 0.061223 -459.226397 0.068785 0.013766 0.997537 34.219640
0.305705 0.951504 -0.034414 191.950443 -0.949597 0.307326 0.061771 -459.506277 0.069352 0.013796 0.997497 34.242567
0.305360 0.951626 -0.034099 192.032108 -0.949750 0.306953 0.061277 -459.785665 0.068780 0.013674 0.997538 34.264665
0.306210 0.951383 -0.033243 192.123263 -0.949525 0.307737 0.060827 -460.074810 0.068100 0.012939 0.997595 34.287717
0.306894 0.951195 -0.032308 192.213354 -0.949330 0.308356 0.060745 -460.328221 0.067743 0.012028 0.997630 34.309770
0.308188 0.950821 -0.030988 192.296266 -0.948936 0.309558 0.060783 -460.589557 0.067386 0.010673 0.997670 34.331256
0.309916 0.950304 -0.029566 192.387377 -0.948378 0.311190 0.061149 -460.858072 0.067311 0.009089 0.997691 34.352078
0.312550 0.949444 -0.029462 192.488543 -0.947503 0.313814 0.061306 -461.132475 0.067452 0.008754 0.997684 34.372926
0.316841 0.948006 -0.029938 192.580663 -0.946059 0.318129 0.061378 -461.409502 0.067711 0.008877 0.997666 34.395208
0.322548 0.946038 -0.031235 192.674489 -0.944125 0.323908 0.060932 -461.689492 0.067761 0.009836 0.997653 34.417704
0.329791 0.943566 -0.030362 192.778351 -0.941559 0.331086 0.062039 -461.960392 0.068590 0.008128 0.997612 34.440502
0.338981 0.940302 -0.030387 192.893114 -0.938237 0.340263 0.062706 -462.247318 0.069302 0.007255 0.997569 34.466274
0.349653 0.936412 -0.029582 193.003420 -0.934222 0.350864 0.064217 -462.519156 0.070513 0.005183 0.997497 34.485937
0.360726 0.932134 -0.031663 193.125430 -0.929940 0.362058 0.064227 -462.793063 0.071332 0.006276 0.997433 34.513039
0.375249 0.926416 -0.030693 193.248256 -0.924154 0.376480 0.064828 -463.093123 0.071613 0.004039 0.997424 34.534927
0.390403 0.920164 -0.029739 193.387999 -0.917763 0.391531 0.066445 -463.356170 0.072784 0.001353 0.997347 34.557760
0.407259 0.912878 -0.028192 193.524673 -0.910312 0.408228 0.068424 -463.618433 0.073972 -0.002203 0.997258 34.577509
0.425234 0.904626 -0.028777 193.692960 -0.901879 0.426187 0.070566 -463.877620 0.076100 -0.004054 0.997092 34.600838
0.444373 0.895313 -0.030779 193.859993 -0.892340 0.445410 0.073070 -464.168850 0.079130 -0.005005 0.996852 34.630166
0.464273 0.885089 -0.032678 194.010023 -0.881963 0.465385 0.074552 -464.453069 0.081193 -0.005792 0.996682 34.657452
0.485136 0.873924 -0.029996 194.157647 -0.870576 0.485930 0.077261 -464.733946 0.082096 -0.011368 0.996560 34.687377
0.500388 0.865354 -0.027820 194.312515 -0.861619 0.500868 0.082117 -464.991316 0.084994 -0.017121 0.996234 34.706817
0.506421 0.861954 -0.023942 194.491440 -0.857881 0.506442 0.086931 -465.217314 0.087056 -0.023484 0.995927 34.732577
0.505296 0.862667 -0.021955 194.650569 -0.858443 0.505093 0.089207 -465.457340 0.088045 -0.026229 0.995771 34.751731
0.500787 0.865329 -0.020450 194.793170 -0.861077 0.500452 0.089967 -465.707080 0.088085 -0.027445 0.995735 34.782103
0.491535 0.870627 -0.020053 194.927906 -0.866355 0.491202 0.090276 -465.954251 0.088447 -0.027000 0.995715 34.806690
0.478479 0.877841 -0.021309 195.053720 -0.873582 0.478335 0.089717 -466.191267 0.088950 -0.024313 0.995739 34.828934
0.463643 0.885693 -0.024143 195.152227 -0.881461 0.463847 0.088729 -466.458815 0.089786 -0.019857 0.995763 34.860211
0.445978 0.894649 -0.026564 195.244534 -0.890521 0.446509 0.087186 -466.658489 0.089862 -0.015227 0.995838 34.881454
0.426344 0.904138 -0.027648 195.339162 -0.900100 0.427075 0.086182 -466.911169 0.089728 -0.011857 0.995896 34.911304
0.405033 0.913909 -0.026794 195.453127 -0.909898 0.405782 0.086175 -467.177325 0.089629 -0.010524 0.995920 34.935378
0.383960 0.923008 -0.025127 195.538814 -0.919064 0.384655 0.085803 -467.432416 0.088863 -0.009851 0.995995 34.961709
0.363757 0.931183 -0.024058 195.623273 -0.927365 0.364453 0.084664 -467.677325 0.087606 -0.008487 0.996119 34.985438
0.344695 0.938345 -0.026342 195.706515 -0.934654 0.345676 0.083250 -467.936064 0.087223 -0.004076 0.996180 35.013250
0.327435 0.944393 -0.030138 195.789533 -0.940852 0.328815 0.081717 -468.212310 0.087083 0.001598 0.996200 35.045324
0.311466 0.949707 -0.032330 195.868973 -0.946302 0.313091 0.080537 -468.474209 0.086609 0.005509 0.996227 35.076067
0.297974 0.954076 -0.030819 195.933529 -0.950698 0.299516 0.080392 -468.746327 0.085931 0.005344 0.996287 35.098324
0.286730 0.957552 -0.029666 196.013264 -0.954339 0.288202 0.078593 -468.974752 0.083807 0.005776 0.996465 35.119802
0.278854 0.959849 -0.030500 196.070698 -0.956906 0.280400 0.075540 -469.289461 0.081060 0.008121 0.996676 35.150521
0.271809 0.961860 -0.030734 196.141566 -0.959051 0.273381 0.074054 -469.524981 0.079632 0.009347 0.996781 35.170376
0.268985 0.962616 -0.031912 196.217964 -0.959829 0.270658 0.073975 -469.762670 0.079846 0.010732 0.996749 35.196265
0.270836 0.962103 -0.031707 196.277285 -0.959268 0.272494 0.074510 -469.981427 0.080326 0.010235 0.996716 35.215447
0.277274 0.960208 -0.033453 196.339102 -0.957441 0.279045 0.073764 -470.218476 0.080164 0.011577 0.996714 35.235432
0.286794 0.957316 -0.035986 196.409522 -0.954680 0.288722 0.072289 -470.427483 0.079594 0.013623 0.996734 35.256069
0.298755 0.953662 -0.035706 196.500854 -0.951067 0.300616 0.071422 -470.620944 0.078847 0.012621 0.996807 35.279599
0.312237 0.949492 -0.031192 196.570778 -0.946671 0.313722 0.073436 -470.796953 0.079513 0.006599 0.996812 35.295071
0.326381 0.944836 -0.027557 196.645208 -0.941787 0.327540 0.075862 -470.958426 0.080704 0.001193 0.996737 35.313878
0.340588 0.939885 -0.024832 196.722882 -0.936771 0.341481 0.076493 -471.123521 0.080374 -0.002791 0.996761 35.330052
0.355568 0.934353 -0.023593 196.800874 -0.931357 0.356319 0.074902 -471.297272 0.078391 -0.004659 0.996912 35.345735
0.369908 0.928709 -0.025849 196.864634 -0.925828 0.370796 0.073160 -471.436879 0.077529 -0.003131 0.996985 35.361856
0.385129 0.922172 -0.035689 196.899567 -0.919364 0.386747 0.072089 -471.571658 0.080281 0.005047 0.996760 35.371075
0.399211 0.915775 -0.044567 196.990513 -0.912768 0.401547 0.074938 -471.665629 0.086522 0.010763 0.996192 35.395255
0.413776 0.909265 -0.045014 197.064837 -0.905969 0.416129 0.077823 -471.768009 0.089493 0.008580 0.995950 35.402467
0.429438 0.902299 -0.037932 197.126765 -0.898772 0.431110 0.079705 -471.893878 0.088271 -0.000136 0.996097 35.411398
0.444225 0.895340 -0.032097 197.193868 -0.891778 0.445328 0.080089 -471.999236 0.086001 -0.006954 0.996271 35.415673
0.457698 0.888601 -0.030008 197.255616 -0.885074 0.458573 0.079717 -472.100291 0.084598 -0.009927 0.996366 35.425322
0.470419 0.881912 -0.030604 197.305571 -0.878442 0.471303 0.078826 -472.206139 0.083941 -0.010197 0.996419 35.439270
0.482152 0.875541 -0.030932 197.360887 -0.872079 0.483020 0.078550 -472.285088 0.083714 -0.010898 0.996430 35.447072
0.493681 0.869082 -0.031253 197.406666 -0.865605 0.494530 0.078533 -472.373954 0.083707 -0.011718 0.996421 35.454643
0.504736 0.862681 -0.031997 197.460537 -0.859274 0.505616 0.077470 -472.462213 0.083010 -0.011608 0.996481 35.461115
0.514030 0.857160 -0.032417 197.514480 -0.853905 0.514931 0.075441 -472.523095 0.081357 -0.011097 0.996623 35.469803
0.521850 0.852477 -0.030914 197.560484 -0.849226 0.522599 0.075539 -472.584318 0.080551 -0.013166 0.996664 35.479554
0.529397 0.847961 -0.026480 197.613756 -0.844439 0.529688 0.079704 -472.652265 0.081612 -0.019834 0.996467 35.489409
0.538769 0.842209 -0.020317 197.664275 -0.838274 0.538339 0.086535 -472.691237 0.083818 -0.029591 0.996042 35.493832
0.545620 0.837880 -0.015984 197.712867 -0.833649 0.544615 0.091781 -472.708231 0.085607 -0.036752 0.995651 35.488009
0.550139 0.834918 -0.016082 197.763020 -0.830725 0.549136 0.091351 -472.760040 0.085102 -0.036896 0.995689 35.493557
0.556110 0.830892 -0.018969 197.789823 -0.827017 0.555490 0.086451 -472.821714 0.082368 -0.032389 0.996076 35.506202
0.561408 0.827245 -0.022057 197.796695 -0.823697 0.561168 0.081321 -472.856924 0.079651 -0.027486 0.996444 35.517228
0.565076 0.824738 -0.022263 197.830439 -0.821337 0.564890 0.079402 -472.893649 0.078062 -0.026583 0.996594 35.522706
0.569957 0.821452 -0.019141 197.860576 -0.818026 0.569465 0.080896 -472.923372 0.077353 -0.030449 0.996539 35.525058
0.575119 0.817927 -0.015281 197.894346 -0.814392 0.574203 0.083999 -472.937038 0.077480 -0.035864 0.996349 35.518750
0.578557 0.815543 -0.012707 197.932398 -0.811884 0.577315 0.086896 -472.971508 0.078204 -0.039958 0.996136 35.520422
