1743735010.8537 118.6992
1743735010.9571 118.6992
1743735011.0608 118.6992
1743735011.1640 118.6992
1743735011.2673 118.6992
1743735011.3716 118.6992
1743735011.4741 118.6992
1743735011.5779 120.3398
1743735011.6809 120.3398
1743735011.7843 120.3398
1743735011.8878 120.3398
1743735011.9912 120.3398
1743735012.0980 122.1445
1743735012.1979 122.1445
1743735012.3013 124.7227
1743735012.4048 128.0742
1743735012.5082 128.0742
1743735012.6116 129.8789
1743735012.7151 132.1992
1743735012.8184 132.1992
1743735012.9220 134.5195
1743735013.0253 134.5195
1743735013.1288 136.8398
1743735013.2323 136.8398
1743735013.3357 137.8711
1743735013.4392 140.1914
1743735013.5427 140.4492
1743735013.6474 143.0273
1743735013.7499 143.0273
1743735013.8533 146.8945
1743735013.9573 147.9258
1743735014.0603 147.9258
1743735014.1638 151.2773
1743735014.2677 154.6289
1743735014.3708 154.6289
1743735014.4744 156.1758
1743735014.5784 157.2070
1743735014.6814 157.2070
1743735014.7850 158.7539
1743735014.8886 161.3320
1743735014.9959 162.8789
1743735015.0972 163.9102
1743735015.1997 163.9102
1743735015.3029 167.0039
1743735015.4062 168.0352
1743735015.5100 168.0352
1743735015.6145 169.8398
1743735015.7175 173.1914
1743735015.8205 173.1914
1743735015.9270 177.0586
1743735016.0280 177.8320
1743735016.1312 177.8320
1743735016.2349 181.9570
1743735016.3384 182.7305
1743735016.4418 186.5977
1743735016.5453 186.5977
1743735016.6489 187.8867
1743735016.7525 187.8867
1743735016.8561 190.7227
1743735016.9596 190.9805
1743735017.0632 195.3633
1743735017.1667 195.8789
1743735017.2702 199.7461
1743735017.3778 199.7461
1743735017.4774 201.8086
1743735017.5810 201.8086
1743735017.6845 204.3867
1743735017.7881 204.9023
1743735017.8918 208.7695
1743735017.9954 208.7695
1743735018.0990 210.0586
1743735018.2070 212.6367
1743735018.3063 214.6992
1743735018.4103 214.9570
1743735018.5171 214.9570
1743735018.6171 218.8242
1743735018.7207 219.0820
1743735018.8243 219.0820
1743735018.9280 222.9492
1743735019.0317 223.2070
1743735019.1376 223.2070
1743735019.2397 227.3320
1743735019.3425 227.3320
1743735019.4472 227.5898
1743735019.5497 231.4570
1743735019.6534 231.4570
1743735019.7576 231.4570
1743735019.8617 235.3242
1743735019.9643 235.3242
1743735020.0679 235.3242
1743735020.1715 235.5820
1743735020.2752 239.4492
1743735020.3788 239.4492
1743735020.4838 239.7070
1743735020.5861 243.3164
1743735020.6897 243.3164
1743735020.7934 243.3164
1743735020.8976 246.6680
1743735021.0005 246.6680
1743735021.1041 246.6680
1743735021.2074 250.2773
1743735021.3109 250.2773
1743735021.4167 250.2773
1743735021.5182 253.6289
1743735021.6208 253.6289
1743735021.7239 253.6289
1743735021.8271 256.9805
1743735021.9309 256.9805
1743735022.0339 256.9805
1743735022.1379 260.3320
1743735022.2396 260.3320
1743735022.3427 262.3945
1743735022.4463 262.9102
1743735022.5490 267.8086
1743735022.6532 267.8086
1743735022.7554 267.8086
1743735022.8585 267.8086
1743735022.9617 267.8086
1743735023.0649 268.5820
1743735023.1682 271.1602
1743735023.2714 271.1602
1743735023.3748 273.2227
1743735023.4783 274.7695
1743735023.5811 274.7695
1743735023.6844 277.0898
1743735023.7878 277.6055
1743735023.8914 277.6055
1743735023.9954 278.8945
1743735024.0979 282.5039
1743735024.2017 282.5039
1743735024.3065 283.7930
1743735024.4086 284.5664
1743735024.5117 284.5664
1743735024.6150 286.8867
1743735024.7184 286.8867
1743735024.8219 289.2070
1743735024.9254 289.2070
1743735025.0288 291.2695
1743735025.1323 292.0430
1743735025.2358 292.0430
1743735025.3392 294.1055
1743735025.4427 294.1055
1743735025.5462 296.4258
1743735025.6497 297.1992
1743735025.7532 297.1992
1743735025.8566 297.7148
1743735025.9601 300.2930
1743735026.0636 300.2930
1743735026.1671 302.0977
1743735026.2705 302.0977
1743735026.3739 302.6133
1743735026.4776 302.6133
1743735026.5809 302.6133
1743735026.6843 305.9648
1743735026.7880 305.9648
1743735026.8931 305.9648
1743735026.9946 308.2852
1743735027.0980 308.2852
1743735027.2020 308.2852
1743735027.3072 310.6055
1743735027.4082 310.6055
1743735027.5117 310.6055
1743735027.6151 312.9258
1743735027.7184 312.9258
1743735027.8218 313.1836
1743735027.9271 315.7617
1743735028.0293 315.7617
1743735028.1332 315.7617
1743735028.2371 315.7617
1743735028.3392 318.8555
1743735028.4426 318.8555
1743735028.5476 318.8555
1743735028.6495 321.1758
1743735028.7531 321.1758
1743735028.8568 321.1758
1743735028.9601 323.7539
1743735029.0635 323.7539
1743735029.1671 323.7539
1743735029.2709 326.3320
1743735029.3742 326.3320
1743735029.4777 327.6211
1743735029.5812 327.6211
1743735029.6847 327.6211
1743735029.7884 327.6211
1743735029.8917 327.6211
1743735029.9952 327.6211
1743735030.0992 329.4258
1743735030.2055 329.4258
1743735030.3058 331.4883
1743735030.4115 331.4883
1743735030.5138 331.4883
1743735030.6177 332.0039
1743735030.7207 334.3242
1743735030.8236 334.3242
1743735030.9271 335.8711
1743735031.0309 335.8711
1743735031.1340 336.9023
1743735031.2376 336.9023
1743735031.3414 339.7383
1743735031.4446 339.7383
1743735031.5480 339.9961
1743735031.6514 342.5742
1743735031.7558 342.5742
1743735031.8583 342.5742
1743735031.9619 342.5742
1743735032.0673 344.6367
1743735032.1698 344.6367
1743735032.2717 345.6680
1743735032.3780 345.6680
1743735032.4785 347.4727
1743735032.5840 347.4727
1743735032.6867 349.0195
1743735032.7899 349.0195
1743735032.8921 350.8242
1743735032.9956 350.8242
1743735033.0990 352.3711
1743735033.2025 352.6289
1743735033.3059 354.6914
1743735033.4094 354.6914
1743735033.5132 354.9492
1743735033.6162 357.0117
1743735033.7197 357.0117
1743735033.8232 357.5273
1743735033.9267 360.8789
1743735034.0303 360.8789
1743735034.1338 360.8789
1743735034.2384 363.1992
1743735034.3413 363.1992
1743735034.4444 363.4570
1743735034.5483 366.8086
1743735034.6519 366.8086
1743735034.7572 366.8086
1743735034.8583 368.6133
1743735034.9619 368.6133
1743735035.0669 370.4180
1743735035.1688 370.4180
1743735035.2758 371.7070
1743735035.3761 371.7070
1743735035.4790 373.5117
1743735035.5825 373.5117
1743735035.6859 375.3164
1743735035.7893 375.3164
1743735035.8928 376.8633
1743735035.9962 376.8633
1743735036.0997 378.6680
1743735036.2031 378.6680
1743735036.3065 379.9570
1743735036.4100 379.9570
1743735036.5133 382.0195
1743735036.6169 382.0195
1743735036.7202 383.5664
1743735036.8239 383.5664
1743735036.9282 385.3711
1743735037.0315 385.3711
1743735037.1338 387.4336
1743735037.2382 387.4336
1743735037.3407 388.9805
1743735037.4439 388.9805
1743735037.5473 390.7852
1743735037.6507 390.7852
1743735037.7541 392.5898
1743735037.8576 392.5898
1743735037.9610 392.8477
1743735038.0643 392.8477
1743735038.1677 392.8477
1743735038.2711 396.4570
1743735038.3745 396.4570
1743735038.4779 396.4570
1743735038.5814 398.7773
1743735038.6848 398.7773
1743735038.7882 398.7773
1743735038.8915 400.0664
1743735038.9948 400.0664
1743735039.0981 402.3867
1743735039.2017 402.3867
1743735039.3051 404.1914
1743735039.4085 404.1914
1743735039.5146 404.1914
1743735039.6155 404.1914
1743735039.7205 407.0273
1743735039.8244 407.0273
1743735039.9273 407.0273
1743735040.0305 409.6055
1743735040.1330 409.6055
1743735040.2385 411.1523
1743735040.3401 411.1523
1743735040.4431 412.6992
1743735040.5466 412.6992
1743735040.6500 414.5039
1743735040.7535 414.5039
1743735040.8569 416.5664
1743735040.9603 416.5664
1743735041.0653 418.3711
1743735041.1670 418.3711
1743735041.2704 418.3711
1743735041.3738 418.3711
1743735041.4773 421.4648
1743735041.5807 421.4648
1743735041.6840 421.7227
1743735041.7876 424.3008
1743735041.8911 424.3008
1743735041.9965 424.3008
1743735042.0980 424.3008
1743735042.2015 426.1055
1743735042.3050 426.1055
1743735042.4093 427.6523
1743735042.5154 427.6523
1743735042.6169 429.1992
1743735042.7196 429.1992
1743735042.8246 430.7461
1743735042.9278 430.7461
1743735043.0304 432.2930
1743735043.1339 432.2930
1743735043.2363 433.5820
1743735043.3398 433.5820
1743735043.4436 435.1289
1743735043.5484 435.1289
1743735043.6503 436.9336
1743735043.7560 436.9336
1743735043.8571 438.9961
1743735043.9605 438.9961
1743735044.0653 440.2852
1743735044.1684 440.2852
1743735044.2708 441.5742
1743735044.3742 441.5742
1743735044.4777 443.1211
1743735044.5815 443.1211
1743735044.6845 444.4102
1743735044.7884 444.4102
1743735044.8916 445.6992
1743735044.9959 445.6992
1743735045.0984 446.9883
1743735045.2018 446.9883
1743735045.3053 449.3086
1743735045.4088 449.3086
1743735045.5128 449.3086
1743735045.6184 449.3086
1743735045.7199 449.5664
1743735045.8227 452.9180
1743735045.9286 452.9180
1743735046.0305 452.9180
1743735046.1332 455.4961
1743735046.2365 455.4961
1743735046.3400 457.3008
1743735046.4434 457.3008
1743735046.5469 458.8477
1743735046.6503 458.8477
1743735046.7538 460.6523
1743735046.8597 460.6523
1743735046.9619 462.1992
1743735047.0640 462.1992
1743735047.1674 463.7461
1743735047.2708 463.7461
1743735047.3742 466.3242
1743735047.4777 466.3242
1743735047.5811 466.8398
1743735047.6845 469.4180
1743735047.7884 469.4180
1743735047.8941 471.4805
1743735047.9947 471.4805
1743735048.0984 473.2852
1743735048.2016 473.2852
1743735048.3051 475.0898
1743735048.4085 475.0898
1743735048.5119 476.8945
1743735048.6154 476.8945
1743735048.7188 477.4102
1743735048.8223 477.4102
1743735048.9261 477.4102
1743735049.0298 480.7617
1743735049.1325 480.7617
1743735049.2360 480.7617
1743735049.3395 483.0820
1743735049.4430 483.0820
1743735049.5464 483.0820
1743735049.6501 485.4023
1743735049.7536 485.4023
1743735049.8570 485.4023
1743735049.9606 487.7227
1743735050.0641 487.7227
1743735050.1676 487.7227
1743735050.2711 491.3320
1743735050.3746 491.3320
1743735050.4780 491.3320
1743735050.5817 493.1367
1743735050.6850 493.1367
1743735050.7885 495.1992
1743735050.8920 495.1992
1743735050.9954 497.2617
1743735051.0989 497.2617
1743735051.2043 499.3242
1743735051.3058 499.3242
1743735051.4098 501.3867
1743735051.5139 501.3867
1743735051.6178 504.4805
1743735051.7196 504.4805
1743735051.8231 505.2539
1743735051.9265 506.5430
1743735052.0305 506.5430
1743735052.1365 507.5742
1743735052.2388 508.6055
1743735052.3405 512.4727
1743735052.4464 512.4727
1743735052.5470 513.2461
1743735052.6504 513.2461
1743735052.7539 514.2773
1743735052.8573 517.3711
1743735052.9607 517.3711
1743735053.0640 517.3711
1743735053.1675 519.1758
1743735053.2713 519.1758
1743735053.3743 521.2383
1743735053.4777 521.2383
1743735053.5811 524.0742
1743735053.6844 524.0742
1743735053.7879 524.0742
1743735053.8911 527.1680
1743735053.9945 527.1680
1743735054.0984 527.6836
1743735054.2013 530.7773
1743735054.3046 530.7773
1743735054.4089 531.2930
1743735054.5141 534.6445
1743735054.6160 534.6445
1743735054.7190 535.1602
1743735054.8251 538.5117
1743735054.9254 538.5117
1743735055.0305 539.0273
1743735055.1324 542.3789
1743735055.2358 542.3789
1743735055.3394 546.2461
1743735055.4429 546.5039
1743735055.5467 546.5039
1743735055.6505 550.3711
1743735055.7533 550.6289
1743735055.8568 550.6289
1743735055.9609 554.4961
1743735056.0636 555.0117
1743735056.1672 555.0117
1743735056.2706 555.7852
1743735056.3741 559.1367
1743735056.4774 559.1367
1743735056.5809 559.6523
1743735056.6843 563.2617
1743735056.7877 563.2617
1743735056.8912 563.5195
1743735056.9946 567.1289
1743735057.0979 567.1289
1743735057.2015 567.3867
1743735057.3048 570.7383
1743735057.4082 570.7383
1743735057.5117 570.9961
1743735057.6151 573.5742
1743735057.7187 575.8945
1743735057.8220 576.4102
1743735057.9255 580.0195
1743735058.0289 580.0195
1743735058.1322 580.7930
1743735058.2358 582.5977
1743735058.3392 582.8555
1743735058.4426 582.8555
1743735058.5460 586.4648
1743735058.6495 586.9805
1743735058.7529 586.9805
1743735058.8563 590.5898
1743735058.9597 591.1055
1743735059.0630 591.1055
1743735059.1665 592.1367
1743735059.2698 595.4883
1743735059.3732 595.4883
1743735059.4766 595.4883
1743735059.5798 599.0977
1743735059.6831 599.0977
1743735059.7865 600.1289
1743735059.8899 600.1289
1743735059.9931 602.1914
1743735060.0965 603.2227
1743735060.2003 603.2227
1743735060.3059 606.0586
1743735060.4067 606.8320
1743735060.5103 606.8320
1743735060.6133 608.1211
1743735060.7173 609.1523
1743735060.8200 612.7617
1743735060.9230 612.7617
1743735061.0264 613.5352
1743735061.1298 613.5352
1743735061.2331 614.5664
1743735061.3374 617.1445
1743735061.4403 617.1445
1743735061.5447 619.9805
1743735061.6471 619.9805
1743735061.7499 619.9805
1743735061.8533 622.8164
1743735061.9567 622.8164
1743735062.0600 622.8164
1743735062.1634 625.1367
1743735062.2673 625.1367
1743735062.3706 625.1367
1743735062.4760 627.4570
1743735062.5771 627.4570
1743735062.6805 627.7148
1743735062.7838 630.2930
1743735062.8873 630.2930
1743735062.9906 631.3242
1743735063.0941 631.3242
1743735063.1974 633.3867
1743735063.3008 633.3867
1743735063.4043 634.4180
1743735063.5084 634.4180
1743735063.6112 636.4805
1743735063.7146 636.4805
1743735063.8180 637.7695
1743735063.9215 637.7695
1743735064.0250 639.8320
1743735064.1284 639.8320
1743735064.2318 641.3789
1743735064.3353 641.3789
1743735064.4388 643.1836
1743735064.5422 643.1836
1743735064.6458 644.7305
1743735064.7492 644.7305
1743735064.8527 647.8242
1743735064.9561 647.8242
1743735065.0597 648.8555
1743735065.1631 649.8867
1743735065.2665 649.8867
1743735065.3700 650.4023
1743735065.4734 654.0117
1743735065.5769 654.0117
1743735065.6804 655.0430
1743735065.7837 656.0742
1743735065.8872 656.0742
1743735065.9907 658.3945
1743735066.0941 659.4258
1743735066.1975 659.4258
1743735066.3008 660.1992
1743735066.4043 663.8086
1743735066.5077 663.8086
1743735066.6112 664.8398
1743735066.7145 666.1289
1743735066.8179 666.1289
1743735066.9212 667.1602
1743735067.0247 669.7383
1743735067.1280 669.7383
1743735067.2314 671.8008
1743735067.3348 671.8008
1743735067.4381 674.8945
1743735067.5414 674.8945
1743735067.6448 676.6992
1743735067.7481 677.4727
1743735067.8514 677.4727
1743735067.9547 680.0508
1743735068.0581 680.8242
1743735068.1613 680.8242
1743735068.2646 683.4023
1743735068.3679 684.1758
1743735068.4712 684.1758
1743735068.5745 685.7227
1743735068.6778 686.4961
1743735068.7811 691.1367
1743735068.8843 691.1367
1743735068.9876 691.1367
1743735069.0910 693.1992
1743735069.1942 693.1992
1743735069.2975 693.1992
1743735069.4008 694.7461
1743735069.5042 694.7461
1743735069.6074 698.0977
1743735069.7108 698.0977
1743735069.8141 699.3867
1743735069.9174 700.1602
1743735070.0208 704.0273
1743735070.1242 704.0273
1743735070.2276 704.8008
1743735070.3309 704.8008
1743735070.4343 706.6055
1743735070.5375 706.6055
1743735070.6409 708.6680
1743735070.7441 708.6680
1743735070.8474 710.4727
1743735070.9508 711.5039
1743735071.0540 711.5039
1743735071.1573 712.0195
1743735071.2605 714.3398
1743735071.3637 714.3398
1743735071.4670 716.6602
1743735071.5704 716.6602
1743735071.6736 718.7227
1743735071.7770 718.7227
1743735071.8803 720.7852
1743735071.9837 720.7852
1743735072.0869 722.5898
1743735072.1902 722.5898
1743735072.2935 724.6523
1743735072.3969 724.6523
1743735072.5001 726.9727
1743735072.6035 726.9727
1743735072.7067 729.0352
1743735072.8100 729.0352
1743735072.9133 730.8398
1743735073.0167 730.8398
1743735073.1199 732.9023
1743735073.2231 733.9336
1743735073.3265 734.7070
1743735073.4299 734.7070
1743735073.5331 736.2539
1743735073.6365 737.0273
1743735073.7399 741.6680
1743735073.8433 741.6680
1743735073.9466 742.4414
1743735074.0499 745.0195
1743735074.1533 745.0195
1743735074.2565 745.5352
1743735074.3599 745.5352
1743735074.4632 746.5664
1743735074.5666 749.9180
1743735074.6698 749.9180
1743735074.7732 753.5273
1743735074.8763 754.0430
1743735074.9796 754.0430
1743735075.0828 757.6523
1743735075.1861 757.9102
1743735075.2894 757.9102
1743735075.3928 762.0352
1743735075.4961 762.2930
1743735075.5994 762.2930
1743735075.7028 765.9023
1743735075.8060 766.1602
1743735075.9094 766.1602
1743735076.0125 771.3164
1743735076.1158 771.3164
1743735076.2192 771.3164
1743735076.3225 775.6992
1743735076.4257 775.6992
1743735076.5291 777.7617
1743735076.6324 778.0195
1743735076.7357 778.0195
1743735076.8389 781.8867
1743735076.9423 782.1445
1743735077.0455 785.7539
1743735077.1489 785.7539
1743735077.2521 786.0117
1743735077.3574 786.0117
1743735077.4588 789.3633
1743735077.5658 789.3633
1743735077.6652 789.3633
1743735077.7685 792.4570
1743735077.8719 792.9727
1743735077.9761 792.9727
1743735078.0784 794.7773
1743735078.1817 795.2930
1743735078.2851 798.9023
1743735078.3883 798.9023
1743735078.4917 800.7070
1743735078.5949 800.7070
1743735078.6983 804.3164
1743735078.8015 804.5742
1743735078.9049 804.5742
1743735079.0086 808.1836
1743735079.1114 808.4414
1743735079.2147 808.4414
1743735079.3180 812.3086
1743735079.4215 812.5664
1743735079.5246 812.5664
1743735079.6284 816.4336
1743735079.7313 816.6914
1743735079.8347 816.6914
1743735079.9380 820.5586
1743735080.0414 821.0742
1743735080.1447 821.0742
1743735080.2481 822.3633
1743735080.3512 825.7148
1743735080.4546 825.7148
1743735080.5582 828.8086
1743735080.6617 829.0664
1743735080.7647 832.6758
1743735080.8679 832.9336
1743735080.9717 833.4492
1743735081.0753 833.4492
1743735081.1780 837.5742
1743735081.2833 837.8320
1743735081.3846 837.8320
1743735081.4880 839.3789
1743735081.5917 841.9570
1743735081.6957 843.7617
1743735081.8001 844.2773
1743735081.9030 844.2773
1743735082.0049 847.3711
1743735082.1091 847.8867
1743735082.2135 847.8867
1743735082.3159 851.2383
1743735082.4182 851.7539
1743735082.5217 851.7539
1743735082.6257 852.5273
1743735082.7284 855.6211
1743735082.8316 855.6211
1743735082.9381 856.3945
1743735083.0384 859.4883
1743735083.1417 859.4883
1743735083.2478 859.7461
1743735083.3488 863.0977
1743735083.4552 863.0977
1743735083.5551 863.3555
1743735083.6585 866.7070
1743735083.7619 866.7070
1743735083.8653 868.2539
1743735083.9686 869.0273
1743735084.0719 873.6680
1743735084.1760 873.6680
1743735084.2788 873.6680
1743735084.3822 873.9258
1743735084.4865 873.9258
1743735084.5890 874.6992
1743735084.6923 878.0508
1743735084.7957 878.0508
1743735084.8991 878.0508
1743735085.0044 881.4023
1743735085.1060 881.4023
1743735085.2094 882.9492
1743735085.3128 883.4648
1743735085.4162 883.4648
1743735085.5196 885.0117
1743735085.6230 885.5273
1743735085.7265 889.3945
1743735085.8298 889.3945
1743735085.9332 889.3945
1743735086.0366 892.4883
1743735086.1400 892.4883
1743735086.2433 892.4883
1743735086.3466 894.0352
1743735086.4500 894.8086
1743735086.5534 894.8086
1743735086.6567 896.6133
1743735086.7600 897.6445
1743735086.8632 897.6445
1743735086.9666 897.9023
1743735087.0699 900.9961
1743735087.1732 900.9961
1743735087.2763 902.5430
1743735087.3804 903.5742
1743735087.4826 903.5742
1743735087.5860 905.1211
1743735087.6891 905.8945
1743735087.7926 905.8945
1743735087.8955 905.8945
1743735087.9987 908.2148
1743735088.1018 908.2148
1743735088.2051 909.5039
1743735088.3082 910.2773
1743735088.4116 910.2773
1743735088.5150 910.7930
1743735088.6186 914.1445
1743735088.7223 914.1445
1743735088.8259 914.1445
1743735088.9295 916.4648
1743735089.0331 916.4648
1743735089.1367 917.2383
1743735089.2405 917.2383
1743735089.3441 919.5586
1743735089.4476 920.0742
1743735089.5513 920.0742
1743735089.6547 920.0742
1743735089.7580 921.6211
1743735089.8614 922.1367
1743735089.9679 922.1367
1743735090.0687 924.1992
1743735090.1760 924.1992
1743735090.2757 924.1992
1743735090.3782 924.7148
1743735090.4856 924.7148
1743735090.5874 926.2617
1743735090.6874 926.7773
1743735090.7938 926.7773
1743735090.8985 929.6133
1743735090.9979 930.1289
1743735091.0997 930.1289
1743735091.2044 930.1289
1743735091.3074 930.1289
1743735091.4092 931.9336
1743735091.5122 931.9336
1743735091.6171 933.9961
1743735091.7187 934.5117
1743735091.8254 934.5117
1743735091.9254 936.0586
1743735092.0286 936.0586
1743735092.1318 936.0586
1743735092.2352 937.8633
1743735092.3386 937.8633
1743735092.4418 937.8633
1743735092.5453 937.8633
1743735092.6487 940.4414
1743735092.7539 940.4414
1743735092.8555 940.4414
1743735092.9607 942.7617
1743735093.0622 942.7617
1743735093.1658 942.7617
1743735093.2691 942.7617
1743735093.3726 942.7617
1743735093.4780 944.8242
1743735093.5799 944.8242
