1743735010.853716 0.013023 0.000000 0.000000 0.000000 0.000000 0.000000
1743735010.957107 0.172500 3.370750 11.351271 32.674371 5.546817 53.115709
1743735011.060822 0.009612 3.651442 8.533349 14.976666 8.882773 36.053842
1743735011.163977 0.010625 5.607346 10.541710 15.164949 10.142554 41.467184
1743735011.267337 0.010541 5.870510 11.213016 14.902288 10.435947 42.432302
1743735011.371645 0.009312 4.494137 10.381614 14.685348 9.576172 39.146583
1743735011.474105 0.009460 3.458925 9.857037 15.064286 8.858944 37.248652
1743735011.577935 0.010153 3.442576 9.977205 14.624626 8.689962 36.744522
1743735011.680927 0.010046 3.782884 10.309268 15.068178 9.094363 38.264739
1743735011.784273 0.011112 3.168266 9.477239 15.738438 6.270613 34.665668
1743735011.887786 0.010497 3.750102 9.424233 14.409851 9.561720 37.156403
1743735011.991154 0.011247 3.730878 9.392633 15.190813 9.174764 37.500335
1743735012.097974 0.010439 3.419972 9.612845 14.081604 8.575826 35.700686
1743735012.197945 0.011065 3.384953 10.051326 14.451899 9.089440 36.988683
1743735012.301284 0.010743 3.498801 10.271122 17.950906 9.211095 40.942667
1743735012.404799 0.008712 3.214098 9.732607 16.105868 6.050509 35.111794
1743735012.508237 0.010663 3.572336 10.191174 16.854452 9.351075 39.979700
1743735012.611559 0.011992 3.580103 9.720493 19.111634 9.560960 41.985182
1743735012.715069 0.009960 3.348327 11.367221 18.334523 8.371165 41.431196
1743735012.818440 0.011800 4.473660 10.390013 18.189969 10.399705 43.465147
1743735012.921952 0.010116 5.229061 10.665179 18.820770 20.484451 55.209577
1743735013.025336 0.009595 4.715560 12.443911 19.363490 10.219197 46.751753
1743735013.128847 0.012367 3.491639 11.060768 19.177014 9.631600 43.373388
1743735013.232342 0.011351 3.446831 14.540219 18.561477 6.357658 42.917536
1743735013.335726 0.010955 3.715297 11.510629 21.438064 9.745913 46.420858
1743735013.439230 0.010126 3.754296 11.497535 19.283014 9.497951 44.042922
1743735013.542739 0.011738 3.835598 11.695773 20.555759 9.878538 45.977406
1743735013.647410 0.010686 3.623935 12.702091 21.157488 9.180290 46.674490
1743735013.749855 0.012628 3.532919 12.628609 23.881657 9.329477 49.385290
1743735013.853272 0.010979 3.682807 13.463292 25.098901 9.172700 51.428679
1743735013.957261 0.010504 3.274109 13.079620 24.757241 8.854210 49.975684
1743735014.060289 0.010114 3.648744 13.749682 27.563025 9.381136 54.352701
1743735014.163794 0.011162 3.493802 14.272830 24.921805 8.745347 51.444946
1743735014.267679 0.013333 3.365709 14.073520 26.316547 9.143057 52.912166
1743735014.370792 0.011490 3.476416 14.828853 28.271385 8.983806 55.571950
1743735014.474437 0.010638 4.062512 15.508351 26.492938 9.801557 55.875996
1743735014.578390 0.010130 3.296800 15.648810 27.510855 6.225985 52.692580
1743735014.681441 0.014325 3.649240 14.988655 29.567515 9.931108 58.150843
1743735014.784957 0.011621 3.439481 15.302491 28.021771 8.721249 55.496613
1743735014.888587 0.010684 3.331720 15.228519 32.864994 8.280225 59.716142
1743735014.995867 0.013555 3.840200 15.825785 30.380163 9.981732 60.041435
1743735015.097153 0.011878 3.262431 15.773604 29.064912 8.258296 56.371121
1743735015.199682 0.014734 4.044867 15.479422 28.461529 9.623151 57.623703
1743735015.302899 0.011097 3.349465 16.335388 28.683049 8.788898 57.167897
1743735015.406235 0.010697 3.373357 15.518490 31.689412 8.835244 59.427200
1743735015.509951 0.011414 3.450627 16.141530 33.241831 8.967420 61.812822
1743735015.614531 0.010716 4.057814 17.538250 35.088072 9.890874 66.585726
1743735015.717504 0.010010 3.574041 17.170698 35.099870 9.345545 65.200164
1743735015.820540 0.010710 3.300799 17.426105 33.123807 7.682377 61.543798
1743735015.926973 0.011388 3.460253 18.280168 35.011385 8.862741 65.625935
1743735016.027984 0.010335 3.277473 17.516695 33.334255 7.312743 61.451501
1743735016.131214 0.012097 3.446296 17.437099 34.385219 9.354133 64.634844
1743735016.234858 0.012464 3.373668 18.541560 34.586714 8.356872 64.871278
1743735016.338360 0.012230 3.338817 18.283231 35.916369 8.275538 65.826185
1743735016.441811 0.010521 3.330252 17.917809 35.403685 7.480562 64.142829
1743735016.545335 0.011798 3.344618 17.722429 33.727930 8.075253 62.882028
1743735016.648939 0.011610 3.410923 18.038240 38.956417 8.731174 69.148364
1743735016.752452 0.010321 3.436395 18.107338 36.666345 7.262241 65.482640
1743735016.856089 0.011723 3.394284 18.017815 39.477543 8.034092 68.935457
1743735016.959586 0.010662 3.454909 18.533733 37.603772 7.324283 66.927359
1743735017.063222 0.011973 3.413515 19.666852 37.002058 8.062645 68.157043
1743735017.166737 0.010508 3.422552 19.572161 39.287622 7.488564 69.781407
1743735017.270232 0.009036 3.393636 18.953367 37.043167 6.990332 66.389538
1743735017.377753 0.012624 3.401515 18.939972 37.827383 8.715553 68.897047
1743735017.477438 0.006140 3.681973 20.318352 39.782581 6.143124 69.932170
1743735017.581010 0.010645 3.519731 19.088824 41.379548 9.210023 73.208771
1743735017.684525 0.008618 3.414012 19.837073 39.861266 6.564916 69.685885
1743735017.788145 0.011454 3.463088 19.261469 39.974056 7.892958 70.603025
1743735017.891783 0.009292 3.408882 19.577341 41.145722 6.615929 70.757166
1743735017.995417 0.009772 3.473936 22.742493 42.508504 7.492534 76.227239
1743735018.099046 0.007860 3.450089 20.112903 41.487615 6.288397 71.346864
1743735018.207016 0.011134 3.422821 20.319527 44.098129 8.179934 76.031545
1743735018.306308 0.006657 3.434360 20.982120 41.344220 6.084283 71.851640
1743735018.410296 0.011541 3.453944 20.249861 41.612944 8.375085 73.703375
1743735018.517073 0.010531 3.447635 21.011388 46.087490 7.404292 77.961336
1743735018.617072 0.005965 3.488874 23.105920 43.249770 6.130385 75.980914
1743735018.720704 0.006687 3.463767 21.550173 44.590477 6.133169 75.744273
1743735018.824337 0.009379 4.293112 21.449611 47.081554 11.073716 83.907372
1743735018.927966 0.006372 3.480453 22.259574 42.511939 6.165594 74.423932
1743735019.031678 0.011079 4.167564 23.551866 45.769768 8.766559 82.266836
1743735019.137637 0.006374 3.488523 21.720873 42.711327 6.384968 74.312065
1743735019.239677 0.010210 3.466302 22.548142 44.118745 7.420241 77.563640
1743735019.342495 0.006687 3.479972 21.376386 43.625676 6.295985 74.784706
1743735019.447162 0.010972 3.434471 21.968088 43.945813 7.568061 76.927405
1743735019.549745 0.007297 3.495818 23.311095 43.784816 6.237017 76.836043
1743735019.653378 0.009332 3.493523 22.474919 43.998052 7.319177 77.295003
1743735019.757627 0.007948 3.553407 22.284329 44.594242 6.461708 76.901634
1743735019.861743 0.010204 3.498097 23.432049 45.627136 6.937555 79.505041
1743735019.964296 0.007288 3.484591 21.969131 43.615665 6.254591 75.331266
1743735020.067913 0.009151 3.642319 22.777341 44.737523 7.417591 78.583925
1743735020.171548 0.007448 3.514328 21.842386 41.660666 6.428546 73.453374
1743735020.275172 0.009097 3.500687 22.088683 40.815691 7.037102 73.451260
1743735020.378828 0.009431 3.523129 21.512969 42.352342 6.956471 74.354342
1743735020.483801 0.010726 3.546404 22.410687 45.127875 7.467543 78.563235
1743735020.586100 0.007040 3.512953 21.889701 41.634225 6.182549 73.226468
1743735020.689725 0.010003 3.534131 21.493905 42.941291 7.617857 75.597187
1743735020.793401 0.008500 3.486375 22.247973 42.851764 6.847326 75.441938
1743735020.897616 0.007384 3.520335 22.133995 42.812957 6.237126 74.711797
1743735021.000486 0.014746 5.400106 24.654690 43.716864 11.846038 85.632444
1743735021.104076 0.007002 3.528735 20.919574 41.383784 6.164723 72.003818
1743735021.207386 0.014011 3.499798 21.030153 42.137166 7.548448 74.229576
1743735021.310886 0.007748 3.503280 21.111465 43.861957 6.452194 74.936644
1743735021.416706 0.010558 3.526864 22.422140 44.822786 7.681546 78.463894
1743735021.518246 0.006781 3.531160 21.537807 42.326556 6.145468 73.547772
1743735021.620766 0.009473 3.465966 22.113177 43.263688 7.424903 76.277207
1743735021.723936 0.008343 3.491778 21.952650 42.297003 6.464328 74.214102
1743735021.827136 0.009589 3.472898 21.897335 42.917824 6.917898 75.215544
1743735021.930916 0.012528 3.471162 21.843896 45.489743 6.503406 77.320735
1743735022.033906 0.008490 3.473668 22.216495 41.496971 6.583194 73.778818
1743735022.137866 0.014577 3.468186 21.964228 42.627031 7.112358 75.186380
1743735022.239616 0.006840 3.451001 21.498167 43.850771 6.149416 74.956195
1743735022.342696 0.010050 3.476967 22.703839 42.969306 7.514929 76.675091
1743735022.446266 0.007419 3.442283 21.876480 40.505556 6.197653 72.029391
1743735022.548986 0.009466 3.490965 21.400750 41.809820 7.102833 73.813834
1743735022.653206 0.010619 3.913917 22.729809 43.951044 10.544644 81.150033
1743735022.755426 0.007009 3.445257 21.480956 41.334002 6.209207 72.476431
1743735022.858536 0.011417 3.460864 21.323648 39.446151 7.778071 72.020151
1743735022.961716 0.008873 3.410894 20.790133 39.516453 6.839238 70.565591
1743735023.064906 0.010411 3.731214 20.664746 39.029505 7.965127 71.401003
1743735023.168216 0.008838 3.459235 20.766898 39.675219 6.766039 70.676229
1743735023.271366 0.009810 3.487352 20.708965 37.292980 7.464143 68.963250
1743735023.374766 0.010006 3.395035 20.285413 38.259645 7.223057 69.173156
1743735023.478266 0.009655 3.453386 20.641074 37.809239 7.638575 69.551929
1743735023.581146 0.010599 3.360622 20.210820 37.588526 7.487055 68.657622
1743735023.684446 0.010900 3.471738 21.352671 37.041656 7.765286 69.642251
1743735023.787846 0.010471 3.990048 22.281912 39.246627 9.793549 75.322607
1743735023.891426 0.008004 3.493941 20.495596 37.828212 7.091341 68.917094
1743735023.995366 0.012832 3.465531 20.264339 37.165141 7.984974 68.892817
1743735024.097926 0.008922 3.432906 20.249448 35.616470 6.620478 65.928224
1743735024.201746 0.011515 3.459986 20.345777 34.343851 8.559048 66.720177
1743735024.306486 0.011569 3.480700 20.323129 35.216931 8.717610 67.749939
1743735024.408596 0.010616 3.514978 20.413160 34.655287 7.589330 66.183371
1743735024.511676 0.011261 3.441284 20.031988 36.719661 8.029188 68.233382
1743735024.614986 0.010903 3.435871 20.867968 33.239006 7.693692 65.247440
1743735024.718386 0.011167 3.479206 19.940927 34.158575 8.750059 66.339934
1743735024.821886 0.010671 3.462404 21.801803 35.171064 7.927665 68.373607
1743735024.925356 0.011597 4.187112 20.412666 40.680973 10.335995 75.628343
1743735025.028766 0.010923 4.008688 22.114812 36.387927 10.238431 72.760781
1743735025.132316 0.010484 3.358921 19.316866 39.931279 7.124212 69.741762
1743735025.235836 0.010157 4.079463 20.459318 39.782045 9.981423 74.312406
1743735025.339216 0.010534 3.901424 21.675120 34.477811 9.893076 69.957965
1743735025.442686 0.010287 4.103709 20.876675 36.176787 10.057992 71.225450
1743735025.546166 0.011026 3.949083 22.239895 35.492846 10.657669 72.350519
1743735025.649686 0.010988 3.921604 21.202300 32.553564 10.345172 68.033628
1743735025.753206 0.011541 3.481143 20.709026 33.394160 7.017121 64.612991
1743735025.856586 0.010821 3.765448 19.425757 31.535449 9.950101 64.687576
1743735025.960116 0.009929 3.736746 18.832380 30.341824 10.184642 63.105521
1743735026.063586 0.011821 3.264117 18.428730 27.808669 8.263171 57.776508
1743735026.167076 0.011547 6.116163 19.195343 30.666211 10.918536 66.907800
1743735026.270466 0.011022 3.497763 18.688945 26.177941 9.583004 57.958675
1743735026.373936 0.010443 3.395736 18.705933 27.646422 9.614952 59.373486
1743735026.477636 0.010894 3.647302 18.682947 25.845375 9.761829 57.948347
1743735026.580916 0.006109 3.622908 17.620138 25.737047 6.058052 53.044254
1743735026.684336 0.010585 3.182450 18.931102 26.180747 8.271499 56.576383
1743735026.787966 0.012443 3.227964 17.680406 26.372463 8.277299 55.570575
1743735026.893126 0.010428 3.931744 18.099044 25.773007 10.155052 57.969275
1743735026.994626 0.010616 3.238982 18.597587 25.091891 8.381220 55.320296
1743735027.098016 0.012532 3.684784 16.408410 21.782673 9.873273 51.761672
1743735027.201996 0.010412 3.382118 17.973764 23.545146 6.879676 51.791116
1743735027.307166 0.011890 3.371353 15.549053 23.507266 9.362853 51.802415
1743735027.408166 0.012423 3.332591 15.512149 21.993171 9.231471 50.081805
1743735027.511736 0.011673 3.539141 15.936888 21.476799 9.665642 50.630143
1743735027.615116 0.011405 3.414732 15.274856 21.475629 9.543329 49.719951
1743735027.718426 0.010644 3.563154 15.535521 21.784514 9.260203 50.154036
1743735027.821796 0.010868 3.576284 15.028471 19.671518 9.369111 47.656252
1743735027.927146 0.011026 3.525283 14.538940 20.702463 9.219639 47.997351
1743735028.029296 0.011077 3.465848 14.241303 19.841355 9.680140 47.239723
1743735028.133196 0.010595 3.585466 14.939123 21.338579 9.400982 49.274745
1743735028.237056 0.010972 3.637383 14.677138 17.610697 9.277360 45.213550
1743735028.339156 0.011217 3.429676 15.299227 18.416998 9.139487 46.296605
1743735028.442586 0.010334 3.589380 14.270390 17.526542 9.831521 45.228167
1743735028.547596 0.011061 3.905931 14.947786 20.030576 9.862566 48.757920
1743735028.649496 0.010090 3.359453 14.216480 18.115708 8.260671 43.962402
1743735028.753076 0.011267 3.819383 14.027576 19.813521 9.511322 47.183069
1743735028.856806 0.011930 3.580993 13.794112 18.998169 10.090562 46.475766
1743735028.960056 0.010066 6.018882 15.013109 18.084047 10.736002 49.862106
1743735029.063506 0.010801 3.691797 13.198368 17.783814 9.716072 44.400852
1743735029.167086 0.010298 5.917292 13.765670 17.680965 10.477685 47.851910
1743735029.270906 0.011563 3.328388 13.236122 17.081897 9.183386 42.841356
1743735029.374186 0.011540 3.657172 12.728766 15.920770 9.490936 41.809184
1743735029.477686 0.010340 6.268900 13.529308 15.567224 10.746846 46.122618
1743735029.581206 0.010287 3.610033 12.234078 17.525193 8.930680 42.310271
1743735029.684666 0.010322 3.891262 12.922783 14.985147 9.658392 41.467906
1743735029.788396 0.011906 3.907423 12.840377 15.907748 9.570890 42.238344
1743735029.891746 0.010182 3.868187 12.825179 16.046263 9.413561 42.163372
1743735029.995226 0.011075 5.886050 12.956426 15.589261 10.360354 44.803166
1743735030.099216 0.009983 5.902438 12.835372 15.263376 10.273406 44.284575
1743735030.205516 0.009534 3.979179 11.586486 15.889298 9.426838 40.891335
1743735030.305826 0.010033 4.570284 14.458684 17.172543 9.673943 45.885487
1743735030.411466 0.010754 3.776920 12.583308 15.200292 9.143671 40.714945
1743735030.513786 0.011112 3.753003 11.908011 17.618724 9.424095 42.714945
1743735030.617676 0.011742 3.748511 12.664775 17.635412 9.503157 43.563597
1743735030.720696 0.010658 3.798384 13.049287 17.659194 9.384300 43.901823
1743735030.823566 0.010968 3.664411 13.500214 17.078080 9.321197 43.574870
1743735030.927066 0.010668 3.774600 12.763332 18.468042 9.344437 44.361079
1743735031.030896 0.011388 3.444115 12.591108 17.355692 8.941307 42.343610
1743735031.134026 0.011703 3.824791 12.296560 17.370954 8.010763 41.514771
1743735031.237566 0.010703 3.823463 12.301183 17.358946 9.651445 43.145740
1743735031.341356 0.010157 3.527931 13.970318 18.193342 9.004183 44.705931
1743735031.444606 0.011099 3.340358 13.161705 19.037152 8.696185 44.246499
1743735031.547966 0.010549 3.910873 12.378627 17.555780 9.669042 43.524871
1743735031.651446 0.009535 3.873185 12.052479 19.458835 7.390173 42.784207
1743735031.755796 0.009859 3.861518 12.150735 17.459513 9.307912 42.789537
1743735031.858326 0.011843 3.647079 12.045490 18.448355 9.612709 43.765476
1743735031.961916 0.011228 3.750003 11.938994 18.691535 9.562717 43.954477
1743735032.067286 0.010895 3.652766 11.799938 18.609947 9.182449 43.255995
1743735032.169816 0.011332 3.781366 12.190153 19.319386 9.570341 44.872578
1743735032.271686 0.011645 3.621972 12.096392 18.178706 9.349419 43.258134
1743735032.378006 0.011379 3.771626 12.486084 20.058646 9.576180 45.903915
1743735032.478516 0.011719 3.410067 12.501113 18.496802 9.088410 43.508111
1743735032.584046 0.012517 3.731073 12.164542 20.304641 9.939189 46.151962
1743735032.686716 0.011643 3.603219 12.376504 21.452971 9.446707 46.891044
1743735032.789886 0.011929 3.642481 12.711272 19.170252 9.469124 45.005058
1743735032.892126 0.010775 3.548026 12.752654 17.916056 9.132643 43.360154
1743735032.995636 0.012180 3.801386 13.374818 20.694676 9.882293 47.765353
1743735033.099006 0.011184 3.649706 12.947848 20.859333 9.432719 46.900790
1743735033.202506 0.011382 3.796600 13.774450 21.155107 10.146015 48.883554
1743735033.305886 0.009741 5.923509 15.332097 21.882108 8.075409 51.222864
1743735033.409406 0.010083 3.391255 13.137286 18.676395 7.713692 42.928711
1743735033.513156 0.010233 3.914048 13.440464 19.008305 9.699535 46.072585
1743735033.616206 0.011250 3.587401 13.292049 16.993610 9.361499 43.245809
1743735033.719676 0.011425 3.636273 13.400508 17.184029 9.656057 43.888292
1743735033.823246 0.011885 3.706579 12.919789 19.878865 9.685644 46.202762
1743735033.926686 0.010781 3.407350 12.830619 17.903040 8.996017 43.147807
1743735034.030326 0.012561 3.723790 12.947226 16.815068 9.550013 43.048658
1743735034.133756 0.011190 3.709388 13.663513 17.190577 9.575804 44.150472
1743735034.238386 0.011421 3.508686 13.964406 17.283175 9.381533 44.149221
1743735034.341336 0.011084 3.665328 13.536211 17.364546 9.549152 44.126321
1743735034.444366 0.011162 3.629444 13.529746 18.443780 9.562996 45.177128
1743735034.548256 0.010408 3.444068 13.869200 18.030330 9.049418 44.403424
1743735034.651926 0.012889 3.709826 13.335849 18.754330 9.704367 45.517261
1743735034.757226 0.015038 3.819504 13.710993 18.005122 9.533873 45.084530
1743735034.858296 0.012393 3.424194 13.972763 19.395856 9.417767 46.222973
1743735034.961936 0.010894 3.676291 13.472257 18.178659 9.530569 44.868670
1743735035.066926 0.010893 3.622294 13.368414 19.846542 9.430190 46.278333
1743735035.168826 0.012893 3.560273 13.316647 17.340707 6.452080 40.682600
1743735035.275816 0.011204 3.713629 12.809448 19.032055 9.648049 45.214385
1743735035.376136 0.011337 3.615797 12.903214 17.758676 9.570089 43.859113
1743735035.479026 0.011504 3.476414 13.187333 20.443799 9.480393 46.599443
1743735035.582466 0.011290 3.615995 12.763060 19.691403 9.596967 45.678715
1743735035.685916 0.010891 3.594930 12.857972 17.566877 9.268882 43.299552
1743735035.789296 0.011071 3.699575 12.593342 18.316384 9.621972 44.242344
1743735035.892806 0.010423 3.591506 13.091069 19.379115 9.265030 45.337143
1743735035.996216 0.010335 3.674642 13.185476 19.969423 9.535772 46.375648
1743735036.099686 0.010701 5.244957 13.729429 18.210255 9.832510 47.027852
1743735036.203076 0.010818 3.487395 13.325006 19.070300 9.542785 45.436304
1743735036.306466 0.010942 3.512522 13.857969 18.972183 9.414873 45.768489
1743735036.410016 0.010526 3.641103 13.767247 20.233003 9.333049 46.984928
1743735036.513346 0.010402 3.532306 14.249890 22.442174 9.352087 49.586859
1743735036.616876 0.011022 3.514689 13.816816 19.671648 9.343908 46.358083
1743735036.720246 0.006844 3.626032 14.109532 22.239859 5.712834 45.695101
1743735036.823946 0.010965 3.652659 14.170611 21.570510 9.519230 48.923975
1743735036.928246 0.011316 3.515961 14.667371 20.669396 9.036160 47.900204
1743735037.031506 0.010734 3.640226 14.770080 19.577273 9.475414 47.473727
1743735037.133756 0.011744 3.495641 14.764698 22.259979 9.447129 49.979191
1743735037.238226 0.010491 5.395887 16.120583 20.555143 10.524336 52.606440
1743735037.340666 0.010509 3.569854 14.499156 20.304773 9.613125 47.997417
1743735037.443906 0.011397 3.549243 14.942920 20.883040 9.461089 48.847689
1743735037.547296 0.010150 3.404299 15.073053 20.462462 9.036120 47.986084
1743735037.650666 0.010892 3.701170 14.501261 19.569411 9.660606 47.443340
1743735037.754076 0.009800 3.278061 14.121368 20.292254 7.228123 44.929606
1743735037.857566 0.011395 3.624712 14.097848 21.123228 9.408657 48.265840
1743735037.960966 0.010854 3.579453 14.024711 18.266851 9.337562 45.219431
1743735038.064316 0.009785 4.518310 14.606258 21.952815 10.066796 51.153964
1743735038.167706 0.017514 3.641045 14.287475 20.244872 9.528817 47.719723
1743735038.271136 0.011247 3.299819 14.054995 17.885970 8.379496 43.631527
1743735038.374466 0.010011 5.159859 18.082629 18.612006 10.854021 52.718526
1743735038.477886 0.010992 3.872459 15.255501 18.528037 10.220148 47.887137
1743735038.581406 0.009623 3.589335 14.922435 19.444504 9.424414 47.390311
1743735038.684796 0.012429 3.555115 15.292116 19.461812 9.831461 48.152933
1743735038.788176 0.011820 3.500899 14.940613 19.770169 9.642499 47.866000
1743735038.891536 0.011941 3.575506 14.628230 20.042028 9.516468 47.774173
1743735038.994766 0.011688 3.614664 14.029457 19.556523 9.581424 46.793756
1743735039.098136 0.010474 3.778917 15.539300 20.384718 9.717964 49.431373
1743735039.201746 0.011185 4.014550 13.712629 17.152900 9.052510 43.943774
1743735039.305056 0.011101 3.408021 14.226041 19.176212 9.274874 46.096249
1743735039.408526 0.011854 3.563673 14.794238 19.616003 9.479027 47.464795
1743735039.514586 0.010939 3.625582 14.820862 18.980217 9.630919 47.068519
1743735039.615546 0.012505 3.454655 14.918071 18.838883 9.402696 46.626810
1743735039.720546 0.011265 3.440481 14.592617 17.832033 9.221716 45.098112
1743735039.824406 0.011650 3.705067 13.908038 19.302176 9.388474 46.315405
1743735039.927266 0.010614 3.607350 13.124982 18.683100 9.447886 44.873932
1743735040.030456 0.010503 3.463000 13.569688 18.205106 9.076490 44.324787
1743735040.133046 0.010571 3.601804 13.648922 19.469796 9.515465 46.246558
1743735040.238546 0.010903 3.571710 13.201258 20.255272 9.389216 46.428359
1743735040.340106 0.010843 3.548015 14.500481 20.138080 9.250140 47.447559
1743735040.443096 0.010518 3.494620 13.033881 19.470999 9.035178 45.045196
1743735040.546606 0.011171 3.688952 13.396471 20.108715 9.145549 46.350858
1743735040.650046 0.011858 3.459401 13.019771 19.381858 9.314401 45.187289
1743735040.753536 0.011538 3.653133 12.783657 19.345119 9.560126 45.353573
1743735040.856886 0.012074 3.556585 12.743739 18.534722 9.491895 44.339015
1743735040.960276 0.010486 3.626871 13.292780 20.908592 9.431074 47.269803
1743735041.065346 0.011539 3.492315 13.182608 19.733987 9.277938 45.698387
1743735041.167046 0.011250 3.502153 13.223765 20.428081 9.314574 46.479823
1743735041.270406 0.011719 3.663549 13.474924 21.121774 10.033794 48.305760
1743735041.373786 0.009931 3.171134 16.025541 19.400048 7.547074 46.153728
1743735041.477296 0.009929 3.738359 13.936425 20.193482 9.493981 47.372176
1743735041.580696 0.011401 3.625561 12.916941 19.347213 9.491175 45.392291
1743735041.684046 0.011998 3.619209 13.273754 18.933448 9.654237 45.492646
1743735041.787556 0.006712 3.366999 13.047806 17.416707 5.592520 39.430744
1743735041.891066 0.012006 3.818832 13.231940 18.841034 9.670555 45.574367
1743735041.996486 0.010738 3.621684 13.282321 18.001998 9.433824 44.350565
1743735042.097956 0.011011 3.585039 13.212499 19.297042 9.432913 45.538504
1743735042.201456 0.011913 3.463169 12.985549 20.233170 9.208060 45.901861
1743735042.304976 0.011157 3.650952 12.906330 17.434176 9.392574 43.395189
1743735042.409306 0.015913 3.586159 12.622754 17.226960 9.321563 42.773349
1743735042.515446 0.012627 3.748825 12.681919 18.317251 9.690690 44.451312
1743735042.616916 0.011793 3.452696 13.089192 18.775133 8.965104 44.293918
1743735042.719596 0.011231 3.681566 12.864120 16.278354 9.605709 42.440980
1743735042.824566 0.012366 3.757398 12.782384 19.471197 9.460687 45.484032
1743735042.927826 0.007247 4.179948 12.925510 16.134339 6.491838 39.738882
1743735043.030356 0.011647 5.697378 12.712982 16.612277 10.005806 45.040090
1743735043.133886 0.011479 3.757201 12.397739 19.276360 10.176166 45.618945
1743735043.236276 0.011875 3.989988 12.561312 16.755911 10.254198 43.573284
1743735043.339826 0.010346 3.780804 13.871014 16.035608 9.692907 43.390679
1743735043.443606 0.010225 3.557979 14.478282 17.184817 9.133068 44.364371
1743735043.548396 0.010450 3.731480 14.337360 15.229120 9.321568 42.629978
1743735043.650276 0.010217 3.677747 14.023885 19.937767 9.167798 46.817414
1743735043.756006 0.011738 3.670911 13.644907 16.399631 9.173464 42.900651
1743735043.857146 0.011325 3.460508 12.770269 16.520695 9.064771 41.827568
1743735043.960516 0.011384 3.979256 12.891120 18.678982 8.701150 44.261892
1743735044.065316 0.009627 3.779004 12.819682 16.401170 9.566390 42.575873
1743735044.168436 0.010275 3.601185 12.602714 17.508863 9.149557 42.872594
1743735044.270806 0.009967 3.723166 12.746141 16.204636 9.453544 42.137454
1743735044.374236 0.012040 3.726010 12.594145 15.864253 9.343022 41.539470
1743735044.477696 0.011227 3.714866 12.519942 15.764517 9.285827 41.296379
1743735044.581476 0.010365 3.773948 12.409610 20.094197 9.234873 45.522993
1743735044.684536 0.010079 3.619296 12.927765 17.593721 8.982333 43.133194
1743735044.788366 0.011050 3.801542 12.771735 15.932192 9.116242 41.632761
1743735044.891596 0.011085 3.647354 13.227046 16.227422 9.038712 42.151619
1743735044.995946 0.011007 5.578821 16.842342 16.115354 9.777596 48.325120
1743735045.098416 0.012127 3.691113 13.116679 18.474471 8.970052 44.264442
1743735045.201786 0.011325 3.742027 13.137959 17.495588 8.909788 43.296687
1743735045.305306 0.016262 6.411951 16.171964 13.817140 10.522423 46.939740
1743735045.408806 0.012832 3.567353 12.535201 15.013390 9.529994 40.658770
1743735045.512816 0.011465 3.857217 12.629310 16.381500 9.430077 42.309569
1743735045.618426 0.011506 3.856859 12.819715 15.969199 9.286402 41.943681
1743735045.719886 0.011008 3.678355 13.421874 15.115119 9.369831 41.596187
1743735045.822746 0.011851 3.421396 13.076281 15.592573 8.948159 41.050260
1743735045.928576 0.011792 3.891567 13.395419 16.818022 9.427991 43.544791
1743735046.030506 0.010513 3.683014 13.424514 15.833602 9.487464 42.439107
1743735046.133206 0.010970 3.489120 14.033076 15.845740 9.123100 42.502006
1743735046.236486 0.011209 3.761390 13.716790 15.268557 9.611273 42.369219
1743735046.339996 0.010708 3.593580 13.639888 14.217807 9.130713 40.592696
1743735046.443396 0.015192 3.782298 13.291146 15.826815 9.281760 42.197211
1743735046.546876 0.010111 7.176572 14.826123 16.216134 11.464676 49.693616
1743735046.650256 0.010749 3.605221 14.995173 17.330726 9.594379 45.536248
1743735046.753756 0.010642 3.533440 14.936092 16.588191 9.172637 44.241002
1743735046.859726 0.006370 3.521368 13.854660 16.706073 5.596912 39.685383
1743735046.961916 0.010221 3.748714 14.083349 18.871678 9.377440 46.091402
1743735047.064016 0.011489 3.706447 14.167647 15.947620 9.333419 43.166622
1743735047.167416 0.010837 3.661279 14.580579 16.159534 9.362440 43.774669
1743735047.270786 0.006466 4.477730 17.366211 19.964655 10.374781 52.189843
1743735047.374176 0.006390 3.313832 13.834429 17.675588 5.864813 40.695052
1743735047.477686 0.010945 3.885066 14.267913 18.641642 10.027318 46.832884
1743735047.581076 0.010270 3.674251 14.219278 19.779127 9.208267 46.891193
1743735047.684456 0.010182 3.593998 15.161144 17.354959 9.269406 45.389689
1743735047.788406 0.011491 3.726471 15.063794 18.990756 9.626939 47.419451
1743735047.894086 0.011278 3.607252 15.310287 17.910818 9.337638 46.177273
1743735047.994736 0.012115 3.827184 14.853530 18.082368 9.660380 46.435577
1743735048.098416 0.019153 3.542139 14.318174 18.656521 9.241226 45.777213
1743735048.201596 0.011868 3.762748 13.818450 18.230004 9.366217 45.189287
1743735048.305116 0.012559 3.534031 13.300771 18.345878 9.482513 44.675752
1743735048.408506 0.011951 3.762669 13.774853 17.095537 9.669187 44.314197
1743735048.511866 0.010940 3.597631 14.467536 18.220069 9.573535 45.869711
1743735048.615386 0.011350 3.326249 13.999244 17.003617 5.986973 40.327433
1743735048.718786 0.011761 3.723046 14.220311 16.444188 9.649482 44.048788
1743735048.822266 0.010749 3.635666 13.131650 17.329843 9.643441 43.751349
1743735048.926106 0.010836 3.792289 13.360598 15.528199 9.659749 42.351671
1743735049.029836 0.011013 5.975070 14.925651 16.966278 10.711159 48.589171
1743735049.132526 0.010761 4.555133 17.530748 19.379019 10.479763 51.955424
1743735049.236036 0.011131 3.536581 14.333619 18.069331 9.287725 45.238387
1743735049.339546 0.010136 3.595841 14.031257 16.380317 9.560501 43.578052
1743735049.443046 0.011480 3.680432 14.176430 16.240262 9.598594 43.707198
1743735049.546436 0.012278 3.903237 14.478514 17.148678 9.886899 45.429606
1743735049.650056 0.010922 3.537983 14.973806 18.601269 9.337807 46.461787
1743735049.753636 0.011128 3.704947 14.684593 17.771109 9.628027 45.799804
1743735049.856956 0.011621 3.812876 15.153052 18.229980 9.869721 47.077250
1743735049.960586 0.013544 3.534485 14.926912 19.527098 9.648450 47.650489
1743735050.064096 0.010989 3.623855 15.331947 19.354779 9.427385 47.748955
1743735050.167596 0.011381 3.740967 15.629113 20.578148 9.657676 49.617285
1743735050.271146 0.010974 3.386938 15.885412 19.484210 9.014169 47.781703
1743735050.374616 0.010173 6.023413 18.807671 18.908858 9.374243 53.124358
1743735050.478016 0.010460 3.913767 17.544523 20.821684 10.033513 52.323947
1743735050.581706 0.010876 3.403525 16.795624 21.073733 9.180569 50.464327
1743735050.685006 0.011530 3.610365 17.510028 21.411319 9.635663 52.178905
1743735050.788516 0.012866 3.337747 17.391154 20.731712 9.363337 50.836816
1743735050.892016 0.011220 3.640628 17.376102 22.062694 9.554441 52.645085
1743735050.995396 0.011837 3.297302 16.768437 20.322198 8.930317 49.330091
1743735051.098906 0.012247 3.616931 17.116082 24.869165 10.200690 55.815115
1743735051.204256 0.011427 3.459768 17.075304 21.783737 9.380262 51.710498
1743735051.305796 0.013134 3.857263 16.925624 21.698012 8.929063 51.423096
1743735051.409776 0.012206 3.385306 16.267209 24.281434 9.604421 53.550576
1743735051.513876 0.012409 3.415041 15.875528 23.493969 9.831555 52.628502
1743735051.617796 0.012703 3.432516 17.237584 24.320198 9.525902 54.528903
1743735051.719576 0.011725 3.377638 17.510322 21.489795 9.172174 51.561654
1743735051.823076 0.012482 3.571849 17.245511 24.327566 9.926731 55.084139
1743735051.926476 0.011954 3.526799 18.440187 23.695660 9.425009 55.099609
1743735052.030536 0.012767 3.820388 22.201687 23.361944 9.808689 59.205475
1743735052.136476 0.007096 3.935992 18.993069 23.836751 6.792861 53.565769
1743735052.238826 0.012281 3.638788 18.628596 25.142364 10.320482 57.742511
1743735052.340486 0.012254 3.354640 17.901264 22.111229 8.442012 51.821399
1743735052.446406 0.012451 3.555681 18.034034 23.522153 9.594241 54.718560
1743735052.547006 0.008674 3.274173 18.192194 22.550814 7.545212 51.571067
1743735052.650386 0.008002 3.899634 18.385438 24.117028 7.035684 53.445786
1743735052.753896 0.009472 3.355663 17.201755 21.694535 7.096777 49.358202
1743735052.857276 0.010583 3.295773 16.571733 19.784266 8.832591 48.494946
1743735052.960656 0.006139 4.509817 17.023074 23.017807 6.230621 50.787458
1743735053.064036 0.010584 3.973919 17.784932 21.447753 7.779494 50.996682
1743735053.167546 0.009469 4.011500 18.546789 24.983365 8.666846 56.217969
1743735053.271316 0.007444 4.110170 21.553241 24.550010 6.748468 56.969333
1743735053.374306 0.011443 3.821318 18.819789 26.009268 10.123161 58.784979
1743735053.477686 0.009783 4.794790 18.447857 23.701764 7.400429 54.354623
1743735053.581076 0.011163 3.205153 19.224230 26.860425 8.471937 57.772908
1743735053.684446 0.011587 3.409942 20.512780 28.662887 8.735205 61.332401
1743735053.787866 0.012716 3.265595 18.678782 26.372422 8.941620 57.271135
1743735053.891106 0.012302 3.228701 18.105189 26.445844 9.013778 56.805814
1743735053.994476 0.011144 3.366807 18.151009 26.689851 9.190268 57.409079
1743735054.098426 0.012761 3.510473 20.137114 28.073665 9.514512 61.248525
1743735054.201326 0.010178 3.887597 20.329550 30.169847 10.001802 64.398974
1743735054.304626 0.012567 3.277204 19.393665 27.957671 8.076436 58.717543
1743735054.408876 0.010145 3.741627 19.766296 29.245657 9.699914 62.463639
1743735054.514056 0.012645 3.660238 19.967135 34.456838 10.054065 68.150921
1743735054.615996 0.010619 3.428890 20.582091 30.367735 7.983756 62.373091
1743735054.719016 0.012002 3.225688 19.235243 30.185283 8.643333 61.301549
1743735054.825146 0.011971 3.197072 19.724367 31.120741 8.378077 62.432228
1743735054.925356 0.011655 3.228159 20.077726 33.053284 7.781375 64.152199
1743735055.030506 0.012845 3.217998 20.583668 33.241779 8.344104 65.400394
1743735055.132376 0.010284 3.246829 19.989187 35.005042 7.288882 65.540224
1743735055.235806 0.011505 3.272288 20.350866 34.096856 7.864440 65.595955
1743735055.339436 0.010405 3.458803 21.724593 34.043053 8.409210 67.646064
1743735055.442866 0.011319 3.185327 20.455980 36.773744 7.631827 68.058197
1743735055.546676 0.011090 3.201776 20.597912 36.860235 7.644286 68.315299
1743735055.650476 0.010724 3.199199 20.779840 35.874893 7.879768 67.744424
1743735055.753296 0.011438 3.250426 19.925178 36.193315 7.644455 67.024812
1743735055.856776 0.012232 3.264682 19.768834 35.135476 8.343914 66.525138
1743735055.960856 0.011687 3.272022 21.004520 36.221620 7.846308 68.356157
1743735056.063616 0.006566 4.588073 19.884654 36.514530 6.576300 67.570123
1743735056.167176 0.012247 3.744450 21.200466 38.159302 9.146825 72.263290
1743735056.270606 0.009414 3.314241 18.800569 35.927160 6.725205 64.776589
1743735056.374066 0.011708 3.286613 18.203579 37.347265 8.195886 67.045051
1743735056.477396 0.010634 3.314015 17.944290 35.280688 7.184872 63.734499
1743735056.580896 0.012190 3.391222 19.502909 37.075416 8.549375 68.531112
1743735056.684266 0.009597 3.372762 18.578457 36.196426 7.011314 65.168556
1743735056.787656 0.012054 3.415136 18.786235 35.576086 8.044845 65.834356
1743735056.891156 0.010950 3.816887 20.005557 40.960987 10.045872 74.840253
1743735056.994556 0.011193 3.581733 19.751117 39.887813 8.235727 71.467583
1743735057.097916 0.011306 3.382585 19.419867 37.114799 7.586207 67.514764
1743735057.201456 0.011951 3.360589 18.789924 37.461517 8.110255 67.734236
1743735057.304816 0.010374 3.354944 19.266781 38.648348 7.068686 68.349133
1743735057.408186 0.010917 3.347475 18.613553 41.067419 7.421536 70.460900
1743735057.511696 0.010424 3.342729 18.887961 39.630627 6.278779 68.150520
1743735057.615096 0.011000 3.359231 19.315213 38.293430 7.440594 68.419468
1743735057.718666 0.007929 3.526690 20.432142 41.997600 6.782221 72.746582
1743735057.821966 0.010364 3.320817 19.398337 40.343235 6.872766 69.945519
1743735057.925486 0.009237 3.461946 19.605472 37.827702 7.141804 68.046161
1743735058.028916 0.009024 3.444673 19.140294 40.359872 7.021344 69.975207
1743735058.132236 0.012354 4.391053 19.381769 44.495429 10.653697 78.934302
1743735058.235756 0.006426 3.342430 18.207520 39.068618 5.919696 66.544690
1743735058.339176 0.010219 3.447949 18.329175 41.593776 8.369495 71.750614
1743735058.442636 0.008967 3.429386 17.621818 44.571953 6.606070 72.238194
1743735058.546016 0.010611 3.463702 19.662621 39.666548 7.139897 69.943379
1743735058.649516 0.011495 4.169972 18.613110 42.549591 9.987340 75.331508
1743735058.752906 0.008245 3.444595 17.763620 41.403323 6.366144 68.985927
1743735058.856346 0.010873 4.332241 19.150524 49.406725 9.800242 82.700605
1743735058.959666 0.006029 3.529584 17.133508 39.587709 6.006959 66.263789
1743735059.063046 0.010206 3.582248 17.580255 38.127171 9.152356 68.452236
1743735059.166496 0.010954 3.439188 18.328189 39.973746 7.595013 69.347090
1743735059.269816 0.008867 3.402114 16.847462 38.630363 6.717767 65.606573
1743735059.373196 0.012772 3.657719 17.310821 37.081275 8.235132 66.297719
1743735059.476586 0.011262 3.380047 17.104613 39.881057 8.473620 68.850599
1743735059.579836 0.009582 3.359069 16.930837 37.965245 6.873089 65.137822
1743735059.683096 0.011679 4.037936 16.567941 37.725874 10.479272 68.822702
1743735059.786476 0.010328 5.082729 21.952192 44.880239 10.979569 82.905057
1743735059.889866 0.006672 4.567587 18.264675 41.006054 8.486489 72.331477
1743735059.993126 0.009870 3.246943 18.248098 36.642037 7.363863 65.510811
1743735060.096496 0.016590 3.320808 17.096637 39.064870 7.218548 66.717453
1743735060.200336 0.006256 5.581972 26.800403 46.331074 7.903055 86.622760
1743735060.305926 0.006615 3.290448 17.491236 37.731250 5.888933 64.408482
1743735060.406746 0.011254 3.324963 16.835620 36.462434 8.554320 65.188591
1743735060.510296 0.011399 3.243087 16.939955 35.009682 7.956525 63.160648
1743735060.613296 0.012486 3.246830 17.156592 38.862066 8.405474 67.683448
1743735060.717256 0.010780 3.194368 16.672981 35.552777 7.395116 62.826022
1743735060.820046 0.011321 3.146644 16.406623 35.900608 7.555003 63.020199
1743735060.923046 0.011723 3.136604 16.237610 37.045719 8.140565 64.572221
1743735061.026436 0.011848 3.141517 15.719118 35.646734 8.158223 62.677440
1743735061.129836 0.011068 3.329537 16.176080 39.761389 6.981118 66.259192
1743735061.233056 0.011977 3.533579 17.043541 39.441265 9.343694 69.374056
1743735061.337396 0.005797 3.101373 16.400509 37.666841 5.721827 62.896347
1743735061.440286 0.006222 3.312373 15.791429 32.885511 5.933656 57.929191
1743735061.544716 0.011383 3.143182 14.250496 33.052076 8.607397 59.064534
1743735061.647146 0.010242 3.857994 14.073626 33.747748 9.947647 61.637257
1743735061.749916 0.011190 3.217582 13.995813 32.821650 8.798624 58.844859
1743735061.853296 0.011225 3.081457 13.945016 32.666545 8.312524 58.016767
1743735061.956716 0.013189 3.231379 14.203391 30.978468 9.013104 57.439531
1743735062.059986 0.007223 3.219915 13.778144 31.431089 5.621369 54.057740
1743735062.163376 0.011039 3.136337 13.188009 30.176068 8.275351 54.786804
1743735062.267326 0.011636 4.960312 15.569325 28.757257 11.076657 60.375187
1743735062.370636 0.011620 3.979426 13.138027 29.706086 10.654678 57.489837
1743735062.476016 0.011008 3.414563 13.993490 32.145588 9.151166 58.715815
1743735062.577116 0.010772 3.341550 14.371398 29.537910 9.171240 56.432870
1743735062.680476 0.010575 3.514934 13.261524 27.841634 9.459657 54.088324
1743735062.783846 0.010849 3.729140 14.762611 31.614579 9.456891 59.574070
1743735062.887256 0.011120 4.259285 13.093294 26.382282 10.055375 53.801356
1743735062.990626 0.010770 4.316101 16.278569 30.000443 9.960552 60.566435
1743735063.094106 0.012236 3.140412 12.778995 26.333607 8.700135 50.965385
1743735063.197446 0.012426 3.536185 13.199106 27.929836 10.740612 55.418165
1743735063.300846 0.011488 3.693752 14.172656 28.061102 10.214052 56.153050
1743735063.404256 0.012884 3.893143 13.821445 26.852263 11.434081 56.013816
1743735063.508356 0.010903 4.009990 13.635863 24.953227 10.497623 53.107606
1743735063.611176 0.011395 3.259901 13.726986 26.976877 8.744174 52.719333
1743735063.714646 0.012951 6.934565 15.794225 28.222700 12.271930 63.236371
1743735063.818016 0.009268 3.442775 15.443197 28.019199 7.090991 54.005430
1743735063.921516 0.012056 4.122512 15.131379 26.963283 10.604248 56.833478
1743735064.024956 0.010488 3.518710 15.395970 28.844720 9.258794 57.028682
1743735064.128406 0.011375 6.147383 18.082916 28.657728 11.048137 63.947539
1743735064.231836 0.010737 3.703843 15.593269 29.879562 9.808781 58.996192
1743735064.335266 0.011259 3.491117 17.107513 30.186445 8.144749 58.941083
1743735064.438826 0.010685 4.074016 19.886993 29.212298 9.277199 62.461191
1743735064.542216 0.011422 3.789821 16.282804 29.656007 10.227015 59.967069
1743735064.645786 0.012184 3.708548 15.939816 28.609824 10.212582 58.482954
1743735064.749226 0.012284 3.734852 16.656900 29.718623 10.287314 60.409973
1743735064.852736 0.011160 3.339616 16.409348 26.849559 7.346543 53.956226
1743735064.956106 0.011385 3.878033 16.701588 27.380491 10.549426 58.520923
1743735065.059656 0.011976 3.467939 16.892991 29.718197 9.280712 59.371815
1743735065.163146 0.011890 3.422185 17.204826 30.964878 8.992114 60.595893
1743735065.266456 0.012045 4.037144 17.745077 28.175765 10.394686 60.364717
1743735065.369996 0.013031 3.536075 16.402722 28.671957 9.456101 58.079886
1743735065.473406 0.012274 3.725851 16.941553 32.182941 9.565942 62.428561
1743735065.576916 0.011159 4.773586 17.169029 33.551228 11.113987 66.618989
1743735065.680356 0.010851 3.443170 17.143591 28.168999 8.082991 56.849602
1743735065.783746 0.011044 3.617729 16.761335 28.977772 9.003667 58.371547
1743735065.887236 0.012265 3.605696 16.565727 29.727548 9.394108 59.305344
1743735065.990676 0.011161 3.608674 17.319959 28.543430 9.128491 58.611715
1743735066.094096 0.011075 3.783632 16.838444 28.740562 9.429987 58.803700
1743735066.197456 0.012371 3.659446 16.853655 31.281282 9.221810 61.028564
1743735066.300766 0.012077 3.548596 16.112827 28.210619 8.391571 56.275690
1743735066.404336 0.011137 3.561748 16.330509 27.048740 7.969021 54.921155
1743735066.507706 0.012395 3.639070 16.019512 28.467137 8.470683 56.608797
1743735066.611226 0.012406 4.344408 17.050787 29.362597 10.224550 60.994748
1743735066.714456 0.011050 4.426567 17.473251 27.757747 10.277174 59.945789
1743735066.817876 0.011248 3.774108 17.079526 29.711754 8.972863 59.549499
1743735066.921176 0.011398 3.681779 17.721515 30.425044 8.779086 60.618822
1743735067.024666 0.011851 3.747490 18.307103 29.954514 8.475240 60.496198
1743735067.128006 0.009496 3.791544 18.021841 30.933798 6.794238 59.550917
1743735067.231386 0.011081 3.822498 18.214047 30.046511 8.692694 60.786831
1743735067.334766 0.011418 3.859851 18.663528 30.920405 8.807295 62.262497
1743735067.438136 0.012460 4.321178 19.575815 28.825906 8.790588 61.525947
1743735067.541376 0.011511 3.720435 18.882037 31.875317 8.771892 63.261192
1743735067.644766 0.011621 3.800418 19.805805 30.424543 8.796397 62.838784
1743735067.748066 0.011580 3.717521 19.042573 31.473651 8.840417 63.085742
1743735067.851396 0.010965 3.772846 20.125453 29.620755 8.541299 62.071318
1743735067.954676 0.011631 3.780176 20.310849 28.911689 8.816381 61.830726
1743735068.058076 0.012116 3.726590 19.111012 28.953966 9.199195 61.002879
1743735068.161346 0.016125 3.671719 19.531800 31.878738 8.063367 63.161749
1743735068.264606 0.011827 3.677228 20.063409 29.281379 7.771346 60.805189
1743735068.367916 0.016895 3.649666 19.046900 26.773912 8.086075 57.573448
1743735068.471226 0.011280 3.655049 18.498140 28.981776 8.227405 59.373650
1743735068.574496 0.011284 3.664411 18.809405 27.391612 8.325834 58.202546
1743735068.677806 0.012127 3.797093 18.693081 29.500752 9.104985 61.108038
1743735068.781076 0.010618 3.648776 19.006057 27.124085 8.173166 57.962702
1743735068.884326 0.010315 4.566657 20.780145 25.918044 10.383504 61.658665
1743735068.987616 0.010406 4.051732 19.676202 27.564233 9.698988 61.001561
1743735069.090956 0.009927 4.153960 18.529031 25.110955 9.760035 57.563908
1743735069.194216 0.010673 3.767621 18.662347 26.655400 9.288752 58.384793
1743735069.297546 0.011323 3.608786 18.973464 24.479295 8.160491 55.233359
1743735069.400786 0.010461 4.099840 19.007140 29.397239 9.761501 62.276181
1743735069.504156 0.012794 3.652097 18.326033 24.125084 8.422138 54.538146
1743735069.607376 0.011948 3.664202 18.448483 25.084690 8.701145 55.910468
1743735069.710826 0.012836 3.735501 18.927884 25.816853 9.494889 57.987963
1743735069.814126 0.010219 3.958914 19.395894 27.215627 9.869386 60.450040
1743735069.917396 0.011546 4.274011 19.172790 25.614558 10.593111 59.666016
1743735070.020826 0.011965 3.546906 18.683434 25.904289 7.813936 55.960530
1743735070.124176 0.011439 3.765006 18.882617 27.445619 9.382151 59.486832
1743735070.227576 0.011342 3.645051 18.629778 27.975963 8.961664 59.223798
1743735070.330876 0.011583 3.671386 18.458541 28.060103 9.225503 59.427116
1743735070.434256 0.011730 3.686162 19.084384 28.573413 9.043917 60.399606
1743735070.537496 0.011446 3.605179 18.843723 27.000533 8.791676 58.252557
1743735070.640886 0.012141 3.567195 19.173412 25.006924 9.111310 56.870982
1743735070.744076 0.012246 3.630093 18.317229 23.995517 9.236268 55.191353
1743735070.847396 0.013289 3.749849 18.361722 25.723558 9.957005 57.805423
1743735070.950756 0.012521 3.785381 17.503788 25.934093 10.129643 57.365426
1743735071.054046 0.012482 3.541706 17.204755 25.478214 9.056803 55.293960
1743735071.157296 0.011334 3.623168 18.754345 25.639883 9.252577 57.281307
1743735071.260476 0.012675 3.509563 16.585797 24.478411 9.137068 53.723514
1743735071.363746 0.011575 3.492179 16.722354 25.732049 8.477559 54.435716
1743735071.467006 0.011747 3.850335 17.379011 23.992562 9.239729 54.473384
1743735071.570396 0.012840 3.642642 16.506457 22.961868 9.498831 52.622638
1743735071.673636 0.012549 3.532514 16.393658 23.294654 9.145862 52.379237
1743735071.777026 0.011533 3.648370 16.623793 24.404533 9.349131 54.037360
1743735071.880346 0.011613 3.618845 16.958299 24.174530 9.004441 53.767728
1743735071.983656 0.011683 3.643693 16.288560 25.115973 9.449928 54.509837
1743735072.086916 0.016747 3.623783 16.646242 23.823608 9.195287 53.305667
1743735072.190166 0.012366 3.624822 16.955091 24.072313 8.682890 53.347482
1743735072.293546 0.013211 3.594425 16.917890 26.733089 9.810522 57.069137
1743735072.396856 0.012762 3.612205 16.370119 27.558724 9.469996 57.023806
1743735072.500146 0.006567 3.609388 16.497587 23.248881 5.930419 49.292842
1743735072.603486 0.006895 3.421175 16.034512 25.742932 5.756901 50.962415
1743735072.706746 0.006273 3.465974 17.800189 24.692798 5.778613 51.743847
1743735072.810006 0.007505 3.891527 18.032623 26.394298 6.207943 54.533896
1743735072.913256 0.006847 3.696283 19.870449 30.329228 6.017753 59.920560
1743735073.016656 0.012071 3.901417 16.263548 28.343942 11.249517 59.770495
1743735073.119906 0.011500 3.541332 16.203833 24.772521 8.668623 53.197809
1743735073.223146 0.012250 3.760615 17.200053 25.789728 9.371685 56.134331
1743735073.326506 0.011042 3.457741 17.192308 27.539826 8.618185 56.819102
1743735073.429916 0.012044 3.678031 17.184629 25.152123 9.500804 55.527631
1743735073.533146 0.012447 4.013264 17.558132 25.429382 10.487449 57.500674
1743735073.636496 0.010489 3.867874 17.503490 24.239348 9.819776 55.440977
1743735073.739876 0.011012 3.427157 18.668059 24.949309 8.480204 55.535741
1743735073.843256 0.011228 6.512554 30.129274 32.562251 12.808840 82.024147
1743735073.946636 0.006908 3.452551 17.636847 27.235775 5.976052 54.308133
1743735074.049916 0.011113 3.827617 17.580312 25.291655 9.627745 56.338442
1743735074.153276 0.011520 3.637182 18.933298 28.899550 9.199810 60.681360
1743735074.256526 0.011288 3.478781 18.018078 27.828310 8.774396 58.110853
1743735074.359916 0.013258 3.614381 18.580424 28.807542 9.161344 60.176949
1743735074.463176 0.013277 3.670516 18.106136 29.398859 9.696245 60.885033
1743735074.566556 0.011532 3.493152 17.717023 28.535570 8.260881 58.018158
1743735074.669806 0.010895 3.577132 18.343293 29.877956 9.205226 61.014502
1743735074.773166 0.011903 3.562565 19.039747 30.485146 9.046333 62.145694
1743735074.876336 0.012686 3.605207 19.490137 30.052028 8.710480 61.870538
1743735074.979586 0.013978 3.648057 19.274877 33.760571 9.140807 65.838290
1743735075.082836 0.012732 3.533147 20.039121 30.375084 8.246265 62.206349
1743735075.186126 0.012185 3.581238 19.210098 31.271824 8.569784 62.645129
1743735075.289396 0.012141 3.565460 18.701696 31.179626 8.801955 62.260878
1743735075.392776 0.012523 3.691603 20.573696 35.210654 9.249785 68.738261
1743735075.496066 0.008759 4.939262 21.402661 35.987501 9.014734 71.352917
1743735075.599426 0.008365 3.579966 19.713751 35.062394 6.628369 64.992845
1743735075.702766 0.011645 3.669012 21.103825 36.798983 9.115545 70.699010
1743735075.805996 0.010053 3.531255 19.818100 34.265688 7.208030 64.833126
1743735075.909366 0.011157 3.545909 19.644486 35.221237 8.652029 67.074818
1743735076.012536 0.011051 3.617976 20.776211 36.549208 7.615014 68.569460
1743735076.115836 0.010725 3.567947 20.210067 34.237621 7.826268 65.852628
1743735076.219196 0.011831 3.612838 20.621921 36.682512 8.738113 69.667215
1743735076.322496 0.009678 3.599551 21.255933 38.410263 7.274154 70.549579
1743735076.425676 0.010787 3.535246 21.760529 35.248630 7.351436 67.906628
1743735076.529126 0.011286 3.539352 21.871894 35.669870 8.232389 69.324791
1743735076.632376 0.010708 3.466448 20.367896 37.400673 7.678532 68.924257
1743735076.735686 0.010714 3.506553 20.779197 37.668430 7.831058 69.795952
1743735076.838896 0.011086 3.486089 23.630587 36.024615 7.571245 70.723622
1743735076.942256 0.009632 3.498308 22.035593 36.878161 7.621055 70.042749
1743735077.045466 0.008904 3.457749 21.258566 35.347322 6.832788 66.905329
1743735077.148856 0.012275 3.429219 22.014253 36.574458 7.954812 69.985017
1743735077.252116 0.010571 3.543926 22.527607 37.965056 7.365903 71.413063
1743735077.357426 0.011572 3.467925 20.921541 33.262293 7.725338 65.388669
1743735077.458756 0.011953 3.457025 21.629462 36.933654 8.328816 70.360910
1743735077.565776 0.012000 3.557793 21.301162 33.816185 9.327728 68.014868
1743735077.665246 0.010931 3.436365 21.331638 33.082701 6.661837 64.523472
1743735077.768526 0.011836 3.532034 21.378379 35.793219 9.089609 69.805077
1743735077.871896 0.011893 3.340045 21.032310 37.436628 7.710968 69.531844
1743735077.976086 0.011208 3.378375 19.936205 31.249954 7.388023 61.963765
1743735078.078416 0.010521 3.433939 21.026575 35.478227 9.045633 68.994895
1743735078.181706 0.009676 4.296361 21.359576 34.273982 9.905831 69.845426
1743735078.285076 0.007699 4.176194 22.096529 36.774196 8.562258 71.616876
1743735078.388326 0.011608 3.544676 21.668316 32.986923 9.168749 67.380272
1743735078.491736 0.010896 5.274119 24.688283 34.741660 11.368319 76.083277
1743735078.594946 0.006523 3.260699 19.501308 31.992914 5.865713 60.627157
1743735078.698266 0.012733 3.473715 21.118323 33.476122 9.517250 67.598143
1743735078.801456 0.011306 3.274435 19.443981 31.504979 7.608961 61.843662
1743735078.904886 0.011367 3.387776 20.532713 35.001262 8.977881 67.910999
1743735079.008606 0.011823 3.231973 20.787886 34.737472 7.747454 66.516608
1743735079.111416 0.006575 3.228434 20.544474 36.084952 7.789597 67.654032
1743735079.214726 0.012987 3.321168 19.899647 34.778715 8.236399 66.248916
1743735079.318016 0.008887 3.263993 21.389362 36.602253 6.909840 68.174335
1743735079.421466 0.011598 3.307275 20.619751 34.218764 8.167376 66.324764
1743735079.524636 0.011209 3.342337 21.399645 36.320591 8.294102 69.367884
1743735079.628406 0.010605 3.177151 20.898052 35.746035 7.418120 67.249963
1743735079.731336 0.011363 3.330616 20.400671 36.189934 8.018449 67.951033
1743735079.834736 0.010752 3.583876 21.439033 36.393696 9.553382 70.980739
1743735079.937966 0.009798 3.811820 25.243803 36.889446 7.481018 73.435885
1743735080.041356 0.009526 3.179671 20.096063 36.372767 6.999882 66.657909
1743735080.144676 0.011952 3.214294 21.165535 35.045495 8.197963 67.635239
1743735080.248126 0.011648 3.175220 21.551865 35.686638 7.529254 67.954625
1743735080.351236 0.010297 3.221102 21.918752 36.780465 7.094033 69.024649
1743735080.454586 0.010438 3.155462 22.852535 37.067239 7.474119 70.559793
1743735080.558206 0.011787 3.166426 22.814818 35.509045 7.360029 68.862105
1743735080.661716 0.012161 3.205513 21.316982 34.409211 7.902722 66.846589
1743735080.764666 0.010910 3.152079 21.424065 35.312341 7.434591 67.333986
1743735080.867866 0.014878 3.179573 21.686072 33.453339 7.622198 65.956060
1743735080.971716 0.011947 3.180339 21.733646 34.173888 8.141801 67.241621
1743735081.075286 0.012454 3.169526 21.822341 34.334114 7.964113 67.302548
1743735081.178006 0.011196 3.154501 22.558665 34.240760 7.527717 67.492839
1743735081.283326 0.012333 3.156726 22.121854 36.160176 8.220765 69.671854
1743735081.384646 0.009703 3.153300 21.683698 33.268353 6.705677 64.820731
1743735081.488006 0.011540 3.144171 21.611033 36.795316 8.347265 69.909325
1743735081.591746 0.009508 3.127237 22.380545 35.028157 6.755451 67.300898
1743735081.695676 0.011847 3.133068 23.134752 33.474459 7.994799 67.748925
1743735081.800096 0.011459 3.173597 22.245340 35.131163 8.106722 68.668281
1743735081.903016 0.010418 3.081833 21.854194 34.948705 7.260404 67.155554
1743735082.004936 0.011286 3.119321 22.649944 31.574966 7.508691 64.864208
1743735082.109086 0.011418 3.191686 21.544678 37.789508 8.525294 71.062584
1743735082.213456 0.010799 3.154243 22.755698 35.711374 7.469777 69.101891
1743735082.315866 0.009648 3.226878 24.043475 36.339420 7.527862 71.147283
1743735082.418176 0.011377 3.168875 25.986301 37.348283 11.315391 77.830227
1743735082.521716 0.008694 4.027438 21.740433 34.642820 10.224114 70.643499
1743735082.625666 0.010408 3.182463 21.379786 33.407229 8.833613 66.813499
1743735082.728426 0.009402 3.079491 21.384834 34.020470 6.954600 65.448797
1743735082.831586 0.012744 7.580874 27.775755 40.297234 9.363930 85.030537
1743735082.938126 0.006196 3.265400 24.016373 33.954523 5.959385 67.201877
1743735083.038436 0.010723 3.033006 21.578148 33.945345 7.386595 65.953817
1743735083.141736 0.009775 3.042637 22.285444 34.004309 7.140130 66.482295
1743735083.247796 0.012893 3.137998 21.347616 32.124941 8.758606 65.382054
1743735083.348826 0.008979 3.070256 21.627395 33.445051 6.462525 64.614206
1743735083.455226 0.013306 3.231392 21.701521 32.371194 9.043244 66.360657
1743735083.555136 0.009232 3.129989 22.755754 34.757153 7.151757 67.803885
1743735083.658526 0.010079 3.071024 21.025487 31.178889 7.123520 62.408999
1743735083.761906 0.012835 3.131989 20.769349 32.036507 8.810801 64.761481
1743735083.865286 0.012983 3.116175 21.583248 32.623146 8.532036 65.867588
1743735083.968636 0.011720 4.432551 21.651517 33.163383 10.817347 70.076518
1743735084.071916 0.006879 3.061590 21.481935 38.012470 5.787502 68.350376
1743735084.175956 0.011701 3.260651 21.553709 31.707966 9.236207 65.770234
1743735084.278806 0.011947 3.832061 22.418430 36.994549 9.098918 72.355905
1743735084.382186 0.011170 3.366634 21.766734 30.715848 8.332986 64.193372
1743735084.486516 0.010895 3.548946 22.099131 35.256689 9.604423 70.520084
1743735084.589016 0.009432 3.081729 22.953750 31.677864 6.725792 64.448567
1743735084.692346 0.011777 3.046100 21.844919 34.048739 7.863960 66.815495
1743735084.795726 0.010795 3.041115 20.521618 31.464373 7.660693 62.698594
1743735084.899096 0.013090 3.185587 23.729830 31.323153 7.581282 65.832942
1743735085.004446 0.010768 3.052046 21.553834 34.688290 7.909546 67.214484
1743735085.106046 0.011329 4.472245 23.105615 34.371720 11.135276 73.096185
1743735085.209376 0.008220 3.029879 23.800333 31.969533 6.752593 65.560558
1743735085.312816 0.011922 3.024533 20.733825 34.825513 8.379884 66.975677
1743735085.416206 0.011520 3.011552 21.206595 33.977321 8.014032 66.221020
1743735085.519606 0.011876 3.013447 21.114665 34.441685 7.730614 66.312287
1743735085.622996 0.012292 3.396717 21.245269 34.231718 10.191174 69.077170
1743735085.726516 0.009009 2.989681 20.908044 31.109244 6.507564 61.523542
1743735085.829816 0.011660 3.087296 22.592449 31.724362 8.570302 65.986069
1743735085.933226 0.012419 2.960250 22.342615 30.432763 7.923022 63.671069
1743735086.036596 0.011974 3.021418 22.159551 29.592849 7.910468 62.696260
1743735086.139986 0.006542 3.625941 21.543049 32.321951 6.540535 64.038018
1743735086.243256 0.012148 3.130460 20.748962 33.050885 8.863072 65.805527
1743735086.346616 0.011061 2.993644 20.789041 30.679074 8.211005 62.683825
1743735086.449976 0.012005 3.690692 20.497903 31.077681 10.105087 65.383368
1743735086.553396 0.012929 3.052473 20.368518 30.610683 8.424556 62.469159
1743735086.656696 0.012056 3.042182 22.898273 31.501683 8.544555 65.998749
1743735086.759976 0.012011 2.986277 21.111657 32.004880 7.608015 63.722840
1743735086.863236 0.012366 3.039612 20.073114 29.213124 8.270041 60.608257
1743735086.966646 0.012202 3.118696 20.613831 30.677637 8.915412 63.337778
1743735087.069886 0.011996 3.049063 22.830724 29.013632 8.221580 63.126995
1743735087.173226 0.012850 3.109908 20.640977 28.385189 8.518282 60.667206
1743735087.276316 0.010972 5.943342 24.901996 31.679619 11.172383 73.708312
1743735087.380436 0.009438 3.185251 22.318455 30.748667 7.144062 63.405873
1743735087.482636 0.012369 3.052880 23.077558 28.304727 8.413266 62.860800
1743735087.586036 0.010971 3.037927 24.109106 29.728875 7.804022 64.690901
1743735087.689096 0.016730 3.020586 20.646251 30.579630 7.093353 61.356550
1743735087.792616 0.011489 3.244119 21.913818 28.982631 8.274715 62.426772
1743735087.895486 0.013189 3.057296 21.116566 29.070124 8.532139 61.789314
1743735087.998656 0.013130 3.102976 21.666250 28.911277 8.321301 62.014934
1743735088.101836 0.011059 3.667818 22.115465 30.261396 10.075646 66.131384
1743735088.205106 0.011716 3.077495 23.274560 30.673163 8.151563 65.188497
1743735088.308246 0.012602 3.753398 22.225663 29.417094 10.357734 65.766491
1743735088.411636 0.010745 3.803065 22.047919 29.948513 10.435475 66.245717
1743735088.515006 0.012225 3.729260 23.438480 33.398863 10.197850 70.776678
1743735088.618646 0.009268 3.140142 21.955468 30.016636 6.878491 62.000005
1743735088.722276 0.011224 3.481722 25.308474 31.036218 9.214540 69.052178
1743735088.825906 0.010168 3.132644 22.453706 29.819671 7.364008 62.780197
1743735088.929506 0.010992 3.206228 23.536734 30.043961 8.328169 65.126084
1743735089.033146 0.009716 3.332877 25.583127 35.799449 9.680592 74.405761
1743735089.136746 0.011771 3.731731 24.031940 29.753967 10.595650 68.125059
1743735089.240496 0.011136 3.891525 24.427749 33.901097 10.480204 72.711711
1743735089.344066 0.011635 3.574961 24.580043 29.349738 9.988583 67.504960
1743735089.447636 0.008633 3.164115 23.034371 29.621763 6.510709 62.339591
1743735089.551346 0.012910 3.201119 23.427992 30.004043 8.360144 65.006208
1743735089.654666 0.010981 3.187789 22.935043 29.866408 7.475059 63.475280
1743735089.758046 0.011355 3.165340 23.355526 29.058858 7.285100 62.876179
1743735089.861426 0.011314 3.274074 25.029417 29.030467 7.686476 65.031748
1743735089.967936 0.012252 3.198244 23.543251 29.690818 7.984466 64.429031
1743735090.068656 0.012035 5.427111 26.945615 28.687201 11.451179 72.523141
1743735090.176006 0.013705 4.730036 24.168631 29.553302 11.786535 70.252209
1743735090.275716 0.007361 3.162589 28.937643 31.827725 6.157446 70.092764
1743735090.378226 0.006673 3.468985 24.481457 28.937508 6.261681 63.156304
1743735090.485606 0.011821 3.486889 23.202782 31.462407 9.581782 67.745681
1743735090.587376 0.007384 3.247916 24.266289 30.334386 6.923427 64.779402
1743735090.687386 0.012253 3.271602 23.391596 30.379860 8.607403 65.662714
1743735090.793826 0.012226 3.530378 24.588204 29.656089 9.830069 67.616966
1743735090.898546 0.010457 3.200737 24.171302 28.615355 7.297854 63.295705
1743735090.997876 0.011363 3.297913 23.770261 27.948149 8.262374 63.290060
1743735091.099666 0.011781 3.446130 25.402764 29.050010 9.248952 67.159637
1743735091.204426 0.009419 3.329298 23.745931 28.652696 7.395749 63.133093
1743735091.307406 0.012513 3.620529 23.180054 28.569498 10.573574 65.956168
1743735091.409246 0.006144 3.260747 23.821023 28.429107 5.956263 61.473284
1743735091.512156 0.011388 3.941992 22.525342 27.580399 10.461420 64.520541
1743735091.617146 0.011691 3.987305 24.299943 31.592115 10.905353 70.796407
1743735091.718676 0.011369 3.653413 23.074794 30.312090 10.268868 67.320534
1743735091.825356 0.010191 3.416500 24.034727 28.374281 9.098674 64.934373
1743735091.925386 0.012208 3.256780 27.126225 27.854483 7.811128 66.060824
1743735092.028576 0.011667 3.308136 24.474774 28.310237 8.131320 64.236134
1743735092.131816 0.009007 3.376698 25.194686 29.513480 7.032103 65.125974
1743735092.235186 0.013406 3.302672 24.942122 28.279454 8.237886 64.775540
1743735092.338596 0.012710 3.277877 23.550890 27.342264 8.200109 62.383850
1743735092.441836 0.006808 3.289916 23.879423 28.783740 5.860424 61.820311
1743735092.545346 0.012787 3.345902 23.374790 27.840312 9.175080 63.748871
1743735092.648726 0.011359 3.271992 24.483386 26.553552 8.033823 62.354112
1743735092.753936 0.011213 3.652851 25.294665 27.536949 9.601745 66.097423
1743735092.855506 0.010688 3.362696 23.874103 27.868520 7.539666 62.655673
1743735092.960696 0.012750 3.350816 23.409875 27.010378 8.995362 62.779181
1743735093.062236 0.014562 3.514941 24.337779 27.785899 8.102162 63.755343
1743735093.165756 0.012042 3.275019 24.182499 27.011026 8.393829 62.874415
1743735093.269136 0.012117 3.307621 25.092411 26.671184 7.980087 63.063420
1743735093.372556 0.012329 3.626606 24.296332 27.125386 10.534781 65.595434
1743735093.477986 0.007312 3.434722 24.355962 26.483425 6.152911 60.434332
1743735093.579896 0.011565 3.502060 24.177156 26.786430 9.595710 64.072921
