1743735010.853716 0.000000 0.000000 0.000000 0.000000 0.000000 0.000000 1.000000
1743735010.957107 0.318682 -0.012497 0.008300 0.000227 -0.002150 -0.000641 0.999997
1743735011.060822 1.083791 -0.016882 0.014392 0.001372 -0.002621 -0.000559 0.999995
1743735011.163977 2.146944 -0.017670 0.022296 0.001535 -0.001081 -0.000663 0.999998
1743735011.267337 3.152047 -0.015449 0.022493 0.002809 0.001251 -0.000277 0.999995
1743735011.371645 4.095421 -0.012360 0.033157 0.003975 0.001666 0.000366 0.999991
1743735011.474105 5.017352 -0.007036 0.043853 0.004734 0.000247 0.000810 0.999988
1743735011.577935 5.984065 -0.003107 0.054890 0.004862 -0.001128 0.001267 0.999987
1743735011.680927 6.934821 0.007674 0.066435 0.004906 -0.001568 0.001797 0.999985
1743735011.784273 7.841396 0.003365 0.075658 0.006205 -0.000763 0.002073 0.999978
1743735011.887786 8.748492 0.015231 0.085903 0.006938 0.000673 0.002484 0.999973
1743735011.991154 9.653650 0.031322 0.095722 0.007014 0.001439 0.002923 0.999970
1743735012.097974 10.573243 0.039000 0.103588 0.007546 0.001852 0.003271 0.999964
1743735012.197945 11.497696 0.051246 0.111262 0.008237 0.001966 0.003675 0.999957
1743735012.301284 12.435877 0.061640 0.118960 0.008988 0.001301 0.004024 0.999951
1743735012.404799 13.326170 0.077735 0.123337 0.009042 0.000120 0.004635 0.999948
1743735012.508237 14.234754 0.089797 0.133319 0.009516 -0.000501 0.005368 0.999940
1743735012.611559 15.125344 0.112808 0.142597 0.009666 -0.000810 0.006144 0.999934
1743735012.715069 15.985683 0.129556 0.155154 0.009846 -0.001210 0.006991 0.999926
1743735012.818440 16.911151 0.145350 0.161862 0.009804 -0.001278 0.007829 0.999920
1743735012.921952 17.792774 0.159838 0.176569 0.010490 -0.000851 0.008563 0.999908
1743735013.025336 18.693250 0.179842 0.187132 0.011037 -0.000339 0.009176 0.999897
1743735013.128847 19.568616 0.195375 0.195611 0.011405 0.000011 0.009899 0.999886
1743735013.232342 20.433684 0.216596 0.216591 0.011410 -0.000019 0.010663 0.999878
1743735013.335726 21.322170 0.245029 0.228930 0.011282 -0.000178 0.011415 0.999871
1743735013.439230 22.188941 0.258914 0.243709 0.011323 -0.000031 0.012069 0.999863
1743735013.542739 23.053265 0.288620 0.252054 0.011022 0.001009 0.012414 0.999862
1743735013.647410 23.900444 0.318165 0.259687 0.012159 0.002352 0.012900 0.999840
1743735013.749855 24.736909 0.337236 0.267389 0.011976 0.003103 0.013103 0.999838
1743735013.853272 25.591663 0.372713 0.270369 0.011964 0.002713 0.013476 0.999834
1743735013.957261 26.383659 0.392779 0.275824 0.011586 0.001362 0.013928 0.999835
1743735014.060289 27.181037 0.427735 0.280085 0.011520 0.000526 0.014189 0.999833
1743735014.163794 27.992589 0.453594 0.285180 0.011609 0.000445 0.014684 0.999825
1743735014.267679 28.782084 0.474660 0.301945 0.011426 0.000192 0.015289 0.999818
1743735014.370792 29.548134 0.505778 0.314387 0.010907 -0.000223 0.016200 0.999809
1743735014.474437 30.325530 0.538125 0.324034 0.011099 -0.000302 0.017225 0.999790
1743735014.578390 31.053902 0.577074 0.332003 0.011068 0.000209 0.018234 0.999772
1743735014.681441 31.804260 0.599399 0.343312 0.011060 0.001332 0.019271 0.999752
1743735014.784957 32.566875 0.642471 0.360039 0.010195 0.002222 0.020253 0.999740
1743735014.888587 33.280771 0.682662 0.368787 0.009913 0.002392 0.021185 0.999724
1743735014.995867 33.998492 0.718521 0.378662 0.008603 0.002049 0.022057 0.999718
1743735015.097153 34.695869 0.755034 0.391974 0.007341 0.001605 0.023029 0.999707
1743735015.199682 35.385777 0.793631 0.399240 0.006635 0.002164 0.023734 0.999694
1743735015.302899 36.094199 0.822510 0.407229 0.006106 0.003005 0.024350 0.999680
1743735015.406235 36.763287 0.867276 0.414725 0.004548 0.003262 0.024364 0.999687
1743735015.509951 37.419818 0.909278 0.424348 0.003090 0.002349 0.023796 0.999709
1743735015.614531 38.073240 0.945345 0.425119 0.002258 0.000700 0.022861 0.999736
1743735015.717504 38.721121 0.980092 0.438228 0.001837 -0.000075 0.021779 0.999761
1743735015.820540 39.365627 1.013582 0.443972 0.001308 0.000262 0.020309 0.999793
1743735015.926973 40.008202 1.046628 0.448650 -0.000674 0.001519 0.018490 0.999828
1743735016.027984 40.601388 1.081605 0.447782 -0.002751 0.003166 0.016744 0.999851
1743735016.131214 41.196205 1.104565 0.457994 -0.005119 0.003818 0.014594 0.999873
1743735016.234858 41.786235 1.133173 0.463205 -0.007207 0.004101 0.011893 0.999895
1743735016.338360 42.344733 1.153779 0.464432 -0.008954 0.005003 0.009014 0.999907
1743735016.441811 42.904417 1.166213 0.470224 -0.011565 0.005772 0.005655 0.999900
1743735016.545335 43.440340 1.172584 0.476494 -0.013340 0.005807 0.001892 0.999892
1743735016.648939 43.946180 1.177059 0.481178 -0.014847 0.005888 -0.001700 0.999871
1743735016.752452 44.429494 1.179435 0.482631 -0.016976 0.005753 -0.005556 0.999824
1743735016.856089 44.907340 1.181877 0.482496 -0.019281 0.004703 -0.009465 0.999758
1743735016.959586 45.333025 1.171692 0.492783 -0.020126 0.003412 -0.013519 0.999700
1743735017.063222 45.759603 1.164000 0.488299 -0.020541 0.003316 -0.017598 0.999629
1743735017.166737 46.160025 1.143216 0.495861 -0.019991 0.004070 -0.021480 0.999561
1743735017.270232 46.542271 1.130645 0.497260 -0.020787 0.004650 -0.025491 0.999448
1743735017.377753 46.901867 1.115836 0.500752 -0.022211 0.004965 -0.029924 0.999293
1743735017.477438 47.210819 1.101981 0.502877 -0.024607 0.004970 -0.034248 0.999098
1743735017.581010 47.521005 1.082961 0.505936 -0.026671 0.005333 -0.038726 0.998880
1743735017.684525 47.818145 1.058791 0.510420 -0.026364 0.005724 -0.043450 0.998691
1743735017.788145 48.080474 1.033082 0.515245 -0.025662 0.005097 -0.048722 0.998470
1743735017.891783 48.335997 0.995977 0.519768 -0.025011 0.003310 -0.054713 0.998183
1743735017.995417 48.605119 0.963951 0.522805 -0.025283 0.001628 -0.061449 0.997789
1743735018.099046 48.863342 0.912315 0.522617 -0.026092 0.000856 -0.069090 0.997269
1743735018.207016 49.126351 0.870195 0.524916 -0.026757 0.000567 -0.077420 0.996639
1743735018.306308 49.361157 0.816414 0.529164 -0.027030 0.000396 -0.085891 0.995938
1743735018.410296 49.614624 0.768557 0.532678 -0.026618 0.000237 -0.095124 0.995109
1743735018.517073 49.867573 0.692016 0.538291 -0.025995 0.000374 -0.104823 0.994151
1743735018.617072 50.084857 0.632908 0.542864 -0.026000 0.000291 -0.115146 0.993008
1743735018.720704 50.330160 0.557465 0.543390 -0.026895 -0.000179 -0.125848 0.991685
1743735018.824337 50.582871 0.466333 0.548655 -0.027496 -0.000591 -0.137467 0.990124
1743735018.927966 50.815117 0.387350 0.555868 -0.028057 -0.000432 -0.150088 0.988274
1743735019.031678 51.058667 0.309831 0.560545 -0.029318 -0.000092 -0.163469 0.986113
1743735019.137637 51.317736 0.196160 0.566521 -0.030421 0.000212 -0.177697 0.983615
1743735019.239677 51.547097 0.105144 0.570900 -0.030771 0.000379 -0.192709 0.980773
1743735019.342495 51.782450 -0.017500 0.583127 -0.029738 0.000048 -0.208793 0.977508
1743735019.447162 52.043367 -0.175920 0.590258 -0.028047 -0.000924 -0.226127 0.973693
1743735019.549745 52.242253 -0.305500 0.598545 -0.027145 -0.002330 -0.244606 0.969240
1743735019.653378 52.488039 -0.487367 0.603846 -0.027563 -0.003895 -0.263734 0.964194
1743735019.757627 52.714402 -0.643232 0.610041 -0.028140 -0.005103 -0.283782 0.958462
1743735019.861743 52.938584 -0.820809 0.618476 -0.029221 -0.005657 -0.304442 0.952066
1743735019.964296 53.212965 -1.058407 0.632255 -0.031191 -0.005545 -0.325943 0.944859
1743735020.067913 53.425127 -1.245293 0.635486 -0.033465 -0.005130 -0.347978 0.936891
1743735020.171548 53.661822 -1.499154 0.649873 -0.034164 -0.004998 -0.370818 0.928064
1743735020.275172 53.927742 -1.810248 0.669220 -0.032958 -0.004726 -0.394713 0.918201
1743735020.378828 54.126738 -2.077020 0.685082 -0.032192 -0.004582 -0.418794 0.907499
1743735020.483801 54.379730 -2.418878 0.694554 -0.031845 -0.004600 -0.443254 0.895818
1743735020.586100 54.570247 -2.737375 0.716097 -0.031321 -0.005128 -0.468417 0.882937
1743735020.689725 54.781682 -3.120831 0.733808 -0.030519 -0.005261 -0.493372 0.869267
1743735020.793401 54.981463 -3.547837 0.754089 -0.029944 -0.004301 -0.517489 0.855155
1743735020.897616 55.136778 -3.940028 0.776647 -0.029743 -0.002442 -0.540896 0.840560
1743735021.000486 55.296307 -4.371413 0.783420 -0.031013 -0.000407 -0.563503 0.825532
1743735021.104076 55.465566 -4.844523 0.785026 -0.031376 -0.000738 -0.585160 0.810310
1743735021.207386 55.568555 -5.293776 0.825046 -0.027764 -0.002859 -0.605219 0.795570
1743735021.310886 55.633271 -5.793266 0.842440 -0.022142 -0.005408 -0.623359 0.781603
1743735021.416706 55.705431 -6.343143 0.881062 -0.019022 -0.007689 -0.640307 0.767845
1743735021.518246 55.758386 -6.850986 0.872701 -0.018871 -0.009501 -0.655136 0.755215
1743735021.620766 55.799990 -7.383541 0.910038 -0.016687 -0.011884 -0.667803 0.744056
1743735021.723936 55.834406 -7.947676 0.937834 -0.013629 -0.013897 -0.678787 0.734077
1743735021.827136 55.837352 -8.505794 0.955483 -0.011181 -0.015124 -0.688121 0.725352
1743735021.930916 55.856679 -9.059056 0.977178 -0.009072 -0.016435 -0.695449 0.718330
1743735022.033906 55.866286 -9.651480 1.002581 -0.008920 -0.017326 -0.701307 0.712593
1743735022.137866 55.864841 -10.244382 1.021826 -0.008686 -0.017568 -0.706050 0.707890
1743735022.239616 55.853956 -10.835640 1.031796 -0.008895 -0.017982 -0.710181 0.703734
1743735022.342696 55.831246 -11.460360 1.067751 -0.008319 -0.020317 -0.713478 0.700333
1743735022.446266 55.816757 -12.094923 1.105136 -0.007555 -0.022134 -0.715906 0.697805
1743735022.548986 55.797761 -12.715311 1.123931 -0.007268 -0.022093 -0.717512 0.696158
1743735022.653206 55.784255 -13.362363 1.154186 -0.007164 -0.020255 -0.718770 0.694916
1743735022.755426 55.760198 -14.037552 1.170828 -0.005399 -0.017367 -0.719599 0.694152
1743735022.858536 55.726284 -14.724959 1.195588 -0.002964 -0.015586 -0.719996 0.693797
1743735022.961716 55.699210 -15.408698 1.213557 -0.001092 -0.015841 -0.720098 0.693691
1743735023.064906 55.671155 -16.113557 1.246048 -0.000361 -0.017820 -0.720062 0.693681
1743735023.168216 55.639366 -16.810919 1.265821 -0.002757 -0.020659 -0.719769 0.693901
1743735023.271366 55.624160 -17.503019 1.304327 -0.005788 -0.022899 -0.719107 0.694498
1743735023.374766 55.603701 -18.225917 1.324089 -0.006102 -0.023740 -0.718388 0.695211
1743735023.478266 55.578317 -18.983429 1.350466 -0.004353 -0.022443 -0.717531 0.696151
1743735023.581146 55.561850 -19.734212 1.376918 -0.002032 -0.020495 -0.716590 0.697190
1743735023.684446 55.549673 -20.490385 1.402113 -0.002047 -0.019231 -0.715568 0.698275
1743735023.787846 55.522468 -21.198130 1.446410 -0.001496 -0.023265 -0.714550 0.699195
1743735023.891426 55.509669 -21.922958 1.484151 -0.002480 -0.026003 -0.713442 0.700227
1743735023.995366 55.507157 -22.657636 1.507587 -0.004993 -0.024318 -0.712591 0.701141
1743735024.097926 55.521542 -23.394663 1.531561 -0.005787 -0.021489 -0.711379 0.702456
1743735024.201746 55.505309 -24.146759 1.562040 -0.002499 -0.021922 -0.709676 0.704183
1743735024.306486 55.493994 -24.888395 1.603129 -0.001072 -0.024076 -0.708405 0.705395
1743735024.408596 55.498958 -25.606087 1.647144 -0.002652 -0.025505 -0.707454 0.706294
1743735024.511676 55.515694 -26.357354 1.668577 -0.004608 -0.024650 -0.706278 0.707491
1743735024.614986 55.524628 -27.108757 1.709609 -0.004796 -0.023729 -0.704948 0.708845
1743735024.718386 55.521981 -27.847151 1.738705 -0.002446 -0.024631 -0.703627 0.710138
1743735024.821886 55.521778 -28.594984 1.779389 -0.000654 -0.026313 -0.702313 0.711381
1743735024.925356 55.530041 -29.315286 1.816805 -0.000019 -0.027769 -0.701174 0.712449
1743735025.028766 55.548365 -30.052244 1.850233 0.000184 -0.027944 -0.700186 0.713413
1743735025.132316 55.564417 -30.796051 1.879278 0.000950 -0.027996 -0.698983 0.714589
1743735025.235836 55.586315 -31.540681 1.915531 0.002528 -0.028815 -0.697613 0.715891
1743735025.339216 55.602071 -32.305575 1.947893 0.001673 -0.028382 -0.696507 0.716986
1743735025.442686 55.653473 -33.052012 1.983093 0.000052 -0.027657 -0.695417 0.718074
1743735025.546166 55.671779 -33.811806 2.021698 0.000460 -0.028532 -0.694500 0.718926
1743735025.649686 55.711813 -34.560215 2.054090 -0.000008 -0.027694 -0.693450 0.719972
1743735025.753206 55.749574 -35.346271 2.089892 -0.000787 -0.027188 -0.692624 0.720786
1743735025.856586 55.781100 -36.059147 2.121913 -0.001491 -0.026666 -0.691565 0.721820
1743735025.960116 55.818807 -36.805968 2.157896 -0.003032 -0.026398 -0.690374 0.722964
1743735026.063586 55.857560 -37.575843 2.201332 -0.004388 -0.027569 -0.689241 0.723994
1743735026.167076 55.899835 -38.335030 2.238101 -0.005173 -0.028399 -0.688008 0.725129
1743735026.270466 55.954694 -39.105712 2.281657 -0.007901 -0.027081 -0.686957 0.726150
1743735026.373936 56.016867 -39.895157 2.312181 -0.009393 -0.025451 -0.685858 0.727229
1743735026.477636 56.071832 -40.701449 2.366323 -0.008521 -0.026430 -0.684606 0.728384
1743735026.580916 56.133680 -41.499521 2.414696 -0.008829 -0.027070 -0.683259 0.729621
1743735026.684336 56.195332 -42.303674 2.459935 -0.010842 -0.025713 -0.681776 0.731029
1743735026.787966 56.255563 -43.059780 2.488784 -0.010754 -0.025005 -0.680256 0.732469
1743735026.893126 56.316083 -43.863877 2.549106 -0.009487 -0.025450 -0.678499 0.734099
1743735026.994626 56.385000 -44.658011 2.584715 -0.012586 -0.025335 -0.676676 0.735738
1743735027.098016 56.476332 -45.450201 2.647093 -0.016179 -0.027468 -0.674487 0.737598
1743735027.201996 56.562258 -46.239224 2.693309 -0.018220 -0.029238 -0.671640 0.740076
1743735027.307166 56.663196 -47.050119 2.753827 -0.020897 -0.028591 -0.668935 0.742477
1743735027.408166 56.758785 -47.878249 2.808443 -0.021238 -0.027330 -0.666132 0.745031
1743735027.511736 56.854515 -48.695634 2.874376 -0.020610 -0.026492 -0.663300 0.747601
1743735027.615116 56.964112 -49.494899 2.933244 -0.019545 -0.025502 -0.660606 0.750044
1743735027.718426 57.090341 -50.321870 2.995087 -0.018017 -0.022687 -0.657718 0.752707
1743735027.821796 57.217816 -51.145918 3.039296 -0.016453 -0.019455 -0.654858 0.755322
1743735027.927146 57.345368 -51.959763 3.095746 -0.014933 -0.018434 -0.652044 0.757810
1743735028.029296 57.474517 -52.755383 3.143574 -0.015718 -0.019239 -0.649353 0.760081
1743735028.133196 57.605007 -53.529208 3.198047 -0.017946 -0.021552 -0.647108 0.761882
1743735028.237056 57.743887 -54.312561 3.248216 -0.019687 -0.023170 -0.645170 0.763434
1743735028.339156 57.887615 -55.090612 3.305589 -0.020730 -0.023647 -0.643103 0.765133
1743735028.442586 58.034300 -55.857820 3.356051 -0.021553 -0.023057 -0.641026 0.766870
1743735028.547596 58.170767 -56.609120 3.422902 -0.019547 -0.023019 -0.639212 0.768438
1743735028.649496 58.333128 -57.376722 3.464299 -0.017220 -0.021296 -0.637494 0.769968
1743735028.753076 58.475876 -58.133687 3.521721 -0.015026 -0.018115 -0.636056 0.771284
1743735028.856806 58.631596 -58.861720 3.551759 -0.014880 -0.015768 -0.634659 0.772488
1743735028.960056 58.786643 -59.597844 3.605837 -0.015244 -0.015355 -0.633374 0.773543
1743735029.063506 58.951869 -60.336867 3.645953 -0.016530 -0.015358 -0.632535 0.774203
1743735029.167086 59.115584 -61.056494 3.695245 -0.019178 -0.015449 -0.631846 0.774703
1743735029.270906 59.269231 -61.753163 3.732648 -0.021236 -0.016686 -0.631034 0.775285
1743735029.374186 59.408596 -62.410906 3.780163 -0.023698 -0.018103 -0.630302 0.775777
1743735029.477686 59.549231 -63.070401 3.831469 -0.024005 -0.019249 -0.629590 0.776318
1743735029.581206 59.704187 -63.737057 3.864864 -0.024506 -0.018453 -0.629100 0.776719
1743735029.684666 59.844677 -64.388828 3.915387 -0.023229 -0.017556 -0.628845 0.776986
1743735029.788396 59.996455 -65.046108 3.952396 -0.022368 -0.016528 -0.628703 0.777148
1743735029.891746 60.139413 -65.682838 3.998194 -0.022019 -0.016304 -0.628773 0.777106
1743735029.995226 60.265322 -66.337101 4.044159 -0.021701 -0.015949 -0.629191 0.776784
1743735030.099216 60.401282 -66.944034 4.082600 -0.022188 -0.015676 -0.629906 0.776196
1743735030.205516 60.533324 -67.568476 4.122025 -0.023512 -0.016479 -0.630757 0.775449
1743735030.305826 60.650917 -68.161935 4.171080 -0.024518 -0.018247 -0.631597 0.774694
1743735030.411466 60.776699 -68.757455 4.213633 -0.024053 -0.019473 -0.632460 0.773974
1743735030.513786 60.898038 -69.352583 4.251517 -0.023770 -0.018830 -0.633213 0.773383
1743735030.617676 61.017334 -69.942141 4.291278 -0.023240 -0.017359 -0.634224 0.772605
1743735030.720696 61.134277 -70.511826 4.331108 -0.021689 -0.016007 -0.635020 0.772026
1743735030.823566 61.229155 -71.064377 4.375072 -0.020185 -0.016774 -0.635890 0.771333
1743735030.927066 61.341932 -71.628946 4.409053 -0.019738 -0.018697 -0.636791 0.770557
1743735031.030896 61.444566 -72.179826 4.447836 -0.018987 -0.021050 -0.637658 0.769797
1743735031.134026 61.555258 -72.750306 4.478434 -0.019844 -0.021762 -0.638276 0.769244
1743735031.237566 61.668483 -73.288233 4.520369 -0.020770 -0.022175 -0.638967 0.768634
1743735031.341356 61.774037 -73.847760 4.550230 -0.019894 -0.022481 -0.639277 0.768390
1743735031.444606 61.859632 -74.374884 4.589346 -0.017357 -0.023949 -0.639218 0.768457
1743735031.547966 61.970267 -74.932129 4.621102 -0.015037 -0.025453 -0.638561 0.769003
1743735031.651446 62.058293 -75.482051 4.661101 -0.013862 -0.026153 -0.637731 0.769690
1743735031.755796 62.171908 -76.025620 4.696256 -0.014380 -0.025514 -0.636514 0.770709
1743735031.858326 62.294560 -76.581691 4.734080 -0.015163 -0.025063 -0.634401 0.772449
1743735031.961916 62.404819 -77.146136 4.769200 -0.014242 -0.025522 -0.631841 0.774547
1743735032.067286 62.535321 -77.716473 4.807542 -0.014679 -0.024932 -0.628834 0.777001
1743735032.169816 62.654019 -78.268372 4.832637 -0.014281 -0.024533 -0.625600 0.779628
1743735032.271686 62.799808 -78.847705 4.876325 -0.014803 -0.023389 -0.621946 0.782571
1743735032.378006 62.953906 -79.444318 4.909612 -0.015370 -0.022981 -0.618108 0.785607
1743735032.478516 63.121150 -80.035154 4.948987 -0.017759 -0.022534 -0.613892 0.788869
1743735032.584046 63.284189 -80.628968 4.980884 -0.019863 -0.022459 -0.609910 0.791903
1743735032.686716 63.480841 -81.228627 5.017688 -0.021485 -0.022296 -0.605449 0.795282
1743735032.789886 63.666505 -81.850324 5.064306 -0.022536 -0.022583 -0.601152 0.798498
1743735032.892126 63.851263 -82.474853 5.104941 -0.023814 -0.021924 -0.596763 0.801765
1743735032.995636 64.049463 -83.093901 5.146080 -0.024108 -0.022070 -0.592402 0.804979
1743735033.099006 64.255153 -83.720058 5.186396 -0.025115 -0.021214 -0.588139 0.808092
1743735033.202506 64.499757 -84.427073 5.221312 -0.023765 -0.019654 -0.583621 0.811440
1743735033.305886 64.735741 -85.063181 5.271568 -0.020300 -0.018138 -0.579346 0.814627
1743735033.409406 64.956836 -85.726627 5.314524 -0.018369 -0.017185 -0.574444 0.818158
1743735033.513156 65.222701 -86.413849 5.345494 -0.016889 -0.016457 -0.570011 0.821299
1743735033.616206 65.494573 -87.104240 5.390530 -0.014992 -0.017301 -0.566011 0.824080
1743735033.719676 65.762551 -87.791741 5.415551 -0.011743 -0.018498 -0.562170 0.826732
1743735033.823246 66.046487 -88.541269 5.453961 -0.005846 -0.018544 -0.559122 0.828858
1743735033.926686 66.330434 -89.253344 5.497490 -0.002326 -0.019126 -0.556134 0.830869
1743735034.030326 66.631017 -89.971012 5.517691 -0.001151 -0.020757 -0.552717 0.833110
1743735034.133756 66.924003 -90.659138 5.559053 -0.002662 -0.024468 -0.549475 0.835147
1743735034.238386 67.229284 -91.367230 5.599584 -0.003543 -0.028209 -0.546174 0.837189
1743735034.341336 67.556900 -92.085734 5.644545 -0.004360 -0.028635 -0.543585 0.838854
1743735034.444366 67.891653 -92.801089 5.680243 -0.006892 -0.026499 -0.541534 0.840233
1743735034.548256 68.238098 -93.508502 5.722728 -0.009265 -0.025543 -0.539656 0.841447
1743735034.651926 68.549741 -94.180376 5.785018 -0.011062 -0.026189 -0.537833 0.842572
1743735034.757226 68.865385 -94.842020 5.826910 -0.012831 -0.027107 -0.535968 0.843705
1743735034.858296 69.192484 -95.500862 5.884836 -0.014912 -0.027005 -0.534370 0.844688
1743735034.961936 69.515384 -96.157632 5.928020 -0.014663 -0.026214 -0.532488 0.845905
1743735035.066926 69.822329 -96.815562 5.985215 -0.013285 -0.025127 -0.530727 0.847066
1743735035.168826 70.151697 -97.449698 6.032257 -0.012543 -0.024026 -0.529003 0.848187
1743735035.275816 70.474770 -98.070935 6.081083 -0.012322 -0.023248 -0.527516 0.849137
1743735035.376136 70.788114 -98.691433 6.122973 -0.013638 -0.023052 -0.525781 0.850198
1743735035.479026 71.077703 -99.310168 6.175377 -0.013730 -0.023642 -0.524461 0.850996
1743735035.582466 71.400442 -99.909849 6.212287 -0.012383 -0.024053 -0.523470 0.851614
1743735035.685916 71.697156 -100.499730 6.257947 -0.011555 -0.024454 -0.522769 0.852045
1743735035.789296 72.000078 -101.079962 6.295019 -0.011850 -0.023910 -0.522008 0.852523
1743735035.892806 72.314451 -101.668548 6.335232 -0.011047 -0.024385 -0.520974 0.853152
1743735035.996216 72.609767 -102.218304 6.377929 -0.011760 -0.025139 -0.519786 0.853845
1743735036.099686 72.863831 -102.745811 6.418690 -0.011339 -0.026188 -0.518643 0.854514
1743735036.203076 73.154089 -103.296949 6.462404 -0.010249 -0.027109 -0.517152 0.855403
1743735036.306466 73.449563 -103.845588 6.502167 -0.009091 -0.027807 -0.515797 0.856211
1743735036.410016 73.724471 -104.380316 6.544876 -0.008315 -0.028179 -0.513914 0.857339
1743735036.513346 74.005981 -104.916664 6.587287 -0.008087 -0.028395 -0.512584 0.858129
1743735036.616876 74.287384 -105.421659 6.625918 -0.007534 -0.028521 -0.510755 0.859220
1743735036.720246 74.565820 -105.924339 6.662570 -0.006839 -0.029297 -0.509240 0.860098
1743735036.823946 74.853126 -106.442450 6.703838 -0.007505 -0.029662 -0.507363 0.861189
1743735036.928246 75.127770 -106.933623 6.742304 -0.006662 -0.031100 -0.505260 0.862381
1743735037.031506 75.414396 -107.447133 6.783706 -0.008158 -0.031892 -0.502663 0.863855
1743735037.133756 75.700149 -107.925572 6.826028 -0.010863 -0.033244 -0.499800 0.865434
1743735037.238226 75.989535 -108.413489 6.868847 -0.014402 -0.034463 -0.496927 0.866988
1743735037.340666 76.298844 -108.912301 6.909048 -0.017824 -0.035381 -0.493746 0.868704
1743735037.443906 76.610500 -109.395242 6.956201 -0.020265 -0.036117 -0.490514 0.870449
1743735037.547296 76.924372 -109.862183 7.002347 -0.021337 -0.034786 -0.487401 0.872224
1743735037.650666 77.246868 -110.361052 7.049417 -0.022907 -0.031150 -0.484434 0.873973
1743735037.754076 77.586852 -110.875664 7.099912 -0.023969 -0.027043 -0.481570 0.875662
1743735037.857566 77.928043 -111.370463 7.145898 -0.025242 -0.023092 -0.478290 0.877535
1743735037.960966 78.285965 -111.847439 7.187326 -0.025453 -0.020894 -0.475188 0.879268
1743735038.064316 78.648200 -112.373703 7.231089 -0.027709 -0.020254 -0.471554 0.881169
1743735038.167706 79.012723 -112.893257 7.268998 -0.029993 -0.020481 -0.468022 0.882970
1743735038.271136 79.376182 -113.418148 7.312262 -0.031641 -0.021041 -0.464845 0.884576
1743735038.374466 79.756207 -113.943293 7.348019 -0.033067 -0.021188 -0.461260 0.886395
1743735038.477886 80.169946 -114.498616 7.397135 -0.034064 -0.020441 -0.457566 0.888288
1743735038.581406 80.593598 -115.049789 7.442170 -0.035927 -0.018701 -0.454028 0.890067
1743735038.684796 81.015042 -115.593001 7.485901 -0.035599 -0.017727 -0.450259 0.892012
1743735038.788176 81.457494 -116.146573 7.533512 -0.035009 -0.016670 -0.446144 0.894121
1743735038.891536 81.908317 -116.737291 7.586424 -0.035249 -0.016429 -0.441873 0.896234
1743735038.994766 82.360673 -117.301303 7.624741 -0.036837 -0.015684 -0.437243 0.898452
1743735039.098136 82.856169 -117.897511 7.671133 -0.037538 -0.015683 -0.432989 0.900481
1743735039.201746 83.362680 -118.486184 7.712063 -0.038014 -0.015468 -0.428922 0.902409
1743735039.305056 83.841172 -119.075931 7.760366 -0.037653 -0.014987 -0.425917 0.903854
1743735039.408526 84.366198 -119.687699 7.809282 -0.036781 -0.015090 -0.423527 0.905011
1743735039.514586 84.874905 -120.300192 7.853447 -0.035486 -0.015602 -0.421940 0.905795
1743735039.615546 85.410760 -120.936435 7.904253 -0.032999 -0.016655 -0.419921 0.906808
1743735039.720546 85.947910 -121.580002 7.955618 -0.029075 -0.017646 -0.417794 0.907905
1743735039.824406 86.487387 -122.198520 8.001839 -0.025695 -0.017891 -0.416029 0.908812
1743735039.927266 87.043537 -122.842765 8.058998 -0.022808 -0.017756 -0.414225 0.909716
1743735040.030456 87.625065 -123.486666 8.097097 -0.021745 -0.017634 -0.412049 0.910731
1743735040.133046 88.183564 -124.127563 8.153056 -0.022782 -0.017801 -0.410446 0.911426
1743735040.238546 88.790758 -124.787060 8.196958 -0.025360 -0.017629 -0.408178 0.912380
1743735040.340106 89.394689 -125.415236 8.242277 -0.027831 -0.016324 -0.406281 0.913178
1743735040.443096 89.975297 -126.066102 8.292577 -0.027653 -0.014155 -0.404741 0.913903
1743735040.546606 90.590476 -126.686955 8.329991 -0.027127 -0.010946 -0.402441 0.914978
1743735040.650046 91.193887 -127.333811 8.371609 -0.025287 -0.007912 -0.400526 0.915902
1743735040.753536 91.815821 -127.978035 8.402419 -0.023012 -0.007219 -0.397583 0.917249
1743735040.856886 92.433984 -128.652018 8.446670 -0.021015 -0.008607 -0.394945 0.918424
1743735040.960276 93.038560 -129.310752 8.484697 -0.017646 -0.013274 -0.391772 0.919797
1743735041.065346 93.691361 -129.995305 8.527376 -0.017347 -0.017946 -0.388662 0.921042
1743735041.167046 94.334422 -130.647915 8.578732 -0.016641 -0.020310 -0.385163 0.922475
1743735041.270406 94.967342 -131.298927 8.607777 -0.014252 -0.019990 -0.381367 0.924098
1743735041.373786 95.631154 -131.935396 8.671389 -0.011235 -0.019385 -0.377345 0.925802
1743735041.477296 96.295823 -132.569965 8.704172 -0.008758 -0.020959 -0.374005 0.927148
1743735041.580696 96.985031 -133.237351 8.770538 -0.009872 -0.023230 -0.371166 0.928223
1743735041.684046 97.654188 -133.853467 8.807122 -0.010654 -0.024249 -0.368535 0.929236
1743735041.787556 98.327979 -134.491323 8.860937 -0.009051 -0.024010 -0.366463 0.930079
1743735041.891066 98.977211 -135.111305 8.910983 -0.006005 -0.023055 -0.364823 0.930772
1743735041.996486 99.668446 -135.744797 8.965055 -0.004434 -0.022036 -0.363977 0.931137
1743735042.097956 100.354148 -136.391298 9.008509 -0.002831 -0.021249 -0.363616 0.931302
1743735042.201456 101.048874 -137.035630 9.058744 -0.002823 -0.020432 -0.363468 0.931378
1743735042.304976 101.742459 -137.649879 9.090487 -0.002980 -0.020087 -0.363539 0.931358
1743735042.409306 102.450535 -138.295046 9.145027 -0.004776 -0.020004 -0.364031 0.931160
1743735042.515446 103.147937 -138.902142 9.184823 -0.006123 -0.020430 -0.364822 0.930833
1743735042.616916 103.836413 -139.525982 9.242048 -0.008088 -0.020152 -0.366226 0.930272
1743735042.719596 104.526033 -140.147033 9.282950 -0.008865 -0.019778 -0.367307 0.929847
1743735042.824566 105.229883 -140.795247 9.333433 -0.010449 -0.018687 -0.368952 0.929202
1743735042.927826 105.914524 -141.429574 9.378503 -0.011150 -0.017454 -0.370813 0.928477
1743735043.030356 106.562652 -142.029060 9.406992 -0.010921 -0.016051 -0.372265 0.927924
1743735043.133886 107.194278 -142.642387 9.441930 -0.009508 -0.015826 -0.373907 0.927282
1743735043.236276 107.822982 -143.256328 9.502670 -0.009739 -0.018010 -0.375686 0.926521
1743735043.339826 108.528912 -143.876389 9.558230 -0.013855 -0.020806 -0.378268 0.925358
1743735043.443606 109.246825 -144.558649 9.626835 -0.016659 -0.022682 -0.380862 0.924204
1743735043.548396 109.905969 -145.199320 9.666468 -0.015422 -0.021888 -0.382649 0.923506
1743735043.650276 110.509097 -145.845429 9.721342 -0.016957 -0.017861 -0.384800 0.922671
1743735043.756006 111.152927 -146.500758 9.761757 -0.016937 -0.015870 -0.386901 0.921829
1743735043.857146 111.821123 -147.154576 9.826688 -0.016803 -0.015330 -0.389194 0.920875
1743735043.960516 112.470548 -147.815958 9.863979 -0.015071 -0.016120 -0.391110 0.920079
1743735044.065316 113.060420 -148.472058 9.913776 -0.015190 -0.016982 -0.393322 0.919119
1743735044.168436 113.661460 -149.109096 9.950837 -0.013325 -0.019216 -0.395123 0.918331
1743735044.270806 114.254342 -149.744409 10.011854 -0.014581 -0.019861 -0.397670 0.917198
1743735044.374236 114.876324 -150.398228 10.050007 -0.013828 -0.020529 -0.400012 0.916175
1743735044.477696 115.507686 -151.068355 10.098665 -0.014753 -0.019968 -0.402797 0.914952
1743735044.581476 116.136167 -151.753792 10.154487 -0.014051 -0.020284 -0.405678 0.913683
1743735044.684536 116.763288 -152.399186 10.192466 -0.015219 -0.020301 -0.409004 0.912180
1743735044.788366 117.377220 -153.060832 10.260962 -0.017737 -0.021698 -0.413022 0.910290
1743735044.891596 117.972815 -153.716842 10.306728 -0.020040 -0.023414 -0.416868 0.908445
1743735044.995946 118.597975 -154.404137 10.384677 -0.023065 -0.022922 -0.421116 0.906424
1743735045.098416 119.193377 -155.123572 10.434714 -0.019943 -0.020276 -0.424500 0.904981
1743735045.201786 119.773324 -155.856733 10.465507 -0.019347 -0.015129 -0.428283 0.903311
1743735045.305306 120.343601 -156.579373 10.521727 -0.017620 -0.012642 -0.432354 0.901443
1743735045.408806 120.947893 -157.282287 10.553812 -0.019180 -0.010230 -0.436760 0.899315
1743735045.512816 121.505743 -157.993963 10.606378 -0.020456 -0.010633 -0.441207 0.897109
1743735045.618426 122.083712 -158.740849 10.630656 -0.017658 -0.014727 -0.445116 0.895178
1743735045.719886 122.653648 -159.474107 10.704803 -0.021363 -0.017807 -0.449322 0.892937
1743735045.822746 123.186259 -160.206708 10.753262 -0.020785 -0.020462 -0.453455 0.890802
1743735045.928576 123.750952 -160.988057 10.797923 -0.018680 -0.019961 -0.457291 0.888897
1743735046.030506 124.264088 -161.780919 10.848859 -0.015664 -0.019305 -0.460759 0.887177
1743735046.133206 124.818673 -162.550357 10.904946 -0.015816 -0.018346 -0.465101 0.884926
1743735046.236486 125.355588 -163.317463 10.953373 -0.016292 -0.018383 -0.468736 0.882997
1743735046.339996 125.847485 -164.073427 11.012181 -0.015406 -0.018765 -0.472015 0.881256
1743735046.443396 126.346679 -164.844838 11.060342 -0.011491 -0.018660 -0.474835 0.879802
1743735046.546876 126.848903 -165.597611 11.110487 -0.010220 -0.017602 -0.477600 0.878341
1743735046.650256 127.351556 -166.350576 11.150713 -0.010551 -0.016195 -0.479720 0.877209
1743735046.753756 127.813021 -167.088725 11.210526 -0.011413 -0.016407 -0.482093 0.875892
1743735046.859726 128.286228 -167.831478 11.252678 -0.011890 -0.018322 -0.484431 0.874557
1743735046.961916 128.750223 -168.544552 11.302758 -0.013778 -0.020875 -0.485957 0.873625
1743735047.064016 129.191859 -169.251538 11.349100 -0.015549 -0.020796 -0.487622 0.872669
1743735047.167416 129.640646 -169.993381 11.397169 -0.013831 -0.018855 -0.488749 0.872111
1743735047.270786 130.074690 -170.731513 11.437373 -0.010734 -0.016407 -0.490222 0.871377
1743735047.374176 130.518497 -171.470057 11.492209 -0.007190 -0.016256 -0.491660 0.870606
1743735047.477686 130.937788 -172.180530 11.533230 -0.005571 -0.017569 -0.493054 0.869803
1743735047.581076 131.353645 -172.865474 11.572711 -0.005329 -0.019730 -0.494030 0.869204
1743735047.684456 131.772652 -173.569575 11.615658 -0.008009 -0.022213 -0.494925 0.868615
1743735047.788406 132.172557 -174.254764 11.664575 -0.011579 -0.024869 -0.496153 0.867801
1743735047.894086 132.580291 -174.900924 11.722494 -0.010831 -0.027379 -0.496970 0.867268
1743735047.994736 132.974942 -175.558784 11.763958 -0.008855 -0.024398 -0.498088 0.866738
1743735048.098416 133.379574 -176.261363 11.798346 -0.008750 -0.017317 -0.499526 0.866081
1743735048.201596 133.776301 -176.954941 11.834797 -0.009686 -0.011828 -0.501166 0.865216
1743735048.305116 134.146196 -177.598725 11.882976 -0.011095 -0.011078 -0.502748 0.864291
1743735048.408506 134.509738 -178.230453 11.918926 -0.011019 -0.013659 -0.504031 0.863507
1743735048.511866 134.877099 -178.861757 11.954698 -0.011453 -0.015035 -0.504761 0.863052
1743735048.615386 135.241455 -179.503784 11.983338 -0.010995 -0.014799 -0.505835 0.862433
1743735048.718786 135.598238 -180.132602 12.019047 -0.010872 -0.014043 -0.507060 0.861728
1743735048.822266 135.945340 -180.754874 12.048751 -0.010694 -0.013710 -0.508509 0.860881
1743735048.926106 136.285732 -181.371085 12.086687 -0.010512 -0.014337 -0.510008 0.859986
1743735049.029836 136.607387 -182.000582 12.120382 -0.011002 -0.015228 -0.511677 0.858973
1743735049.132526 136.932306 -182.577543 12.154651 -0.011658 -0.016034 -0.513577 0.857815
1743735049.236036 137.249831 -183.176820 12.187663 -0.012434 -0.016651 -0.516040 0.856312
1743735049.339546 137.566921 -183.763493 12.218933 -0.012988 -0.017800 -0.518567 0.854753
1743735049.443046 137.864706 -184.341551 12.255823 -0.013715 -0.019391 -0.521040 0.853202
1743735049.546436 138.162534 -184.916825 12.293568 -0.014046 -0.021250 -0.524062 0.851299
1743735049.650056 138.472253 -185.541142 12.333671 -0.015121 -0.021548 -0.527324 0.849257
1743735049.753636 138.782151 -186.167434 12.369117 -0.016886 -0.020367 -0.530520 0.847260
1743735049.856956 139.083736 -186.779398 12.398541 -0.018393 -0.019286 -0.533537 0.845357
1743735049.960586 139.386308 -187.387888 12.444825 -0.018797 -0.019244 -0.536318 0.843587
1743735050.064096 139.668891 -188.002316 12.487889 -0.020093 -0.019826 -0.539719 0.841372
1743735050.167596 139.963658 -188.619643 12.529260 -0.022483 -0.020478 -0.543048 0.839151
1743735050.271146 140.264717 -189.269986 12.568734 -0.024370 -0.021068 -0.546326 0.836953
1743735050.374616 140.553952 -189.938403 12.611292 -0.025653 -0.021427 -0.549839 0.834601
1743735050.478016 140.848169 -190.607200 12.665070 -0.026546 -0.022098 -0.553326 0.832248
1743735050.581706 141.127707 -191.295087 12.712855 -0.027707 -0.022410 -0.556432 0.830129
1743735050.685006 141.404746 -191.971819 12.771332 -0.026950 -0.023691 -0.559850 0.827817
1743735050.788516 141.680422 -192.667941 12.817442 -0.026285 -0.023988 -0.562887 0.825768
1743735050.892016 141.960985 -193.371111 12.873711 -0.025170 -0.023256 -0.566390 0.823425
1743735050.995396 142.234736 -194.088895 12.919805 -0.024734 -0.021486 -0.569687 0.821208
1743735051.098906 142.497201 -194.836579 12.964416 -0.023340 -0.020265 -0.572394 0.819396
1743735051.204256 142.771292 -195.580377 13.032589 -0.021184 -0.019580 -0.574996 0.817648
1743735051.305796 143.056211 -196.341426 13.070437 -0.019583 -0.017191 -0.577574 0.815923
1743735051.409776 143.318845 -197.120786 13.098307 -0.017773 -0.015283 -0.579925 0.814333
1743735051.513876 143.594242 -197.926938 13.154134 -0.016317 -0.016982 -0.581943 0.812889
1743735051.617796 143.860889 -198.703499 13.200195 -0.017336 -0.021168 -0.584368 0.811028
1743735051.719576 144.130896 -199.498948 13.250547 -0.019676 -0.027240 -0.586262 0.809424
1743735051.823076 144.405058 -200.325696 13.310107 -0.019927 -0.032091 -0.588278 0.807776
1743735051.926476 144.656689 -201.174529 13.366741 -0.016807 -0.033598 -0.590162 0.806410
1743735052.030536 144.897387 -202.009272 13.430950 -0.012458 -0.032839 -0.592113 0.805089
1743735052.136476 145.135312 -202.836671 13.482454 -0.009545 -0.032100 -0.593893 0.803847
1743735052.238826 145.407082 -203.688915 13.559562 -0.012036 -0.032674 -0.596005 0.802225
1743735052.340486 145.702502 -204.570360 13.624179 -0.017021 -0.034152 -0.597882 0.800675
1743735052.446406 145.996250 -205.487427 13.702090 -0.019479 -0.033610 -0.600022 0.799040
1743735052.547006 146.221366 -206.309001 13.752851 -0.018752 -0.031044 -0.602046 0.797638
1743735052.650386 146.463009 -207.193484 13.814401 -0.018329 -0.028754 -0.604194 0.796108
1743735052.753896 146.728469 -208.099202 13.891109 -0.019069 -0.028350 -0.606422 0.794409
1743735052.857276 146.986720 -209.005315 13.967668 -0.021400 -0.028667 -0.608454 0.792783
1743735052.960656 147.233482 -209.927079 14.031548 -0.020404 -0.030237 -0.610391 0.791260
1743735053.064036 147.472961 -210.848604 14.104605 -0.018790 -0.031324 -0.612350 0.789743
1743735053.167546 147.706971 -211.795813 14.172028 -0.017764 -0.031705 -0.613912 0.788537
1743735053.271316 147.949078 -212.721841 14.244837 -0.016952 -0.032107 -0.615309 0.787450
1743735053.374306 148.185176 -213.656587 14.319005 -0.016397 -0.031899 -0.616723 0.786363
1743735053.477686 148.411484 -214.539284 14.386343 -0.016733 -0.030332 -0.617657 0.785684
1743735053.581076 148.638179 -215.467106 14.452194 -0.015834 -0.029613 -0.618754 0.784867
1743735053.684446 148.863704 -216.403951 14.514872 -0.016634 -0.028472 -0.619713 0.784135
1743735053.787866 149.082686 -217.335595 14.593348 -0.018602 -0.028368 -0.620049 0.783830
1743735053.891106 149.340871 -218.336250 14.664406 -0.019370 -0.028507 -0.621090 0.782981
1743735053.994476 149.576362 -219.295804 14.734467 -0.018996 -0.028937 -0.621826 0.782390
1743735054.098426 149.785285 -220.190149 14.819886 -0.018636 -0.028113 -0.622438 0.781942
1743735054.201326 149.997947 -221.064917 14.865668 -0.017247 -0.027020 -0.622967 0.781591
1743735054.304626 150.191923 -222.049292 14.953367 -0.015079 -0.026681 -0.623822 0.780965
1743735054.408876 150.426282 -222.997666 15.009684 -0.016333 -0.027207 -0.623931 0.780835
1743735054.514056 150.664818 -223.950777 15.086084 -0.018799 -0.028624 -0.624862 0.779984
1743735054.615996 150.891483 -224.856987 15.153280 -0.019553 -0.030688 -0.625483 0.779389
1743735054.719016 151.098687 -225.759511 15.224007 -0.020384 -0.030028 -0.626654 0.778452
1743735054.825146 151.296160 -226.744745 15.302637 -0.019611 -0.028295 -0.627905 0.777528
1743735054.925356 151.484347 -227.655141 15.362277 -0.017826 -0.025772 -0.629113 0.776682
1743735055.030506 151.669850 -228.591007 15.431789 -0.015795 -0.024716 -0.630469 0.775660
1743735055.132376 151.852977 -229.465667 15.492210 -0.016467 -0.023981 -0.632057 0.774375
1743735055.235806 152.049932 -230.405374 15.555869 -0.017273 -0.024307 -0.633867 0.772867
1743735055.339436 152.235030 -231.326185 15.615757 -0.017155 -0.024584 -0.635459 0.771553
1743735055.442866 152.407497 -232.251574 15.675414 -0.017129 -0.024281 -0.637068 0.770235
1743735055.546676 152.601681 -233.220772 15.740559 -0.016516 -0.024098 -0.638550 0.769025
1743735055.650476 152.783178 -234.166670 15.805603 -0.016763 -0.023567 -0.639946 0.767876
1743735055.753296 152.951268 -235.063448 15.863106 -0.017305 -0.023204 -0.641609 0.766485
1743735055.856776 153.117873 -235.996012 15.929436 -0.018726 -0.022200 -0.643318 0.765048
1743735055.960856 153.282559 -236.916440 15.987921 -0.019135 -0.021308 -0.645018 0.763631
1743735056.063616 153.459965 -237.875132 16.052909 -0.020896 -0.019854 -0.646393 0.762460
1743735056.167176 153.642846 -238.816489 16.118714 -0.024055 -0.019436 -0.647385 0.761536
1743735056.270606 153.807855 -239.713024 16.185135 -0.026793 -0.020190 -0.648548 0.760434
1743735056.374066 153.969749 -240.626876 16.249309 -0.028220 -0.020278 -0.649780 0.759327
1743735056.477396 154.108846 -241.554101 16.311927 -0.027898 -0.018940 -0.651177 0.758177
1743735056.580896 154.255945 -242.476063 16.383095 -0.026369 -0.017691 -0.652584 0.757050
1743735056.684266 154.398279 -243.407807 16.445573 -0.025650 -0.016598 -0.653770 0.756076
1743735056.787656 154.530216 -244.332913 16.510958 -0.024355 -0.016595 -0.655169 0.754907
1743735056.891156 154.683309 -245.278434 16.577573 -0.024400 -0.016754 -0.656237 0.753974
1743735056.994556 154.800928 -246.191446 16.629519 -0.025235 -0.017150 -0.657932 0.752459
1743735057.097916 154.919246 -247.059229 16.697815 -0.026556 -0.017638 -0.659655 0.750892
1743735057.201456 155.025911 -247.955494 16.751212 -0.022321 -0.019659 -0.661674 0.749201
1743735057.304816 155.134002 -248.884060 16.805844 -0.019240 -0.018268 -0.663568 0.747646
1743735057.408186 155.255541 -249.824452 16.864504 -0.019884 -0.018405 -0.665463 0.745939
1743735057.511696 155.369493 -250.703658 16.942013 -0.023147 -0.023176 -0.667112 0.744237
1743735057.615096 155.471219 -251.565308 17.001831 -0.027791 -0.028213 -0.668975 0.742229
1743735057.718666 155.555851 -252.433617 17.077186 -0.029647 -0.029123 -0.670993 0.740298
1743735057.821966 155.629514 -253.311312 17.140276 -0.029413 -0.025812 -0.673133 0.738485
1743735057.925486 155.729784 -254.232357 17.212536 -0.027587 -0.022649 -0.675048 0.736910
1743735058.028916 155.827834 -255.132214 17.281004 -0.026901 -0.020080 -0.676992 0.735224
1743735058.132236 155.910261 -256.050053 17.354558 -0.028200 -0.018270 -0.679061 0.733313
1743735058.235756 155.970416 -256.924265 17.418801 -0.029037 -0.016018 -0.681776 0.730809
1743735058.339176 156.043792 -257.805780 17.476770 -0.029145 -0.012810 -0.684542 0.728278
1743735058.442636 156.097873 -258.698362 17.534023 -0.028335 -0.010855 -0.687193 0.725841
1743735058.546016 156.143728 -259.575562 17.601654 -0.027686 -0.012793 -0.689617 0.723532
1743735058.649516 156.195872 -260.455449 17.655524 -0.028694 -0.014508 -0.691846 0.721329
1743735058.752906 156.226655 -261.356871 17.720400 -0.028888 -0.016108 -0.694142 0.719078
1743735058.856346 156.265921 -262.284166 17.780940 -0.028194 -0.015687 -0.696378 0.716949
1743735058.959666 156.290649 -263.124598 17.832320 -0.027687 -0.013981 -0.698773 0.714670
1743735059.063046 156.304056 -263.959010 17.889564 -0.026080 -0.014795 -0.700980 0.712551
1743735059.166496 156.316650 -264.840598 17.953234 -0.025977 -0.016284 -0.702908 0.710620
1743735059.269816 156.328732 -265.693526 18.005725 -0.027984 -0.017065 -0.704371 0.709075
1743735059.373196 156.335883 -266.572002 18.066936 -0.027694 -0.018460 -0.705617 0.707811
1743735059.476586 156.334426 -267.451957 18.132735 -0.025465 -0.019941 -0.706654 0.706820
1743735059.579836 156.343412 -268.303785 18.190735 -0.023697 -0.019826 -0.707603 0.705935
1743735059.683096 156.331912 -269.183049 18.252455 -0.022431 -0.019916 -0.708320 0.705254
1743735059.786476 156.320038 -270.059276 18.305369 -0.021209 -0.020385 -0.708912 0.704683
1743735059.889866 156.314973 -270.918123 18.367815 -0.021177 -0.021428 -0.709298 0.704264
1743735059.993126 156.316571 -271.786637 18.427883 -0.021018 -0.022629 -0.709448 0.704080
1743735060.096496 156.300471 -272.629225 18.489677 -0.020455 -0.024293 -0.709537 0.703952
1743735060.200336 156.297600 -273.475554 18.546707 -0.020059 -0.025547 -0.709040 0.704420
1743735060.305926 156.294738 -274.322090 18.610943 -0.019512 -0.026162 -0.708738 0.704716
1743735060.406746 156.300628 -275.130774 18.673088 -0.018900 -0.026802 -0.707967 0.705484
1743735060.510296 156.300409 -275.953793 18.728860 -0.018035 -0.026908 -0.707276 0.706195
1743735060.613296 156.300609 -276.752777 18.786860 -0.016982 -0.026579 -0.706399 0.707110
1743735060.717256 156.297561 -277.564268 18.840767 -0.015653 -0.025720 -0.705411 0.708159
1743735060.820046 156.292095 -278.345070 18.895220 -0.014825 -0.024427 -0.704202 0.709424
1743735060.923046 156.303087 -279.148829 18.955579 -0.014383 -0.023142 -0.702861 0.710805
1743735061.026436 156.328547 -279.911427 19.006154 -0.016329 -0.021345 -0.701499 0.712163
1743735061.129836 156.344446 -280.689457 19.061713 -0.017596 -0.020989 -0.700008 0.713609
1743735061.233056 156.372792 -281.411893 19.109617 -0.018313 -0.020726 -0.698763 0.714818
1743735061.337396 156.404008 -282.179518 19.158322 -0.016973 -0.020170 -0.697321 0.716274
1743735061.440286 156.428708 -282.908067 19.205236 -0.016597 -0.018256 -0.696016 0.717603
1743735061.544716 156.462281 -283.636813 19.248819 -0.016732 -0.016691 -0.694743 0.718870
1743735061.647146 156.491388 -284.364721 19.297542 -0.016711 -0.017437 -0.693227 0.720315
1743735061.749916 156.525101 -285.041745 19.341580 -0.017399 -0.017842 -0.691701 0.721754
1743735061.853296 156.559515 -285.699177 19.379012 -0.018074 -0.018489 -0.690625 0.722751
1743735061.956716 156.587694 -286.352716 19.429882 -0.019449 -0.019007 -0.689523 0.723753
1743735062.059986 156.633353 -286.997747 19.465883 -0.020429 -0.018297 -0.688391 0.724821
1743735062.163376 156.664493 -287.630317 19.510372 -0.021581 -0.017463 -0.687118 0.726015
1743735062.267326 156.710106 -288.241024 19.545073 -0.022398 -0.017301 -0.685976 0.727074
1743735062.370636 156.742867 -288.849001 19.591568 -0.022154 -0.016635 -0.684667 0.728329
1743735062.476016 156.799500 -289.465498 19.627745 -0.022658 -0.017245 -0.683497 0.729398
1743735062.577116 156.849762 -290.033571 19.668091 -0.025251 -0.016634 -0.682592 0.730174
1743735062.680476 156.899575 -290.618716 19.704074 -0.025330 -0.016648 -0.681438 0.731248
1743735062.783846 156.945913 -291.183844 19.748915 -0.025647 -0.015907 -0.680282 0.732329
1743735062.887256 156.985268 -291.741476 19.784770 -0.026063 -0.015378 -0.679079 0.733441
1743735062.990626 157.037098 -292.278765 19.827094 -0.026017 -0.015548 -0.677974 0.734461
1743735063.094106 157.087953 -292.803761 19.861170 -0.027056 -0.015400 -0.676919 0.735399
1743735063.197446 157.159512 -293.356991 19.903565 -0.027399 -0.015749 -0.675975 0.736247
1743735063.300846 157.223780 -293.891606 19.943201 -0.027527 -0.016616 -0.674726 0.737368
1743735063.404256 157.251048 -294.360115 19.973762 -0.028391 -0.016880 -0.674148 0.737858
1743735063.508356 157.289939 -294.841769 20.006339 -0.029214 -0.016768 -0.673580 0.738346
1743735063.611176 157.342553 -295.299661 20.040442 -0.029936 -0.017186 -0.673097 0.738748
1743735063.714646 157.388747 -295.810777 20.079351 -0.030585 -0.017373 -0.672653 0.739121
1743735063.818016 157.438876 -296.310529 20.116500 -0.030652 -0.017874 -0.672674 0.739088
1743735063.921516 157.496133 -296.774995 20.153130 -0.030652 -0.018133 -0.672718 0.739042
1743735064.024956 157.548541 -297.273212 20.184598 -0.031285 -0.017065 -0.673011 0.738774
1743735064.128406 157.598931 -297.777304 20.217897 -0.030996 -0.016580 -0.673692 0.738176
1743735064.231836 157.662323 -298.294804 20.261650 -0.030551 -0.017271 -0.674516 0.737426
1743735064.335266 157.710702 -298.786485 20.293999 -0.030821 -0.019187 -0.675295 0.736654
1743735064.438826 157.733663 -299.316105 20.344982 -0.030170 -0.022682 -0.675939 0.735990
1743735064.542216 157.780744 -299.848865 20.381412 -0.030947 -0.025413 -0.676754 0.735119
1743735064.645786 157.816454 -300.400883 20.416845 -0.032354 -0.026375 -0.677730 0.734125
1743735064.749226 157.859161 -300.975249 20.447740 -0.032810 -0.026361 -0.678517 0.733378
1743735064.852736 157.897743 -301.559669 20.500652 -0.030428 -0.026880 -0.679226 0.732805
1743735064.956106 157.924457 -302.133579 20.560736 -0.025482 -0.028372 -0.679796 0.732410
1743735065.059656 157.968690 -302.708066 20.612545 -0.024365 -0.028637 -0.680365 0.731908
1743735065.163146 158.028648 -303.317657 20.655724 -0.026982 -0.028276 -0.681456 0.730815
1743735065.266456 158.080052 -303.922920 20.688354 -0.028829 -0.027695 -0.682350 0.729932
1743735065.369996 158.108958 -304.547984 20.740573 -0.026750 -0.028923 -0.682766 0.729574
1743735065.473406 158.148389 -305.173650 20.790665 -0.024453 -0.029972 -0.683165 0.729238
1743735065.576916 158.184840 -305.811301 20.852501 -0.023774 -0.030557 -0.683934 0.728516
1743735065.680356 158.242947 -306.475754 20.902154 -0.025562 -0.029621 -0.684843 0.727640
1743735065.783746 158.288683 -307.141436 20.954449 -0.026843 -0.029494 -0.685425 0.727050
1743735065.887236 158.343563 -307.816768 21.000433 -0.028514 -0.030224 -0.686177 0.726247
1743735065.990676 158.374087 -308.505773 21.062332 -0.028827 -0.031150 -0.686734 0.725669
1743735066.094096 158.418861 -309.204270 21.119137 -0.029292 -0.029963 -0.687212 0.725247
1743735066.197456 158.461712 -309.899471 21.180931 -0.030317 -0.028220 -0.687905 0.724618
1743735066.300766 158.502818 -310.623547 21.235593 -0.031001 -0.028510 -0.688691 0.723830
1743735066.404336 158.552283 -311.354110 21.312197 -0.031461 -0.031224 -0.689320 0.723100
1743735066.507706 158.591704 -312.080236 21.374858 -0.033106 -0.033890 -0.689931 0.722323
1743735066.611226 158.643363 -312.818128 21.430556 -0.034620 -0.035191 -0.690313 0.721825
1743735066.714456 158.661156 -313.583328 21.501183 -0.032652 -0.035612 -0.690635 0.721588
1743735066.817876 158.667672 -314.360809 21.580774 -0.028722 -0.035446 -0.690989 0.721424
1743735066.921176 158.693928 -315.120371 21.656222 -0.026640 -0.035543 -0.691370 0.721135
1743735067.024666 158.739164 -315.895559 21.725588 -0.026154 -0.036516 -0.691831 0.720661
1743735067.128006 158.780763 -316.659804 21.792789 -0.026573 -0.037339 -0.692158 0.720290
1743735067.231386 158.818653 -317.452695 21.864250 -0.026588 -0.038157 -0.692418 0.719996
1743735067.334766 158.848789 -318.260193 21.935937 -0.026196 -0.038087 -0.692250 0.720176
1743735067.438136 158.874594 -319.057583 22.011038 -0.025178 -0.037805 -0.691955 0.720511
1743735067.541376 158.913413 -319.868110 22.087692 -0.024499 -0.037571 -0.691628 0.720860
1743735067.644766 158.937365 -320.698676 22.169653 -0.024066 -0.037503 -0.691360 0.721135
1743735067.748066 158.982838 -321.524444 22.230866 -0.023755 -0.036791 -0.690978 0.721548
1743735067.851396 159.023696 -322.372213 22.311355 -0.022808 -0.036534 -0.690203 0.722333
1743735067.954676 159.061470 -323.226634 22.384183 -0.021832 -0.036648 -0.689577 0.722955
1743735068.058076 159.098903 -324.084875 22.463394 -0.021331 -0.036714 -0.688724 0.723779
1743735068.161346 159.143132 -324.944375 22.533085 -0.021139 -0.037195 -0.688275 0.724187
1743735068.264606 159.212180 -325.829215 22.606605 -0.020244 -0.037582 -0.687058 0.725348
1743735068.367916 159.245154 -326.683552 22.679408 -0.019119 -0.037911 -0.686009 0.726353
1743735068.471226 159.294211 -327.553041 22.755819 -0.018295 -0.038114 -0.684988 0.727327
1743735068.574496 159.352037 -328.442568 22.828959 -0.018224 -0.038643 -0.683868 0.728354
1743735068.677806 159.417351 -329.328301 22.903622 -0.018119 -0.039266 -0.682994 0.729143
1743735068.781076 159.492515 -330.222923 22.984313 -0.018795 -0.039205 -0.681943 0.730112
1743735068.884326 159.561069 -331.111799 23.052601 -0.020042 -0.038937 -0.680734 0.731221
1743735068.987616 159.627940 -332.012806 23.134623 -0.020981 -0.038648 -0.679867 0.732015
1743735069.090956 159.709140 -332.934188 23.214390 -0.021942 -0.038083 -0.679088 0.732740
1743735069.194216 159.786088 -333.852757 23.294843 -0.021739 -0.037354 -0.678512 0.733317
1743735069.297546 159.867424 -334.753435 23.382829 -0.020562 -0.036586 -0.677869 0.733984
1743735069.400786 159.929721 -335.675090 23.457359 -0.019487 -0.036006 -0.677292 0.734575
1743735069.504156 160.010381 -336.618949 23.533012 -0.019140 -0.036216 -0.677077 0.734771
1743735069.607376 160.088280 -337.542534 23.626984 -0.018993 -0.037184 -0.676706 0.735068
1743735069.710826 160.177106 -338.443710 23.693567 -0.019247 -0.036808 -0.676610 0.735169
1743735069.814126 160.254852 -339.357363 23.770812 -0.019456 -0.035388 -0.676567 0.735273
1743735069.917396 160.323965 -340.277250 23.849089 -0.019588 -0.034081 -0.676449 0.735440
1743735070.020826 160.422447 -341.202462 23.927973 -0.020647 -0.033466 -0.676366 0.735515
1743735070.124176 160.505324 -342.116637 24.006976 -0.021148 -0.033778 -0.676457 0.735403
1743735070.227576 160.582268 -343.043850 24.084414 -0.021490 -0.033646 -0.676400 0.735452
1743735070.330876 160.676045 -343.978725 24.162678 -0.022074 -0.033616 -0.676149 0.735666
1743735070.434256 160.769237 -344.881923 24.246407 -0.022228 -0.033775 -0.676205 0.735603
1743735070.537496 160.844464 -345.766281 24.318967 -0.022329 -0.033477 -0.676013 0.735791
1743735070.640886 160.913596 -346.671494 24.391966 -0.021689 -0.033332 -0.676091 0.735744
1743735070.744076 161.000021 -347.575025 24.475983 -0.022104 -0.033270 -0.675772 0.736028
1743735070.847396 161.081190 -348.475991 24.550109 -0.022812 -0.034373 -0.675926 0.735814
1743735070.950756 161.187861 -349.376732 24.631887 -0.022296 -0.035440 -0.675601 0.736077
1743735071.054046 161.249551 -350.278410 24.699125 -0.020394 -0.035540 -0.675240 0.736459
1743735071.157296 161.328649 -351.201929 24.780927 -0.018509 -0.035348 -0.674389 0.737298
1743735071.260476 161.388602 -352.064111 24.856430 -0.017713 -0.037371 -0.673847 0.737712
1743735071.363746 161.466143 -352.958982 24.935897 -0.017732 -0.041133 -0.672545 0.738699
1743735071.467006 161.582148 -353.845500 25.009487 -0.017586 -0.043429 -0.671440 0.739576
1743735071.570396 161.665025 -354.762237 25.100578 -0.016382 -0.044555 -0.670146 0.740709
1743735071.673636 161.724953 -355.680775 25.179056 -0.016037 -0.045336 -0.669069 0.741643
1743735071.777026 161.839645 -356.570922 25.269266 -0.016340 -0.046261 -0.667687 0.742824
1743735071.880346 161.964421 -357.462072 25.355180 -0.016281 -0.046256 -0.666465 0.743922
1743735071.983656 162.063493 -358.353973 25.438358 -0.015301 -0.044761 -0.665052 0.745298
1743735072.086916 162.131495 -359.269755 25.524309 -0.014643 -0.042899 -0.663414 0.746878
1743735072.190166 162.278698 -360.172192 25.606404 -0.014624 -0.041534 -0.661887 0.748309
1743735072.293546 162.391992 -361.056035 25.685680 -0.015099 -0.040664 -0.659744 0.750237
1743735072.396856 162.514208 -361.939261 25.760295 -0.015404 -0.039841 -0.657523 0.752223
1743735072.500146 162.644727 -362.854992 25.840686 -0.015896 -0.039481 -0.655124 0.754321
1743735072.603486 162.783827 -363.740638 25.920080 -0.016864 -0.039351 -0.652629 0.756467
1743735072.706746 162.936069 -364.621232 25.995890 -0.017833 -0.039247 -0.649622 0.759034
1743735072.810006 163.089908 -365.506958 26.076001 -0.018941 -0.039091 -0.646178 0.761950
1743735072.913256 163.254985 -366.405451 26.157021 -0.019488 -0.038905 -0.642250 0.765259
1743735073.016656 163.422009 -367.305107 26.239576 -0.019903 -0.038655 -0.638603 0.768307
1743735073.119906 163.605479 -368.219581 26.327071 -0.020409 -0.038238 -0.635015 0.771282
1743735073.223146 163.796048 -369.112693 26.407692 -0.020948 -0.037699 -0.631375 0.774278
1743735073.326506 163.968138 -369.938224 26.488369 -0.021257 -0.037175 -0.628512 0.776620
1743735073.429916 164.169332 -370.816337 26.569713 -0.021529 -0.036727 -0.625596 0.778985
1743735073.533146 164.374427 -371.711617 26.651807 -0.021999 -0.036423 -0.623290 0.780833
1743735073.636496 164.598296 -372.608205 26.740102 -0.022511 -0.036329 -0.621326 0.782386
1743735073.739876 164.816835 -373.515055 26.822143 -0.022724 -0.036047 -0.619419 0.783903
1743735073.843256 165.038958 -374.415031 26.905626 -0.022994 -0.035742 -0.617519 0.785407
1743735073.946636 165.254761 -375.298123 26.989060 -0.022938 -0.035883 -0.615760 0.786782
1743735074.049916 165.477267 -376.200791 27.077760 -0.023048 -0.035960 -0.613897 0.788230
1743735074.153276 165.716753 -377.107008 27.159422 -0.023082 -0.035875 -0.612061 0.789659
1743735074.256526 165.945599 -377.977133 27.242273 -0.022647 -0.035364 -0.610411 0.790971
1743735074.359916 166.183605 -378.868620 27.322416 -0.022491 -0.034479 -0.608372 0.792583
1743735074.463176 166.425672 -379.759183 27.405450 -0.021639 -0.033847 -0.606546 0.794032
1743735074.566556 166.679979 -380.631069 27.482944 -0.020988 -0.033004 -0.604711 0.795484
1743735074.669806 166.936491 -381.514459 27.559551 -0.020753 -0.032094 -0.602977 0.796842
1743735074.773166 167.178568 -382.388171 27.637644 -0.020775 -0.032102 -0.601085 0.798270
1743735074.876336 167.438792 -383.237367 27.716414 -0.022344 -0.032743 -0.599227 0.799597
1743735074.979586 167.709414 -384.100476 27.791508 -0.023981 -0.033224 -0.597314 0.800960
1743735075.082836 167.980863 -384.948687 27.876010 -0.024577 -0.032792 -0.595559 0.802266
1743735075.186126 168.236293 -385.790653 27.945709 -0.023922 -0.030674 -0.594132 0.803426
1743735075.289396 168.504286 -386.661827 28.024331 -0.024028 -0.028348 -0.593190 0.804204
1743735075.392776 168.774643 -387.495645 28.093303 -0.025678 -0.027163 -0.592472 0.804724
1743735075.496066 169.073694 -388.332373 28.173533 -0.028350 -0.027966 -0.592082 0.804894
1743735075.599426 169.341168 -389.153574 28.246120 -0.030318 -0.029022 -0.591833 0.804967
1743735075.702766 169.620645 -389.993595 28.328129 -0.030954 -0.028544 -0.591642 0.805101
1743735075.805996 169.881248 -390.829809 28.404007 -0.030646 -0.026065 -0.591636 0.805201
1743735075.909366 170.135972 -391.633212 28.473035 -0.030252 -0.023235 -0.591429 0.805455
1743735076.012536 170.391924 -392.433778 28.546036 -0.029945 -0.021784 -0.591339 0.805572
1743735076.115836 170.669617 -393.258141 28.619214 -0.029760 -0.021617 -0.591726 0.805300
1743735076.219196 170.945047 -394.083619 28.688449 -0.029915 -0.022087 -0.591889 0.805162
1743735076.322496 171.200391 -394.874326 28.750369 -0.030254 -0.022472 -0.592154 0.804943
1743735076.425676 171.421493 -395.678694 28.809693 -0.027652 -0.023456 -0.592435 0.804802
1743735076.529126 171.704083 -396.499764 28.883234 -0.026390 -0.023422 -0.592558 0.804754
1743735076.632376 171.934689 -397.282920 28.943477 -0.027128 -0.023870 -0.592675 0.804631
1743735076.735686 172.195472 -398.077036 29.011127 -0.027811 -0.026595 -0.592658 0.804535
1743735076.838896 172.470362 -398.881487 29.088364 -0.029093 -0.028821 -0.592932 0.804211
1743735076.942256 172.711750 -399.693314 29.138397 -0.029222 -0.028189 -0.593037 0.804151
1743735077.045466 172.955982 -400.486129 29.213703 -0.027915 -0.026992 -0.593229 0.804097
1743735077.148856 173.208750 -401.305812 29.283271 -0.028149 -0.026386 -0.593346 0.804022
1743735077.252116 173.463539 -402.141276 29.349515 -0.028380 -0.027310 -0.593260 0.804047
1743735077.357426 173.742104 -402.973696 29.428960 -0.029039 -0.028858 -0.593377 0.803883
1743735077.458756 174.011178 -403.811390 29.498073 -0.029257 -0.029700 -0.593249 0.803938
1743735077.565776 174.279946 -404.676167 29.572275 -0.028803 -0.029274 -0.593398 0.803861
1743735077.665246 174.535786 -405.523540 29.638672 -0.027551 -0.028617 -0.593080 0.804163
1743735077.768526 174.806734 -406.383428 29.716262 -0.026359 -0.029566 -0.593035 0.804202
1743735077.871896 175.093484 -407.270551 29.794396 -0.025234 -0.031334 -0.592835 0.804318
1743735077.976086 175.368303 -408.142088 29.876903 -0.024000 -0.032707 -0.592820 0.804313
1743735078.078416 175.635637 -409.027171 29.942274 -0.022467 -0.033441 -0.592088 0.804866
1743735078.181706 175.932634 -409.934928 30.036744 -0.020547 -0.034972 -0.591682 0.805151
1743735078.285076 176.200125 -410.822444 30.124254 -0.018601 -0.036262 -0.591213 0.805485
1743735078.388326 176.485876 -411.716465 30.195772 -0.018370 -0.034455 -0.591096 0.805656
1743735078.491736 176.738442 -412.559182 30.253959 -0.017522 -0.031453 -0.590801 0.806014
1743735078.594946 177.020161 -413.423034 30.333635 -0.015975 -0.030038 -0.590475 0.806339
1743735078.698266 177.303129 -414.290933 30.403262 -0.015735 -0.030566 -0.590173 0.806544
1743735078.801456 177.589217 -415.179409 30.475541 -0.017040 -0.031650 -0.590242 0.806426
1743735078.904886 177.893859 -416.068546 30.557538 -0.017412 -0.032663 -0.590167 0.806432
1743735079.008606 178.168115 -416.917946 30.626001 -0.016127 -0.033063 -0.589831 0.806689
1743735079.111416 178.437243 -417.773247 30.698543 -0.014587 -0.032740 -0.589377 0.807063
1743735079.214726 178.708684 -418.611863 30.763570 -0.014162 -0.032113 -0.589118 0.807284
1743735079.318016 178.984874 -419.439790 30.839150 -0.014813 -0.031621 -0.589302 0.807158
1743735079.421466 179.255766 -420.264213 30.903949 -0.015129 -0.031418 -0.589558 0.806973
1743735079.524636 179.506824 -421.081135 30.974075 -0.014401 -0.031091 -0.589612 0.806960
1743735079.628406 179.764560 -421.877235 31.039071 -0.012955 -0.030403 -0.590053 0.806688
1743735079.731336 180.009264 -422.664222 31.100612 -0.012425 -0.029667 -0.590385 0.806481
1743735079.834736 180.250519 -423.440955 31.157702 -0.011933 -0.029815 -0.590791 0.806185
1743735079.937966 180.517842 -424.221250 31.225393 -0.011896 -0.031132 -0.591487 0.805626
1743735080.041356 180.754765 -424.994439 31.286248 -0.013175 -0.032914 -0.591745 0.805345
1743735080.144676 181.006999 -425.757698 31.350227 -0.015749 -0.034267 -0.592498 0.804689
1743735080.248126 181.258221 -426.525426 31.422438 -0.017643 -0.035588 -0.593200 0.804075
1743735080.351236 181.489177 -427.278288 31.494356 -0.018216 -0.035827 -0.593584 0.803768
1743735080.454586 181.725978 -428.045829 31.558000 -0.016947 -0.034383 -0.594019 0.803537
1743735080.558206 181.934130 -428.791529 31.609097 -0.015228 -0.032687 -0.594523 0.803270
1743735080.661716 182.174533 -429.540667 31.680043 -0.014115 -0.032544 -0.594850 0.803053
1743735080.764666 182.400968 -430.279684 31.748481 -0.013851 -0.033310 -0.595099 0.802842
1743735080.867866 182.625743 -431.001133 31.805439 -0.014435 -0.033990 -0.595522 0.802490
1743735080.971716 182.844289 -431.716744 31.863747 -0.014596 -0.034791 -0.595547 0.802434
1743735081.075286 183.062750 -432.443454 31.921897 -0.014465 -0.035194 -0.595508 0.802448
1743735081.178006 183.293431 -433.181202 31.985587 -0.014015 -0.036191 -0.595474 0.802436
1743735081.283326 183.516052 -433.915999 32.045730 -0.014256 -0.036963 -0.595723 0.802212
1743735081.384646 183.734788 -434.610042 32.107209 -0.015187 -0.037192 -0.595618 0.802262
1743735081.488006 183.974989 -435.354971 32.173222 -0.014993 -0.037465 -0.595786 0.802129
1743735081.591746 184.180864 -436.078958 32.232827 -0.014422 -0.037184 -0.595557 0.802323
1743735081.695676 184.421564 -436.821578 32.296125 -0.013653 -0.036784 -0.595259 0.802575
1743735081.800096 184.636997 -437.542094 32.359984 -0.012881 -0.036278 -0.594602 0.803098
1743735081.903016 184.866017 -438.271807 32.420588 -0.012014 -0.035669 -0.594089 0.803518
1743735082.004936 185.081617 -438.998292 32.483228 -0.011509 -0.035336 -0.593219 0.804183
1743735082.109086 185.309883 -439.704416 32.544230 -0.012170 -0.035038 -0.592616 0.804631
1743735082.213456 185.525727 -440.388534 32.601653 -0.013140 -0.034920 -0.591860 0.805177
1743735082.315866 185.753484 -441.069605 32.662690 -0.013537 -0.035035 -0.591066 0.805749
1743735082.418176 185.969585 -441.746430 32.719087 -0.013721 -0.034652 -0.590219 0.806382
1743735082.521716 186.188927 -442.416498 32.778874 -0.013898 -0.033800 -0.589629 0.806847
1743735082.625666 186.399837 -443.086231 32.834063 -0.013813 -0.032875 -0.589156 0.807232
1743735082.728426 186.622700 -443.728255 32.890151 -0.013791 -0.032579 -0.588658 0.807608
1743735082.831586 186.831091 -444.363892 32.945469 -0.013871 -0.032442 -0.588093 0.808023
1743735082.938126 187.043402 -444.992063 32.999304 -0.013655 -0.032631 -0.587654 0.808338
1743735083.038436 187.241641 -445.592418 33.049527 -0.013405 -0.032778 -0.587149 0.808704
1743735083.141736 187.444382 -446.196980 33.098831 -0.012713 -0.033193 -0.586666 0.809048
1743735083.247796 187.632207 -446.795969 33.152226 -0.012790 -0.033191 -0.586247 0.809351
1743735083.348826 187.817518 -447.359167 33.199868 -0.013185 -0.033110 -0.585780 0.809686
1743735083.455226 188.016371 -447.938536 33.248660 -0.013459 -0.032970 -0.585222 0.810091
1743735083.555136 188.201479 -448.487793 33.293222 -0.013533 -0.032935 -0.584843 0.810365
1743735083.658526 188.385246 -449.038621 33.340089 -0.013538 -0.032871 -0.584583 0.810555
1743735083.761906 188.567369 -449.558751 33.384452 -0.013800 -0.032255 -0.584338 0.810752
1743735083.865286 188.749935 -450.116924 33.432368 -0.013912 -0.031432 -0.584111 0.810945
1743735083.968636 188.928850 -450.638686 33.474532 -0.013801 -0.030836 -0.583783 0.811207
1743735084.071916 189.095898 -451.138910 33.517665 -0.013328 -0.030991 -0.583485 0.811423
1743735084.175956 189.264185 -451.637002 33.559946 -0.013372 -0.031617 -0.583126 0.811656
1743735084.278806 189.433302 -452.125831 33.601512 -0.014661 -0.032493 -0.582902 0.811760
1743735084.382186 189.601743 -452.592319 33.644424 -0.016012 -0.033179 -0.582678 0.811868
1743735084.486516 189.769198 -453.050704 33.681297 -0.016938 -0.033824 -0.582312 0.812085
1743735084.589016 189.927137 -453.503568 33.720001 -0.016557 -0.034802 -0.581866 0.812371
1743735084.692346 190.082273 -453.936494 33.759992 -0.016145 -0.035220 -0.581806 0.812404
1743735084.795726 190.231186 -454.385252 33.799096 -0.015669 -0.034687 -0.581940 0.812340
1743735084.899096 190.373867 -454.823391 33.837530 -0.015844 -0.033542 -0.582280 0.812141
1743735085.004446 190.514698 -455.220785 33.876719 -0.015687 -0.033019 -0.582920 0.811707
1743735085.106046 190.644055 -455.607307 33.910301 -0.015427 -0.032712 -0.583424 0.811362
1743735085.209376 190.774133 -455.988893 33.944777 -0.015120 -0.032636 -0.583880 0.811043
1743735085.312816 190.895359 -456.352100 33.976128 -0.015089 -0.032309 -0.584404 0.810679
1743735085.416206 191.014826 -456.719393 34.007883 -0.014775 -0.031994 -0.584809 0.810405
1743735085.519606 191.125012 -457.081365 34.038239 -0.014346 -0.031889 -0.585157 0.810166
1743735085.622996 191.245717 -457.420750 34.070100 -0.013823 -0.031855 -0.585574 0.809875
1743735085.726516 191.357492 -457.764761 34.100231 -0.013887 -0.031461 -0.585913 0.809644
1743735085.829816 191.461730 -458.062090 34.126168 -0.014400 -0.030864 -0.586446 0.809272
1743735085.933226 191.562104 -458.353894 34.148023 -0.014860 -0.030309 -0.586843 0.808997
1743735086.036596 191.662362 -458.655156 34.173254 -0.014713 -0.030536 -0.587389 0.808594
1743735086.139986 191.752325 -458.948569 34.194859 -0.014516 -0.031155 -0.587725 0.808331
1743735086.243256 191.854110 -459.226397 34.219640 -0.014683 -0.031877 -0.588114 0.808017
1743735086.346616 191.950443 -459.506277 34.242567 -0.014846 -0.032112 -0.588317 0.807856
1743735086.449976 192.032108 -459.785665 34.264665 -0.014733 -0.031841 -0.588478 0.807752
1743735086.553396 192.123263 -460.074810 34.287717 -0.014816 -0.031355 -0.588143 0.808013
1743735086.656696 192.213354 -460.328221 34.309770 -0.015069 -0.030948 -0.587873 0.808220
1743735086.759976 192.296266 -460.589557 34.331256 -0.015493 -0.030415 -0.587351 0.808612
1743735086.863236 192.387377 -460.858072 34.352078 -0.016085 -0.029932 -0.586640 0.809135
1743735086.966646 192.488543 -461.132475 34.372926 -0.016221 -0.029914 -0.585517 0.809946
1743735087.069886 192.580663 -461.409502 34.395208 -0.016179 -0.030092 -0.583673 0.811270
1743735087.173226 192.674489 -461.689492 34.417704 -0.015711 -0.030440 -0.581205 0.813036
1743735087.276316 192.778351 -461.960392 34.440502 -0.016532 -0.030345 -0.578086 0.815244
1743735087.380436 192.893114 -462.247318 34.466274 -0.016946 -0.030466 -0.574092 0.818048
1743735087.482636 193.003420 -462.519156 34.485937 -0.017970 -0.030469 -0.569425 0.821282
1743735087.586036 193.125430 -462.793063 34.513039 -0.017568 -0.031224 -0.564502 0.824654
1743735087.689096 193.248256 -463.093123 34.534927 -0.018331 -0.030851 -0.558054 0.829029
1743735087.792616 193.387999 -463.356170 34.557760 -0.019522 -0.030749 -0.551229 0.833559
1743735087.895486 193.524673 -463.618433 34.577509 -0.021056 -0.030458 -0.543547 0.838562
1743735087.998656 193.692960 -463.877620 34.600838 -0.022106 -0.031070 -0.535180 0.843877
1743735088.101836 193.859993 -464.168850 34.630166 -0.022977 -0.032345 -0.526087 0.849505
1743735088.205106 194.010023 -464.453069 34.657452 -0.023483 -0.033283 -0.516484 0.855327
1743735088.308246 194.157647 -464.733946 34.687377 -0.025724 -0.032534 -0.506333 0.861340
1743735088.411636 194.312515 -464.991316 34.706817 -0.028659 -0.032580 -0.498743 0.865663
1743735088.515006 194.491440 -465.217314 34.732577 -0.031828 -0.031996 -0.495748 0.867293
1743735088.618646 194.650569 -465.457340 34.751731 -0.033289 -0.031722 -0.496332 0.866914
1743735088.722276 194.793170 -465.707080 34.782103 -0.033911 -0.031347 -0.498622 0.865589
1743735088.825906 194.927906 -465.954251 34.806690 -0.033977 -0.031434 -0.503234 0.862910
1743735088.929506 195.053720 -466.191267 34.828934 -0.033181 -0.032084 -0.509638 0.859150
1743735089.033146 195.152227 -466.458815 34.860211 -0.031755 -0.033317 -0.516786 0.854876
1743735089.136746 195.244534 -466.658489 34.881454 -0.030130 -0.034253 -0.525202 0.849754
1743735089.240496 195.339162 -466.911169 34.911304 -0.029040 -0.034768 -0.534433 0.843996
1743735089.344066 195.453127 -467.177325 34.935378 -0.028860 -0.034746 -0.544312 0.837666
1743735089.447636 195.538814 -467.432416 34.961709 -0.028765 -0.034278 -0.553936 0.831356
1743735089.551346 195.623273 -467.677325 34.985438 -0.028218 -0.033826 -0.563007 0.825277
1743735089.654666 195.706515 -467.936064 35.013250 -0.026639 -0.034643 -0.571360 0.819535
1743735089.758046 195.789533 -468.212310 35.045324 -0.024597 -0.035988 -0.578781 0.814317
1743735089.861426 195.868973 -468.474209 35.076067 -0.023173 -0.036735 -0.585591 0.809442
1743735089.967936 195.933529 -468.746327 35.098324 -0.023299 -0.036246 -0.591354 0.805260
1743735090.068656 196.013264 -468.974752 35.119802 -0.022705 -0.035381 -0.596140 0.801779
1743735090.176006 196.070698 -469.289461 35.150521 -0.021085 -0.034890 -0.599463 0.799364
1743735090.275716 196.141566 -469.524981 35.170376 -0.020293 -0.034611 -0.602410 0.797178
1743735090.378226 196.217964 -469.762670 35.196265 -0.019855 -0.035087 -0.603553 0.796303
1743735090.485606 196.277285 -469.981427 35.215447 -0.020164 -0.035147 -0.602782 0.796876
1743735090.587376 196.339102 -470.218476 35.235432 -0.019460 -0.035554 -0.600082 0.798911
1743735090.687386 196.409522 -470.427483 35.256069 -0.018290 -0.036032 -0.596074 0.801912
1743735090.793826 196.500854 -470.620944 35.279599 -0.018247 -0.035547 -0.591066 0.805633
1743735090.898546 196.570778 -470.796953 35.295071 -0.020635 -0.034179 -0.585417 0.809749
1743735090.997876 196.645208 -470.958426 35.313878 -0.022932 -0.033248 -0.579400 0.814042
1743735091.099666 196.722882 -471.123521 35.330052 -0.024220 -0.032139 -0.573300 0.818357
1743735091.204426 196.800874 -471.297272 35.345735 -0.024170 -0.030983 -0.566795 0.822921
1743735091.307406 196.864634 -471.436879 35.361856 -0.023054 -0.031240 -0.560420 0.827298
1743735091.409246 196.899567 -471.571658 35.371075 -0.020146 -0.034848 -0.553372 0.831961
1743735091.512156 196.990513 -471.665629 35.395255 -0.019186 -0.039192 -0.546680 0.836204
1743735091.617146 197.064837 -471.768009 35.402467 -0.020595 -0.040007 -0.539918 0.840514
1743735091.718676 197.126765 -471.893878 35.411398 -0.023619 -0.037335 -0.532810 0.845081
1743735091.825356 197.193868 -471.999236 35.415673 -0.025620 -0.034760 -0.526003 0.849386
1743735091.925386 197.255616 -472.100291 35.425322 -0.026263 -0.033576 -0.519638 0.853322
1743735092.028576 197.305571 -472.206139 35.439270 -0.025968 -0.033413 -0.513492 0.857050
1743735092.131816 197.360887 -472.285088 35.447072 -0.025988 -0.033309 -0.507754 0.860465
1743735092.235186 197.406666 -472.373954 35.454643 -0.026120 -0.033272 -0.502048 0.863804
1743735092.338596 197.460537 -472.462213 35.461115 -0.025685 -0.033162 -0.496520 0.867011
1743735092.441836 197.514480 -472.523095 35.469803 -0.024876 -0.032705 -0.491849 0.869710
1743735092.545346 197.560484 -472.584318 35.479554 -0.025433 -0.031959 -0.487908 0.871939
1743735092.648726 197.613756 -472.652265 35.489409 -0.028472 -0.030918 -0.484092 0.874007
1743735092.753936 197.664275 -472.691237 35.493832 -0.033121 -0.029701 -0.479305 0.876520
1743735092.855506 197.712867 -472.708231 35.488009 -0.036584 -0.028916 -0.475767 0.878334
1743735092.960696 197.763020 -472.760040 35.493557 -0.036449 -0.028758 -0.473395 0.879626
1743735093.062236 197.789823 -472.821714 35.506202 -0.033706 -0.028742 -0.470233 0.881430
1743735093.165756 197.796695 -472.856924 35.517228 -0.030805 -0.028795 -0.467405 0.883037
1743735093.269136 197.830439 -472.893649 35.522706 -0.029970 -0.028369 -0.465464 0.884104
1743735093.372556 197.860576 -472.923372 35.525058 -0.031438 -0.027245 -0.462903 0.885432
1743735093.477986 197.894346 -472.937038 35.518750 -0.033791 -0.026151 -0.460170 0.886802
1743735093.579896 197.932398 -472.971508 35.520422 -0.035726 -0.025603 -0.458330 0.887695
