1627785161.2838 71.5664
1627785161.3841 73.3594
1627785161.4842 76.0391
1627785161.5844 76.0391
1627785161.6846 77.0703
1627785161.7848 77.0703
1627785161.8853 77.8438
1627785161.9852 78.3594
1627785162.0854 78.8750
1627785162.1856 79.3906
1627785162.2858 79.9062
1627785162.3860 80.6797
1627785162.4862 80.6797
1627785162.5864 80.6797
1627785162.6866 81.1172
1627785162.7868 81.6328
1627785162.8869 81.9297
1627785162.9872 81.9297
1627785163.0873 82.1875
1627785163.1876 82.7031
1627785163.2888 83.1289
1627785163.3880 83.1289
1627785163.4881 84.4180
1627785163.5883 84.4180
1627785163.6892 84.4180
1627785163.7887 84.5156
1627785163.8893 85.2891
1627785163.9891 85.6445
1627785164.0897 85.6445
1627785164.1895 85.9023
1627785164.2897 86.4180
1627785164.3900 86.8906
1627785164.4901 86.8906
1627785164.5903 87.1484
1627785164.6905 87.6641
1627785164.7907 88.2461
1627785164.8944 88.2461
1627785164.9911 89.7930
1627785165.0917 89.7930
1627785165.1915 89.7930
1627785165.2917 89.7930
1627785165.3919 90.0664
1627785165.4920 90.0664
1627785165.5923 91.0977
1627785165.6925 91.0977
1627785165.7926 91.0977
1627785165.8928 91.1836
1627785165.9931 91.4414
1627785166.0932 91.4414
1627785166.1934 92.8438
1627785166.2936 92.8438
1627785166.3938 93.4062
1627785166.4941 93.4062
1627785166.5943 93.9414
1627785166.6955 93.9414
1627785166.7946 94.5625
1627785166.8948 94.5625
1627785166.9950 94.5625
1627785167.0952 94.6055
1627785167.1954 94.6055
1627785167.2956 95.1523
1627785167.3958 95.7227
1627785167.4961 96.0586
1627785167.5962 96.0586
1627785167.6964 97.0898
1627785167.7966 97.0898
1627785167.8968 97.0898
1627785167.9970 97.1875
1627785168.0971 98.7344
1627785168.1976 98.7344
1627785168.2976 99.2891
1627785168.3978 99.2891
1627785168.4979 99.2891
1627785168.5981 99.2891
1627785168.6983 99.2891
1627785168.7985 99.8828
1627785168.8990 100.2109
1627785168.9990 100.2109
1627785169.0991 100.2109
1627785169.1993 100.2109
1627785169.2995 100.2539
1627785169.3997 100.2539
1627785169.4999 101.0273
1627785169.6001 101.0273
1627785169.7003 101.0273
1627785169.8005 101.0273
1627785169.9007 101.1484
1627785170.0011 101.2031
1627785170.1011 102.7500
1627785170.2014 102.7500
1627785170.3015 102.7500
1627785170.4019 102.7500
1627785170.5019 102.8281
1627785170.6021 102.8281
1627785170.7022 103.8594
1627785170.8024 103.8594
1627785170.9027 103.8594
1627785171.0031 103.8594
1627785171.1030 103.9141
1627785171.2034 103.9141
1627785171.3035 103.9141
1627785171.4036 103.9141
1627785171.5038 105.1484
1627785171.6040 105.1484
1627785171.7043 105.1484
1627785171.8045 105.1484
1627785171.9046 105.1484
1627785172.0048 105.9453
1627785172.1050 105.9453
1627785172.2052 105.9453
1627785172.3054 105.9453
1627785172.4056 105.9453
1627785172.5058 105.9453
1627785172.6063 106.1133
1627785172.7062 106.1133
1627785172.8064 106.1133
1627785172.9066 106.3711
1627785173.0067 106.9570
1627785173.1069 106.9570
1627785173.2071 106.9570
1627785173.3073 106.9570
1627785173.4075 107.3867
1627785173.5077 107.3867
1627785173.6079 108.4180
1627785173.7081 108.4180
1627785173.8083 108.4180
1627785173.9085 108.4180
1627785174.0088 108.4336
1627785174.1089 108.4336
1627785174.2092 108.9492
1627785174.3110 108.9492
1627785174.4095 109.7852
1627785174.5097 109.7852
1627785174.6099 109.7852
1627785174.7101 109.7852
1627785174.8103 110.0859
1627785174.9105 110.0859
1627785175.0107 110.0859
1627785175.1111 110.0859
1627785175.2111 110.2969
1627785175.3113 110.2969
1627785175.4114 110.2969
1627785175.5117 110.5547
1627785175.6119 111.0703
1627785175.7120 111.1914
1627785175.8122 111.1914
1627785175.9124 111.1914
1627785176.0126 111.7070
1627785176.1128 111.7734
1627785176.2131 111.7734
1627785176.3132 111.7734
1627785176.4134 112.2891
1627785176.5136 112.2891
1627785176.6149 112.2891
1627785176.7140 112.3711
1627785176.8142 112.3711
1627785176.9144 113.4023
1627785177.0146 113.4023
1627785177.1153 113.4023
1627785177.2150 113.4023
1627785177.3152 113.4023
1627785177.4192 113.4023
1627785177.5156 113.4023
1627785177.6157 113.4023
1627785177.7160 113.4023
1627785177.8163 113.6797
1627785177.9163 113.6797
1627785178.0165 113.6797
1627785178.1168 113.6797
1627785178.2169 114.6719
1627785178.3172 114.6719
1627785178.4189 114.6719
1627785178.5175 115.0703
1627785178.6178 115.0703
1627785178.7179 115.0703
1627785178.8181 115.0859
1627785178.9183 115.6016
1627785179.0194 115.6016
1627785179.1187 115.6016
1627785179.2189 115.6133
1627785179.3192 115.6133
1627785179.4193 115.6133
1627785179.5195 115.8711
1627785179.6197 115.8906
1627785179.7199 117.4375
1627785179.8201 117.4375
1627785179.9203 117.4375
1627785180.0205 117.4375
1627785180.1207 117.4375
1627785180.2209 117.4375
1627785180.3212 117.4414
1627785180.4216 117.4414
1627785180.5215 117.4414
1627785180.6216 117.5156
1627785180.7224 117.5156
1627785180.8269 117.5156
1627785180.9222 117.5156
1627785181.0224 117.6406
1627785181.1228 117.6406
1627785181.2228 118.6719
1627785181.3231 118.6719
1627785181.4232 118.9297
1627785181.5236 118.9297
1627785181.6236 118.9297
1627785181.7238 119.3086
1627785181.8240 119.3086
1627785181.9242 119.3086
1627785182.0244 119.4258
1627785182.1246 119.4258
1627785182.2248 119.4531
1627785182.3250 120.2266
1627785182.4252 120.2266
1627785182.5255 120.2266
1627785182.6256 120.2266
1627785182.7258 120.2266
1627785182.8259 120.2266
1627785182.9262 120.2266
1627785183.0264 120.2266
1627785183.1266 120.2266
1627785183.2268 120.2266
1627785183.3269 120.2266
1627785183.4271 120.2266
1627785183.5273 120.2266
1627785183.6275 120.4844
1627785183.7277 121.2578
1627785183.8279 121.5859
1627785183.9309 121.5859
1627785184.0283 121.5859
1627785184.1309 121.5859
1627785184.2287 121.5859
1627785184.3289 121.5859
1627785184.4291 121.5859
1627785184.5293 121.5859
1627785184.6295 121.5859
1627785184.7297 121.5859
1627785184.8303 121.5859
1627785184.9301 122.3594
1627785185.0303 122.3594
1627785185.1305 122.3594
1627785185.2306 122.3594
1627785185.3309 122.3594
1627785185.4310 122.3594
1627785185.5313 122.9844
1627785185.6315 122.9844
1627785185.7317 122.9844
1627785185.8319 122.9844
1627785185.9320 123.3438
1627785186.0322 123.3438
1627785186.1324 123.3438
1627785186.2326 123.3438
1627785186.3331 123.4844
1627785186.4330 123.4844
1627785186.5332 124.5156
1627785186.6334 124.5156
1627785186.7336 124.5312
1627785186.8338 124.5312
1627785186.9340 124.7891
1627785187.0342 124.7891
1627785187.1347 124.7891
1627785187.2346 124.7891
1627785187.3348 124.7891
1627785187.4350 124.7891
1627785187.5351 125.7031
1627785187.6354 125.7031
1627785187.7356 125.7031
1627785187.8358 125.7031
1627785187.9360 125.7617
1627785188.0361 125.7617
1627785188.1363 125.7617
1627785188.2366 126.0195
1627785188.3367 126.0195
1627785188.4369 126.3359
1627785188.5371 126.3359
1627785188.6373 126.3359
1627785188.7375 126.3359
1627785188.8377 126.3359
1627785188.9379 126.3359
1627785189.0381 126.3359
1627785189.1384 126.3359
1627785189.2385 126.3359
1627785189.3387 126.6562
1627785189.4389 126.7422
1627785189.5391 128.2891
1627785189.6393 128.2891
1627785189.7395 128.2891
1627785189.8397 128.2891
1627785189.9399 128.2891
1627785190.0401 128.2891
1627785190.1403 128.2891
1627785190.2405 128.2891
1627785190.3407 128.2891
1627785190.4408 128.5703
1627785190.5410 128.5703
1627785190.6416 128.5703
1627785190.7414 128.5703
1627785190.8419 128.5703
1627785190.9419 128.5703
1627785191.0420 128.5703
1627785191.1422 128.5703
1627785191.2424 128.5703
1627785191.3426 128.6914
1627785191.4428 129.2070
1627785191.5430 129.7227
1627785191.6432 129.7227
1627785191.7434 130.3047
1627785191.8436 130.3047
1627785191.9438 130.6445
1627785192.0440 130.6445
1627785192.1442 130.6445
1627785192.2444 130.6445
1627785192.3446 130.6445
1627785192.4448 130.6445
1627785192.5450 130.6445
1627785192.6452 130.6445
1627785192.7461 130.6445
1627785192.8456 130.6992
1627785192.9457 130.6992
1627785193.0459 130.6992
1627785193.1461 130.6992
1627785193.2463 130.7031
1627785193.3465 130.7031
1627785193.4468 130.7031
1627785193.5472 130.7031
1627785193.6471 130.7031
1627785193.7474 130.7031
1627785193.8475 131.7344
1627785193.9481 131.7344
1627785194.0479 131.7344
1627785194.1481 132.2344
1627785194.2483 132.2344
1627785194.3485 132.4258
1627785194.4488 132.4258
1627785194.5489 132.4258
1627785194.6491 132.4258
1627785194.7493 132.4258
1627785194.8495 132.4258
1627785194.9497 132.4258
1627785195.0499 132.4258
1627785195.1502 132.4258
1627785195.2502 132.4258
1627785195.3512 132.4258
1627785195.4507 132.4258
1627785195.5511 133.1172
1627785195.6510 133.1172
1627785195.7514 133.1172
1627785195.8514 133.2461
1627785195.9520 133.2461
1627785196.0518 133.2461
1627785196.1522 133.3086
1627785196.2524 133.8242
1627785196.3529 133.8242
1627785196.4526 133.8242
1627785196.5528 133.8242
1627785196.6530 133.8242
1627785196.7532 133.8242
1627785196.8534 134.3438
1627785196.9549 134.3438
1627785197.0538 134.3438
1627785197.1540 134.3438
1627785197.2542 134.3438
1627785197.3545 134.3438
1627785197.4546 134.9180
1627785197.5547 134.9180
1627785197.6550 134.9180
1627785197.7551 134.9180
1627785197.8554 134.9180
1627785197.9555 134.9180
1627785198.0564 135.4922
1627785198.1559 135.4922
1627785198.2561 135.4922
1627785198.3564 135.4922
1627785198.4565 135.4922
1627785198.5568 135.4922
1627785198.6569 135.4922
1627785198.7571 135.4922
1627785198.8573 136.0664
1627785198.9575 136.0664
1627785199.0577 136.0664
1627785199.1579 136.0664
1627785199.2581 136.0664
1627785199.3583 136.0664
1627785199.4586 136.0664
1627785199.5587 136.0664
1627785199.6589 136.3789
1627785199.7591 136.3789
1627785199.8593 136.4375
1627785199.9595 136.4375
1627785200.0597 136.4375
1627785200.1599 136.4375
1627785200.2601 136.9531
1627785200.3603 136.9531
1627785200.4604 137.0078
1627785200.5607 137.0078
1627785200.6609 137.0078
1627785200.7610 137.0078
1627785200.8613 137.0078
1627785200.9614 137.0078
1627785201.0616 137.7812
1627785201.1619 137.7812
1627785201.2620 137.7812
1627785201.3623 137.7812
1627785201.4624 137.7812
1627785201.5626 137.7812
1627785201.6628 137.7812
1627785201.7630 137.7812
1627785201.8632 137.7812
1627785201.9634 137.7812
1627785202.0636 137.7812
1627785202.1638 137.7812
1627785202.2640 137.7812
1627785202.3642 137.7812
1627785202.4644 137.7812
1627785202.5646 137.7812
1627785202.6648 138.3555
1627785202.7649 138.3555
1627785202.8651 138.3555
1627785202.9653 138.3555
1627785203.0655 138.3555
1627785203.1657 138.3555
1627785203.2660 138.3555
1627785203.3661 138.9258
1627785203.4663 139.4414
1627785203.5665 139.4414
1627785203.6667 139.4414
1627785203.7669 139.4414
1627785203.8671 139.4414
1627785203.9673 139.4414
1627785204.0675 139.4414
1627785204.1677 139.4414
1627785204.2679 140.0781
1627785204.3681 140.0781
1627785204.4683 140.0781
1627785204.5685 140.0781
1627785204.6687 140.0781
1627785204.7689 140.0781
1627785204.8691 140.0781
1627785204.9693 140.0781
1627785205.0694 140.0781
1627785205.1696 140.0781
1627785205.2698 140.0781
1627785205.3701 140.0781
1627785205.4702 140.0781
1627785205.5704 140.0781
1627785205.6706 140.0781
1627785205.7708 140.0781
1627785205.8710 140.0781
1627785205.9712 140.0781
1627785206.0750 140.6523
1627785206.1716 140.6523
1627785206.2718 140.6523
1627785206.3720 140.6523
1627785206.4723 141.2305
1627785206.5724 141.2305
1627785206.6749 141.2305
1627785206.7728 141.2305
1627785206.8730 141.2305
1627785206.9732 141.2305
1627785207.0734 141.2305
1627785207.1736 141.2305
1627785207.2738 141.8047
1627785207.3740 141.8047
1627785207.4742 141.8047
1627785207.5744 141.8047
1627785207.6797 141.8047
1627785207.7747 141.8047
1627785207.8749 141.8047
1627785207.9752 141.8047
1627785208.0753 141.8047
1627785208.1756 141.8047
1627785208.2757 141.8047
1627785208.3759 142.2227
1627785208.4761 142.2227
1627785208.5763 142.2227
1627785208.6789 142.2227
1627785208.7768 142.2227
1627785208.8769 142.2227
1627785208.9771 142.2227
1627785209.0773 142.2227
1627785209.1775 142.2227
1627785209.2777 142.2227
1627785209.3779 142.8008
1627785209.4781 142.8008
1627785209.5783 142.8008
1627785209.6785 142.8008
1627785209.7787 142.8008
1627785209.8789 142.8008
1627785209.9791 142.8008
1627785210.0793 142.8008
1627785210.1795 142.8008
1627785210.2812 142.8008
1627785210.3799 143.3789
1627785210.4800 143.3789
1627785210.5802 143.3789
1627785210.6805 143.3789
1627785210.7830 143.3789
1627785210.8809 143.3789
1627785210.9810 143.3789
1627785211.0817 143.3789
1627785211.1814 143.3789
1627785211.2818 143.3789
1627785211.3818 143.3789
1627785211.4820 143.9570
1627785211.5822 143.9570
1627785211.6824 143.9570
1627785211.7826 143.9570
1627785211.8829 143.9570
1627785211.9830 143.9570
1627785212.0832 143.9570
1627785212.1834 143.9570
1627785212.2836 143.9570
1627785212.3837 143.9570
1627785212.4840 144.5352
1627785212.5842 144.5352
1627785212.6843 144.5352
1627785212.7845 144.5352
1627785212.8847 144.5352
1627785212.9850 144.5352
1627785213.0851 144.5352
1627785213.1853 144.5352
1627785213.2855 144.5352
1627785213.3857 144.5352
1627785213.4859 144.5352
1627785213.5869 144.5352
1627785213.6863 144.5352
1627785213.7865 145.1211
1627785213.8867 145.1211
1627785213.9869 145.1211
1627785214.0871 145.1211
1627785214.1873 145.1211
1627785214.2875 145.1211
1627785214.3877 145.1211
1627785214.4879 145.1211
1627785214.5881 145.1211
1627785214.6883 145.1211
1627785214.7885 145.1211
1627785214.8887 145.1211
1627785214.9889 145.1211
1627785215.0891 145.1211
1627785215.1898 145.6992
1627785215.2894 145.6992
1627785215.3896 145.6992
1627785215.4898 145.6992
1627785215.5900 145.6992
1627785215.6902 145.6992
1627785215.7905 145.6992
1627785215.8906 145.6992
1627785215.9908 145.6992
1627785216.0910 145.6992
1627785216.1912 145.6992
1627785216.2914 145.6992
1627785216.3916 145.6992
1627785216.4918 145.6992
1627785216.5920 146.2734
1627785216.6922 146.2734
1627785216.7924 146.2734
1627785216.8926 146.2734
1627785216.9928 146.2734
1627785217.0930 146.2734
1627785217.1932 146.2734
1627785217.2934 146.2734
1627785217.3936 146.2734
1627785217.4938 146.2734
1627785217.5939 146.2734
1627785217.6942 146.2734
1627785217.7943 146.2734
1627785217.8945 146.2734
1627785217.9947 146.2734
1627785218.0993 146.2734
1627785218.1952 146.2734
1627785218.2953 146.2734
1627785218.3955 146.2734
1627785218.4957 146.2734
1627785218.5959 146.2734
1627785218.6961 146.2734
1627785218.7963 146.2734
1627785218.8965 146.2734
1627785218.9967 146.2734
1627785219.0969 146.8438
1627785219.1989 146.8438
1627785219.2973 146.8438
1627785219.4033 146.8438
1627785219.4977 146.8438
1627785219.5979 146.8438
1627785219.6981 146.8438
1627785219.7983 146.8438
1627785219.8985 146.8438
1627785219.9993 146.8438
1627785220.0989 146.8438
1627785220.1990 146.8438
1627785220.2992 147.1602
1627785220.3994 147.6758
1627785220.4996 147.6758
1627785220.5998 147.6758
1627785220.7001 147.6758
1627785220.8002 147.6758
1627785220.9004 147.6758
1627785221.0006 147.6758
1627785221.1008 147.6758
1627785221.2010 147.6758
1627785221.3012 147.6758
1627785221.4015 147.6758
1627785221.5016 147.6758
1627785221.6037 147.6758
1627785221.7020 147.6758
1627785221.8023 147.6758
1627785221.9024 147.6758
1627785222.0026 147.6758
1627785222.1028 147.6758
1627785222.2032 147.6758
1627785222.3032 147.6758
1627785222.4050 147.6758
1627785222.5036 147.9922
1627785222.6044 148.7656
1627785222.7040 148.7656
1627785222.8043 148.7656
1627785222.9043 148.7656
1627785223.0045 148.7656
1627785223.1047 148.7656
1627785223.2057 148.7656
1627785223.3051 148.7656
1627785223.4054 148.7656
1627785223.5055 148.7656
1627785223.6057 148.7656
1627785223.7059 148.7656
1627785223.8061 148.7656
1627785223.9063 148.7656
1627785224.0070 148.7656
1627785224.1067 148.7656
1627785224.2069 148.7656
1627785224.3071 148.7656
1627785224.4073 148.7656
1627785224.5076 148.7656
1627785224.6077 148.7656
1627785224.7092 148.7656
1627785224.8081 148.7656
1627785224.9083 148.7656
1627785225.0084 148.7656
1627785225.1087 148.7656
1627785225.2088 149.6133
1627785225.3130 149.6133
1627785225.4092 149.6133
1627785225.5104 149.6133
1627785225.6110 149.6133
1627785225.7102 149.6133
1627785225.8100 149.6133
1627785225.9102 149.6133
1627785226.0104 149.6133
1627785226.1120 149.6133
1627785226.2108 149.6133
1627785226.3110 149.6133
1627785226.4112 149.6133
1627785226.5114 149.6133
1627785226.6116 149.6133
1627785226.7119 149.6133
1627785226.8120 149.9258
1627785226.9122 149.9258
1627785227.0124 149.9258
1627785227.1126 149.9258
1627785227.2128 149.9258
1627785227.3130 150.2617
1627785227.4132 150.2617
1627785227.5133 151.2930
1627785227.6135 151.2930
1627785227.7138 151.3164
1627785227.8140 151.3164
1627785227.9141 151.3203
1627785228.0143 151.3203
1627785228.1145 151.3203
1627785228.2148 151.3203
1627785228.3149 151.3203
1627785228.4151 151.3203
1627785228.5153 151.3203
1627785228.6155 151.3203
1627785228.7157 151.3242
1627785228.8159 151.3242
1627785228.9161 151.3242
1627785229.0163 151.3242
1627785229.1165 151.3242
1627785229.2167 151.3242
1627785229.3169 151.3242
1627785229.4171 151.3242
1627785229.5173 151.3242
1627785229.6175 151.3242
1627785229.7177 151.3242
1627785229.8179 151.3242
1627785229.9181 151.3242
1627785230.0183 151.3242
1627785230.1184 151.3242
1627785230.2186 151.3242
1627785230.3188 151.3242
1627785230.4190 151.3242
1627785230.5193 151.3242
1627785230.6194 151.3242
1627785230.7196 151.3242
1627785230.8198 151.3359
1627785230.9200 151.3359
1627785231.0202 151.3359
1627785231.1205 151.3359
1627785231.2206 151.3438
1627785231.3208 151.3438
1627785231.4210 151.3438
1627785231.5214 151.3438
1627785231.6214 151.3438
1627785231.7216 151.3438
1627785231.8218 151.3438
1627785231.9221 151.3438
1627785232.0222 151.3438
1627785232.1224 151.3438
1627785232.2225 151.3438
1627785232.3229 151.3438
1627785232.4230 151.3438
1627785232.5231 151.3438
1627785232.6234 151.3438
1627785232.7236 151.3438
1627785232.8237 151.3516
1627785232.9239 151.4922
1627785233.0241 151.4922
1627785233.1243 151.4922
1627785233.2245 151.4922
1627785233.3247 151.4922
1627785233.4249 151.4922
1627785233.5251 152.3984
1627785233.6253 152.3984
1627785233.7260 152.4688
1627785233.8257 152.4688
1627785233.9275 152.4727
1627785234.0261 152.4727
1627785234.1263 152.4727
1627785234.2265 152.4727
1627785234.3270 152.4727
1627785234.4269 152.4727
1627785234.5272 152.4727
1627785234.6273 152.4727
1627785234.7295 152.4727
1627785234.8277 152.4727
1627785234.9278 152.4727
1627785235.0281 152.4727
1627785235.1295 152.4727
1627785235.2284 152.4727
1627785235.3286 152.4727
1627785235.4289 152.4727
1627785235.5290 152.4766
1627785235.6292 152.4766
1627785235.7294 153.5078
1627785235.8296 153.5078
1627785235.9300 153.5078
1627785236.0300 153.5078
1627785236.1302 153.5078
1627785236.2304 153.5078
1627785236.3306 153.5078
1627785236.4308 153.5078
1627785236.5311 153.5078
1627785236.6313 153.5078
1627785236.7314 153.5078
1627785236.8316 153.5078
1627785236.9318 153.5078
1627785237.0320 153.5078
1627785237.1350 153.5078
1627785237.2324 153.5078
1627785237.3327 153.5078
1627785237.4328 153.5078
1627785237.5333 153.5078
1627785237.6332 153.5078
1627785237.7333 153.5078
1627785237.8335 153.5078
1627785237.9338 153.5078
1627785238.0340 153.5078
1627785238.1341 153.5078
1627785238.2343 153.5078
1627785238.3345 153.5078
1627785238.4347 153.5078
1627785238.5349 153.5078
1627785238.6351 153.5078
1627785238.7354 153.5078
1627785238.8355 153.5078
1627785238.9357 153.5078
1627785239.0359 153.5078
1627785239.1381 153.5078
1627785239.2363 153.5078
1627785239.3365 153.5078
1627785239.4367 154.3711
1627785239.5369 154.3711
1627785239.6375 154.3711
1627785239.7373 154.3711
1627785239.8375 154.3711
1627785239.9376 154.3711
1627785240.0379 154.3711
1627785240.1380 154.3711
1627785240.2383 154.3711
1627785240.3384 154.3711
1627785240.4387 154.3711
1627785240.5388 154.3711
1627785240.6390 154.3711
1627785240.7392 154.4453
1627785240.8394 154.4453
1627785240.9397 154.4453
1627785241.0398 154.4453
1627785241.1400 154.4570
1627785241.2402 154.4570
1627785241.3404 154.4570
1627785241.4406 154.4570
1627785241.5408 155.6211
1627785241.6410 155.6211
1627785241.7412 155.6211
1627785241.8415 155.6211
1627785241.9416 155.6211
1627785242.0418 155.6211
1627785242.1420 155.6211
1627785242.2422 155.6211
1627785242.3424 155.6211
1627785242.4426 155.6211
1627785242.5428 155.6211
1627785242.6429 155.6211
1627785242.7432 155.6211
1627785242.8433 155.6211
1627785242.9435 155.6211
1627785243.0437 155.6211
1627785243.1440 155.6211
1627785243.2441 155.6211
1627785243.3443 155.6211
1627785243.4445 155.6211
1627785243.5447 155.6211
1627785243.6449 155.6211
1627785243.7451 155.6211
1627785243.8454 155.6211
1627785243.9455 155.6211
1627785244.0457 155.6211
1627785244.1459 155.6211
1627785244.2461 155.6211
1627785244.3463 155.6211
1627785244.4465 155.6211
1627785244.5467 155.6211
1627785244.6469 155.6211
1627785244.7480 155.6211
1627785244.8473 156.3711
1627785244.9475 156.3711
1627785245.0476 156.4453
1627785245.1478 156.4453
1627785245.2480 156.4492
1627785245.3482 156.4492
1627785245.4484 156.4492
1627785245.5486 156.4492
1627785245.6488 156.4492
1627785245.7490 156.4492
1627785245.8492 156.4492
1627785245.9494 156.4492
1627785246.0496 156.4492
1627785246.1498 156.4492
1627785246.2500 156.4492
1627785246.3502 156.4492
1627785246.4528 156.4492
1627785246.5506 156.4492
1627785246.6546 156.4492
1627785246.7510 156.4492
1627785246.8515 156.4492
1627785246.9514 156.4492
1627785247.0516 156.4492
1627785247.1518 156.4492
1627785247.2540 156.4492
1627785247.3521 156.4492
1627785247.4523 156.4492
1627785247.5526 156.4531
1627785247.6553 156.4531
1627785247.7530 156.4531
1627785247.8643 156.4531
1627785247.9534 156.5977
1627785248.0535 156.5977
1627785248.1538 157.6289
1627785248.2539 157.6289
1627785248.3542 157.6289
1627785248.4549 157.6289
1627785248.5545 157.6289
1627785248.6556 157.6289
1627785248.7549 157.7930
1627785248.8551 157.7930
1627785248.9554 157.7930
1627785249.0556 157.7930
1627785249.1557 157.7930
1627785249.2559 157.7930
1627785249.3561 157.7930
1627785249.4564 157.7930
1627785249.5565 157.7930
1627785249.6571 157.7930
1627785249.7569 157.7930
1627785249.8570 157.7930
1627785249.9573 157.7930
1627785250.0574 157.7930
1627785250.1576 157.7930
1627785250.2589 157.7930
1627785250.3580 157.7930
1627785250.4589 157.7930
1627785250.5584 157.7930
1627785250.6627 157.7930
1627785250.7588 158.4023
1627785250.8590 158.4023
1627785250.9592 158.4023
1627785251.0645 158.4023
1627785251.1596 158.4023
1627785251.2599 158.4023
1627785251.3600 158.4023
1627785251.4613 158.4023
1627785251.5604 158.8594
1627785251.6606 158.8594
1627785251.7608 158.8594
1627785251.8610 158.8594
1627785251.9612 158.8594
1627785252.0628 158.8594
1627785252.1616 158.8594
1627785252.2634 158.8594
1627785252.3620 158.8594
1627785252.4628 158.8594
1627785252.5624 158.8594
1627785252.6630 158.8594
1627785252.7628 158.8594
1627785252.8629 159.2031
1627785252.9637 159.2031
1627785253.0634 159.2031
1627785253.1635 159.2031
1627785253.2638 159.2031
1627785253.3639 159.2031
1627785253.4641 159.2031
1627785253.5643 159.2031
1627785253.6645 159.2031
1627785253.7647 159.2031
1627785253.8649 159.2031
1627785253.9651 159.7227
1627785254.0653 159.7227
1627785254.1655 159.7227
1627785254.2657 159.7227
1627785254.3659 159.7227
1627785254.4661 159.7227
1627785254.5663 159.7227
1627785254.6665 159.7227
1627785254.7667 159.7227
1627785254.8686 159.7227
1627785254.9670 159.7227
1627785255.0673 159.7227
1627785255.1674 159.7227
1627785255.2676 159.7227
1627785255.3679 159.7227
1627785255.4680 159.7227
1627785255.5682 159.7227
1627785255.6686 159.7227
1627785255.7686 159.7227
1627785255.8688 159.7227
1627785255.9690 159.7227
1627785256.0692 160.8906
1627785256.1694 160.8906
1627785256.2696 160.8906
1627785256.3698 160.8906
1627785256.4700 162.0547
1627785256.5702 162.0547
1627785256.6704 162.0547
1627785256.7706 162.0547
1627785256.8708 162.0547
1627785256.9710 162.0547
1627785257.0712 162.0547
1627785257.1714 162.6367
1627785257.2718 162.6367
1627785257.3718 162.6367
1627785257.4724 162.6367
1627785257.5721 162.6367
1627785257.6728 162.6367
1627785257.7725 162.6367
1627785257.8727 162.6367
1627785257.9729 162.6367
1627785258.0731 162.6367
1627785258.1733 162.6367
1627785258.2735 162.6367
1627785258.3737 162.6367
1627785258.4744 162.6367
1627785258.5741 162.6367
1627785258.6743 162.6367
1627785258.7745 162.6367
1627785258.8789 162.6367
1627785258.9749 162.6367
1627785259.0751 162.6367
1627785259.1758 162.6367
1627785259.2755 162.6367
1627785259.3757 162.6367
1627785259.4759 163.2539
1627785259.5761 163.7695
1627785259.6766 163.7695
1627785259.7765 163.7695
1627785259.8767 163.7695
1627785259.9768 163.7695
1627785260.0770 163.7695
1627785260.1772 163.7695
1627785260.2775 163.7695
1627785260.3776 163.7695
1627785260.4778 163.7695
1627785260.5781 163.7695
1627785260.6782 163.7695
1627785260.7784 163.7695
1627785260.8786 163.7695
1627785260.9788 163.7695
1627785261.0790 163.7695
1627785261.1792 163.7695
1627785261.2794 163.7695
1627785261.3796 163.7695
1627785261.4798 163.7695
1627785261.5801 163.7695
1627785261.6802 163.7695
1627785261.7854 163.7695
1627785261.8806 163.7695
1627785261.9829 163.7695
1627785262.0810 163.7695
1627785262.1811 163.7695
1627785262.2815 163.7695
1627785262.3817 163.7695
1627785262.4817 163.7695
1627785262.5819 163.7695
1627785262.6822 163.8984
1627785262.7823 163.8984
1627785262.8825 163.8984
1627785262.9827 163.8984
1627785263.0829 163.8984
1627785263.1831 163.8984
1627785263.2833 163.8984
1627785263.3847 163.8984
1627785263.4837 163.8984
1627785263.5839 163.8984
1627785263.6841 163.8984
1627785263.7866 163.8984
1627785263.8845 163.8984
1627785263.9847 163.8984
1627785264.0849 163.8984
1627785264.1868 163.8984
1627785264.2854 163.8984
1627785264.3872 163.8984
1627785264.4857 164.1562
1627785264.5861 164.1562
1627785264.6861 164.1562
1627785264.7862 164.1562
1627785264.8865 164.1562
1627785264.9915 164.2109
1627785265.0868 164.2109
1627785265.1870 164.2109
1627785265.2873 164.2109
1627785265.3884 164.2109
1627785265.4876 164.2109
1627785265.5889 164.2109
1627785265.6880 164.2109
1627785265.7883 164.2109
1627785265.8884 164.2109
1627785265.9886 164.2109
1627785266.0888 164.2109
1627785266.1890 164.7266
1627785266.2892 164.7266
1627785266.3894 164.7266
1627785266.4896 164.7266
1627785266.5898 164.7266
1627785266.6900 164.7266
1627785266.7910 164.7266
1627785266.8904 164.7266
1627785266.9909 164.7266
1627785267.0907 164.7266
1627785267.1910 164.7266
1627785267.2912 164.7812
1627785267.3914 164.7812
1627785267.4923 164.7812
1627785267.5931 164.7812
1627785267.6919 164.7812
1627785267.7921 164.7812
1627785267.8923 164.7812
1627785267.9925 164.7812
1627785268.0927 164.7812
1627785268.1929 164.7812
1627785268.2931 164.7812
1627785268.3933 164.7812
1627785268.4935 164.7812
1627785268.5937 164.7812
1627785268.6939 164.7812
1627785268.7941 164.7812
1627785268.8943 164.7812
1627785268.9945 164.7812
1627785269.0947 164.7812
1627785269.1949 165.2969
1627785269.2951 165.2969
1627785269.3953 165.2969
1627785269.4955 165.2969
1627785269.5956 165.2969
1627785269.6959 165.2969
1627785269.7961 165.2969
1627785269.8963 165.2969
1627785269.9965 165.2969
1627785270.0967 165.2969
1627785270.1968 165.2969
1627785270.2971 165.2969
1627785270.3977 165.2969
1627785270.4974 165.2969
1627785270.5976 165.2969
1627785270.6978 165.2969
1627785270.7980 165.2969
1627785270.8983 165.2969
1627785270.9984 165.2969
1627785271.0986 165.2969
1627785271.1989 165.2969
1627785271.2990 165.2969
1627785271.3992 165.2969
1627785271.4994 165.2969
1627785271.5996 165.2969
1627785271.6998 165.2969
1627785271.8000 165.2969
1627785271.9002 165.2969
1627785272.0003 165.2969
1627785272.1006 165.2969
1627785272.2007 165.2969
1627785272.3009 165.2969
1627785272.4012 165.2969
1627785272.5014 165.2969
1627785272.6016 165.2969
1627785272.7018 165.2969
1627785272.8019 165.2969
1627785272.9022 165.3477
1627785273.0023 166.1211
1627785273.1025 166.1211
1627785273.2027 166.1211
1627785273.3029 166.1211
1627785273.4031 166.4336
1627785273.5033 166.4336
1627785273.6035 166.4336
1627785273.7037 166.4336
1627785273.8039 166.4336
1627785273.9041 166.4336
1627785274.0043 166.4336
1627785274.1045 166.4336
1627785274.2047 166.4336
1627785274.3049 166.4336
1627785274.4051 166.4336
1627785274.5053 166.4336
1627785274.6055 166.4336
1627785274.7061 166.4336
1627785274.8059 166.4336
1627785274.9079 166.4336
1627785275.0063 166.4336
1627785275.1065 166.4336
1627785275.2067 166.4336
1627785275.3068 166.4336
1627785275.4070 166.4336
1627785275.5072 166.4336
1627785275.6074 166.4336
1627785275.7076 166.4336
1627785275.8078 166.4336
1627785275.9080 166.4336
1627785276.0082 166.4336
1627785276.1097 166.4336
1627785276.2086 166.4336
1627785276.3107 166.4336
1627785276.4090 166.4336
1627785276.5092 166.4336
1627785276.6110 166.4336
1627785276.7096 166.7500
1627785276.8098 166.7500
1627785276.9100 166.7500
1627785277.0102 166.7500
1627785277.1104 166.7500
1627785277.2105 166.7500
1627785277.3108 166.7500
1627785277.4111 166.7500
1627785277.5111 166.7500
1627785277.6114 167.0078
1627785277.7115 167.0078
1627785277.8117 167.0078
1627785277.9119 167.0078
1627785278.0121 167.0078
1627785278.1126 167.0078
1627785278.2125 167.0078
1627785278.3138 167.0078
1627785278.4129 167.0078
1627785278.5143 167.0078
1627785278.6133 167.0078
1627785278.7135 167.0078
1627785278.8137 167.0078
1627785278.9150 167.0078
1627785279.0141 167.0078
1627785279.1144 167.0078
1627785279.2145 167.3203
1627785279.3147 167.3203
1627785279.4149 167.3203
1627785279.5151 167.3203
1627785279.6153 167.3203
1627785279.7155 167.3203
1627785279.8158 167.4023
1627785279.9158 167.4023
1627785280.0160 167.4023
1627785280.1162 167.4023
1627785280.2164 167.4023
1627785280.3170 167.4023
1627785280.4168 167.4023
1627785280.5170 167.4023
1627785280.6176 167.4023
1627785280.7174 167.4023
1627785280.8178 167.4023
1627785280.9178 167.4023
1627785281.0181 167.4023
1627785281.1182 167.4023
1627785281.2184 167.4023
1627785281.3186 167.4023
1627785281.4188 167.4023
1627785281.5191 167.4023
1627785281.6192 167.4023
1627785281.7194 167.4023
1627785281.8196 167.4023
1627785281.9198 167.4023
1627785282.0199 167.4023
1627785282.1202 167.4023
1627785282.2204 167.4023
1627785282.3205 167.7188
1627785282.4207 167.7188
1627785282.5209 167.7188
1627785282.6216 167.7188
1627785282.7213 167.7188
1627785282.8229 167.7188
1627785282.9217 167.7188
1627785283.0220 167.7188
1627785283.1223 168.2344
1627785283.2223 168.2344
1627785283.3225 168.2344
1627785283.4227 168.2969
1627785283.5229 168.2969
1627785283.6231 168.2969
1627785283.7233 168.2969
1627785283.8235 168.2969
1627785283.9237 168.2969
1627785284.0239 168.2969
1627785284.1241 168.2969
1627785284.2243 168.2969
1627785284.3245 168.2969
1627785284.4247 168.2969
1627785284.5250 168.2969
1627785284.6251 168.2969
1627785284.7253 168.2969
1627785284.8255 168.2969
1627785284.9257 168.2969
1627785285.0258 168.2969
1627785285.1260 168.3750
1627785285.2262 169.1484
1627785285.3264 169.1484
1627785285.4266 169.1484
1627785285.5268 169.1484
1627785285.6270 169.1484
1627785285.7274 169.6641
1627785285.8274 169.6641
1627785285.9278 169.6641
1627785286.0278 169.6641
1627785286.1280 169.6641
1627785286.2282 169.6641
1627785286.3295 169.6641
1627785286.4286 169.6641
1627785286.5288 169.6641
1627785286.6290 169.6641
1627785286.7292 169.6641
1627785286.8294 169.6641
1627785286.9296 169.6641
1627785287.0298 169.6641
1627785287.1300 169.6641
1627785287.2302 169.6641
1627785287.3303 169.6641
1627785287.4306 169.6641
1627785287.5310 169.6641
1627785287.6310 169.6641
1627785287.7311 169.6641
1627785287.8314 169.6641
1627785287.9315 169.6641
1627785288.0317 169.6641
1627785288.1319 169.6641
1627785288.2321 169.6641
1627785288.3323 169.6641
1627785288.4325 169.6641
1627785288.5327 169.6641
1627785288.6330 169.6641
1627785288.7331 169.6641
1627785288.8333 169.6641
1627785288.9335 169.6641
1627785289.0337 169.6641
1627785289.1339 169.6641
1627785289.2341 169.6641
1627785289.3343 169.6641
1627785289.4345 169.6641
1627785289.5347 169.6641
1627785289.6349 169.6641
1627785289.7351 169.6641
1627785289.8369 169.6641
1627785289.9355 169.6641
1627785290.0357 169.6641
1627785290.1358 169.6641
1627785290.2361 169.6641
1627785290.3363 169.6641
1627785290.4367 169.6641
1627785290.5366 169.6641
1627785290.6368 169.6641
1627785290.7370 169.6641
1627785290.8372 169.6641
1627785290.9374 169.6641
1627785291.0382 169.6641
1627785291.1378 169.6641
1627785291.2380 169.7578
1627785291.3382 169.7578
1627785291.4384 169.7578
1627785291.5386 169.7578
1627785291.6388 169.7578
1627785291.7390 169.7578
1627785291.8391 169.7578
1627785291.9394 169.7578
1627785292.0395 170.7969
1627785292.1398 170.7969
1627785292.2400 170.7969
1627785292.3401 170.7969
1627785292.4404 170.7969
1627785292.5405 170.7969
1627785292.6407 170.7969
1627785292.7409 170.7969
1627785292.8417 170.7969
1627785292.9413 170.7969
1627785293.0415 170.7969
1627785293.1418 170.7969
1627785293.2421 170.7969
1627785293.3421 170.7969
1627785293.4429 170.7969
1627785293.5425 170.7969
1627785293.6430 170.7969
1627785293.7429 170.7969
1627785293.8438 170.7969
1627785293.9433 170.7969
1627785294.0438 170.7969
1627785294.1437 170.7969
1627785294.2441 170.7969
1627785294.3441 170.7969
1627785294.4442 170.7969
1627785294.5445 170.7969
1627785294.6446 170.7969
1627785294.7448 170.7969
1627785294.8453 170.7969
1627785294.9453 170.7969
1627785295.0454 170.7969
1627785295.1457 170.7969
1627785295.2458 170.7969
1627785295.3460 170.7969
1627785295.4462 170.7969
1627785295.5464 170.7969
1627785295.6467 170.7969
1627785295.7468 170.7969
1627785295.8482 170.7969
1627785295.9472 170.7969
1627785296.0503 170.7969
1627785296.1476 170.7969
1627785296.2487 170.7969
1627785296.3480 170.7969
1627785296.4482 170.7969
1627785296.5484 170.7969
1627785296.6486 170.7969
1627785296.7488 170.7969
1627785296.8510 170.7969
1627785296.9492 170.7969
1627785297.0514 170.7969
1627785297.1500 170.7969
1627785297.2517 171.7969
1627785297.3499 171.7969
1627785297.4501 171.7969
1627785297.5504 171.7969
1627785297.6508 171.7969
1627785297.7507 171.7969
1627785297.8510 171.7969
1627785297.9511 171.7969
1627785298.0513 171.7969
1627785298.1515 171.7969
1627785298.2527 171.7969
1627785298.3519 171.7969
1627785298.4521 171.7969
1627785298.5523 171.7969
1627785298.6525 171.7969
1627785298.7527 171.7969
1627785298.8529 171.7969
1627785298.9531 171.7969
1627785299.0534 171.7969
1627785299.1535 171.7969
1627785299.2537 171.7969
1627785299.3539 171.7969
1627785299.4544 171.7969
1627785299.5543 171.7969
1627785299.6544 171.7969
1627785299.7547 171.7969
1627785299.8548 171.7969
1627785299.9550 171.7969
1627785300.0552 171.7969
1627785300.1555 171.7969
1627785300.2571 171.7969
1627785300.3558 171.7969
1627785300.4560 171.7969
1627785300.5562 171.7969
1627785300.6564 171.7969
1627785300.7566 171.7969
1627785300.8568 171.7969
1627785300.9570 171.7969
1627785301.0572 171.7969
1627785301.1574 171.7969
1627785301.2576 171.7969
1627785301.3579 171.7969
1627785301.4580 171.7969
1627785301.5582 171.7969
1627785301.6584 171.7969
1627785301.7586 171.7969
1627785301.8588 171.7969
1627785301.9590 171.7969
1627785302.0592 171.7969
1627785302.1594 171.7969
1627785302.2596 171.7969
1627785302.3598 171.7969
1627785302.4599 172.7930
1627785302.5601 172.7930
1627785302.6603 172.7930
1627785302.7605 172.7930
1627785302.8607 172.7930
1627785302.9609 172.7930
1627785303.0612 172.7930
1627785303.1613 172.7930
1627785303.2615 172.7930
1627785303.3617 172.7930
1627785303.4619 172.7930
1627785303.5621 172.7930
1627785303.6623 172.7930
1627785303.7625 172.7930
1627785303.8627 172.7930
1627785303.9629 172.7930
1627785304.0631 172.7930
1627785304.1633 172.7930
1627785304.2635 172.7930
1627785304.3672 172.7930
1627785304.4639 172.7930
1627785304.5640 172.7930
1627785304.6643 172.7930
1627785304.7650 172.7930
1627785304.8647 172.7930
1627785304.9649 172.7930
1627785305.0659 172.7930
1627785305.1668 172.7930
1627785305.2654 172.7930
1627785305.3660 172.7930
1627785305.4658 172.7930
1627785305.5660 172.7930
1627785305.6662 172.7930
1627785305.7664 172.7930
1627785305.8666 172.7930
1627785305.9675 172.7930
1627785306.0670 172.7930
1627785306.1673 172.7930
1627785306.2674 172.7930
1627785306.3680 172.7930
1627785306.4678 172.7930
1627785306.5681 172.7930
1627785306.6682 172.7930
1627785306.7684 172.7930
1627785306.8686 172.7930
1627785306.9688 172.7930
1627785307.0690 172.7930
1627785307.1698 172.7930
1627785307.2694 172.7930
1627785307.3695 172.7930
1627785307.4697 172.7930
1627785307.5699 172.7930
1627785307.6701 172.7930
1627785307.7703 172.7930
1627785307.8705 172.7930
1627785307.9708 172.8867
1627785308.0709 172.8867
1627785308.1711 172.8867
1627785308.2713 172.8867
1627785308.3729 172.8867
1627785308.4718 172.9102
1627785308.5719 172.9102
1627785308.6721 172.9102
1627785308.7723 172.9102
1627785308.8725 172.9102
1627785308.9727 172.9102
1627785309.0729 172.9102
1627785309.1730 174.0664
1627785309.2733 174.0664
1627785309.3738 174.0664
1627785309.4737 174.0664
1627785309.5790 174.0664
1627785309.6741 174.0664
1627785309.7743 174.0664
1627785309.8745 174.0664
1627785309.9767 174.0664
1627785310.0748 174.0664
1627785310.1750 174.0664
1627785310.2752 174.0664
1627785310.3754 174.0664
1627785310.4756 174.0664
1627785310.5758 174.0664
1627785310.6760 174.0664
1627785310.7762 174.0664
1627785310.8764 174.0664
1627785310.9766 174.0664
1627785311.0768 174.0664
1627785311.1789 174.0664
1627785311.2772 174.0664
1627785311.3774 174.0664
1627785311.4776 174.0664
1627785311.5779 174.0664
1627785311.6780 174.0664
1627785311.7788 174.0664
1627785311.8783 174.0664
1627785311.9785 174.0664
1627785312.0788 174.0664
1627785312.1789 174.0664
1627785312.2791 174.0664
1627785312.3794 174.0664
1627785312.4795 174.0664
1627785312.5797 174.0664
1627785312.6799 174.0664
1627785312.7802 174.0664
1627785312.8803 174.0664
1627785312.9805 174.0664
1627785313.0807 174.0664
1627785313.1810 174.0664
1627785313.2811 174.6641
1627785313.3813 174.6641
1627785313.4815 174.6641
1627785313.5817 174.6641
1627785313.6825 174.6641
1627785313.7829 174.6641
1627785313.8823 174.6641
1627785313.9827 174.6641
1627785314.0829 174.6641
1627785314.1837 174.6641
1627785314.2832 174.6641
1627785314.3833 174.6641
1627785314.4835 174.6641
1627785314.5837 174.6641
1627785314.6839 174.6641
1627785314.7841 174.6641
1627785314.8843 174.6641
1627785314.9845 174.6641
1627785315.0846 174.6641
1627785315.1850 174.6641
1627785315.2850 174.6641
1627785315.3859 174.6641
1627785315.4854 174.6641
1627785315.5857 174.6641
1627785315.6858 174.6641
1627785315.7860 174.6641
1627785315.8862 174.6641
1627785315.9864 174.6641
1627785316.0866 174.6641
1627785316.1868 174.6641
1627785316.2870 174.6641
1627785316.3872 174.6641
1627785316.4874 174.6641
1627785316.5876 174.6641
1627785316.6878 174.6641
1627785316.7880 174.6641
1627785316.8882 174.6641
1627785316.9884 174.6641
1627785317.0886 174.7344
1627785317.1887 174.7344
1627785317.2890 174.7344
1627785317.3892 174.8711
1627785317.4894 174.8711
1627785317.5896 174.8711
1627785317.6897 174.8711
1627785317.7904 174.8711
1627785317.8902 174.8711
1627785317.9903 174.8711
1627785318.0905 174.8750
1627785318.1907 174.8750
1627785318.2910 174.8750
1627785318.3911 174.8750
1627785318.4913 174.8750
1627785318.5915 174.8750
1627785318.6917 174.8750
1627785318.7919 174.8750
1627785318.8921 175.0117
1627785318.9923 175.0117
1627785319.0925 175.0117
1627785319.1926 175.0117
1627785319.2929 175.0117
1627785319.3931 175.0117
1627785319.4933 175.8828
1627785319.5935 175.8828
1627785319.6936 175.9492
1627785319.7939 175.9492
1627785319.8940 175.9492
1627785319.9942 175.9492
1627785320.0944 175.9492
1627785320.1946 175.9492
1627785320.2950 175.9492
1627785320.3950 175.9492
1627785320.4953 175.9492
1627785320.5954 175.9492
1627785320.6957 175.9492
1627785320.7958 175.9492
1627785320.8965 175.9492
1627785320.9962 175.9492
1627785321.0964 175.9531
1627785321.1966 175.9531
1627785321.2968 175.9531
1627785321.3970 175.9531
1627785321.4976 175.9531
1627785321.5974 175.9531
1627785321.7001 175.9531
1627785321.7978 175.9531
1627785321.9030 175.9531
1627785321.9982 175.9531
1627785322.0984 175.9531
1627785322.1986 175.9531
1627785322.2991 175.9531
1627785322.3990 175.9531
1627785322.4991 175.9531
1627785322.5994 175.9531
1627785322.6998 175.9531
1627785322.7998 175.9531
1627785322.9000 175.9531
1627785323.0001 175.9531
1627785323.1020 175.9531
1627785323.2005 175.9531
1627785323.3007 175.9531
1627785323.4009 175.9531
1627785323.5011 175.9531
1627785323.6013 175.9531
1627785323.7015 175.9531
1627785323.8019 175.9531
1627785323.9019 175.9531
1627785324.0021 175.9531
1627785324.1031 175.9570
1627785324.2026 175.9570
1627785324.3026 175.9570
1627785324.4029 175.9570
1627785324.5030 175.9570
1627785324.6032 175.9570
1627785324.7036 175.9648
1627785324.8037 175.9648
1627785324.9040 175.9648
1627785325.0040 175.9648
1627785325.1042 175.9648
1627785325.2052 175.9648
1627785325.3069 175.9648
1627785325.4052 175.9648
1627785325.5050 175.9648
1627785325.6052 175.9648
1627785325.7056 175.9648
1627785325.8056 175.9648
1627785325.9058 175.9648
1627785326.0060 175.9648
1627785326.1170 175.9648
1627785326.2069 175.9648
1627785326.3071 175.9648
1627785326.4068 175.9648
1627785326.5111 175.9648
1627785326.6074 175.9648
1627785326.7075 175.9648
1627785326.8076 175.9648
1627785326.9078 175.9648
1627785327.0079 175.9648
1627785327.1081 175.9648
1627785327.2105 175.9648
1627785327.3085 175.9648
1627785327.4087 175.9648
1627785327.5089 175.9648
1627785327.6092 175.9648
1627785327.7094 175.9648
1627785327.8095 175.9648
1627785327.9103 175.9648
1627785328.0099 175.9648
1627785328.1101 175.9648
1627785328.2103 175.9648
1627785328.3126 175.9648
1627785328.4107 175.9648
1627785328.5111 175.9648
1627785328.6111 175.9648
1627785328.7113 175.9648
1627785328.8115 175.9648
1627785328.9121 175.9648
1627785329.0119 175.9648
1627785329.1121 175.9648
1627785329.2123 175.9648
1627785329.3130 175.9648
1627785329.4126 175.9648
1627785329.5128 175.9648
1627785329.6131 175.9648
1627785329.7132 175.9648
1627785329.8135 175.9648
1627785329.9136 175.9648
1627785330.0138 175.9648
1627785330.1145 175.9648
1627785330.2142 175.9648
1627785330.3146 176.2227
1627785330.4146 176.2227
1627785330.5148 176.2227
1627785330.6150 176.2227
1627785330.7152 176.2227
1627785330.8154 176.2227
1627785330.9156 176.2227
1627785331.0158 176.2227
1627785331.1160 176.2227
1627785331.2162 176.2227
1627785331.3164 176.2227
1627785331.4166 176.2227
1627785331.5168 176.2227
1627785331.6170 176.2227
1627785331.7172 176.2227
1627785331.8176 176.2227
1627785331.9176 177.0078
1627785332.0178 177.0078
1627785332.1179 177.0859
1627785332.2181 177.0859
1627785332.3183 177.0859
1627785332.4186 177.0859
1627785332.5188 177.0859
1627785332.6190 177.0859
1627785332.7230 177.0859
1627785332.8193 177.0859
1627785332.9195 177.0859
1627785333.0197 177.0859
1627785333.1199 177.0898
1627785333.2202 177.0898
1627785333.3203 177.0898
1627785333.4205 177.0898
1627785333.5207 177.0898
1627785333.6209 177.0898
1627785333.7211 177.0898
1627785333.8213 177.0898
1627785333.9215 177.0898
1627785334.0217 177.0898
1627785334.1221 177.0898
1627785334.2221 177.0898
1627785334.3224 177.0898
1627785334.4224 177.0898
1627785334.5229 177.0898
1627785334.6280 177.0898
1627785334.7230 177.0898
1627785334.8232 177.0898
1627785334.9234 177.0898
1627785335.0236 177.0898
1627785335.1240 177.0898
1627785335.2240 177.0898
1627785335.3242 177.0898
1627785335.4244 177.0898
1627785335.5246 177.0898
1627785335.6263 177.0898
1627785335.7250 177.0898
1627785335.8252 177.0898
1627785335.9254 177.0898
1627785336.0257 177.0898
1627785336.1258 177.0898
1627785336.2262 177.0898
1627785336.3262 177.0898
1627785336.4266 177.0898
1627785336.5266 177.0898
1627785336.6267 177.0898
1627785336.7270 177.0898
1627785336.8272 177.0898
1627785336.9273 177.0898
1627785337.0275 177.0898
1627785337.1277 177.0898
1627785337.2280 177.0898
1627785337.3281 177.0898
1627785337.4285 177.0898
1627785337.5285 177.0898
1627785337.6287 177.0898
1627785337.7289 177.0898
1627785337.8292 177.0898
1627785337.9293 177.0938
1627785338.0309 177.0938
1627785338.1297 177.0938
1627785338.2299 177.0938
1627785338.3301 177.0938
1627785338.4303 177.0938
1627785338.5305 177.0938
1627785338.6308 177.1016
1627785338.7309 177.1016
1627785338.8311 177.1016
1627785338.9313 177.1016
1627785339.0315 177.1016
1627785339.1317 177.1016
1627785339.2318 177.1016
1627785339.3321 177.2383
1627785339.4322 177.2383
1627785339.5324 178.2695
1627785339.6327 178.2695
1627785339.7329 178.2695
1627785339.8330 178.2695
1627785339.9332 178.2695
1627785340.0334 178.2695
1627785340.1336 178.2695
1627785340.2338 178.2695
1627785340.3340 178.2695
1627785340.4342 178.2695
1627785340.5344 178.2695
1627785340.6346 178.2695
1627785340.7348 178.2695
1627785340.8350 178.2695
1627785340.9352 178.2695
1627785341.0355 178.2695
1627785341.1356 178.2695
1627785341.2360 178.2695
1627785341.3360 178.2695
1627785341.4362 178.2695
1627785341.5364 178.2695
1627785341.6366 178.2695
1627785341.7367 178.2695
1627785341.8370 178.2695
1627785341.9371 178.2695
1627785342.0374 178.2695
1627785342.1376 178.2695
1627785342.2377 178.2695
1627785342.3380 178.2695
1627785342.4381 178.2695
1627785342.5383 178.2695
1627785342.6385 178.2695
1627785342.7387 178.2695
1627785342.8390 178.2695
1627785342.9391 178.2695
1627785343.0393 178.2695
1627785343.1395 178.2695
1627785343.2397 178.2695
1627785343.3400 178.2695
1627785343.4401 178.2695
1627785343.5403 178.2695
1627785343.6405 178.2695
1627785343.7407 179.1328
1627785343.8409 179.1328
1627785343.9411 179.2109
1627785344.0413 179.2109
1627785344.1415 179.2109
1627785344.2420 179.2109
1627785344.3419 179.3906
1627785344.4421 179.3906
1627785344.5422 179.3906
1627785344.6426 179.3906
1627785344.7427 179.3906
1627785344.8429 179.3906
1627785344.9430 179.3906
1627785345.0432 179.3906
1627785345.1434 179.3906
1627785345.2436 179.3906
1627785345.3440 179.3906
1627785345.4440 179.3906
1627785345.5442 179.3906
1627785345.6444 179.3906
1627785345.7446 179.3906
1627785345.8448 179.3906
1627785345.9450 179.3906
1627785346.0452 179.3906
1627785346.1454 179.3906
1627785346.2456 179.3906
1627785346.3458 179.3906
1627785346.4460 179.3906
1627785346.5462 179.3906
1627785346.6464 179.3906
1627785346.7466 179.3906
1627785346.8468 179.3906
1627785346.9470 179.3906
1627785347.0471 179.3906
1627785347.1473 179.3906
1627785347.2475 179.3906
1627785347.3481 179.3906
1627785347.4479 179.3906
1627785347.5486 179.3906
1627785347.6483 179.3906
1627785347.7485 179.3906
1627785347.8487 179.3906
1627785347.9492 179.3906
1627785348.0491 179.3906
1627785348.1493 179.3906
1627785348.2495 179.3906
1627785348.3497 179.3906
1627785348.4499 179.4844
1627785348.5503 179.4844
1627785348.6503 179.4844
1627785348.7505 179.4844
1627785348.8507 179.4844
1627785348.9511 179.4844
1627785349.0549 179.4844
1627785349.1513 179.4844
1627785349.2515 179.4844
1627785349.3516 179.4844
1627785349.4519 179.4844
1627785349.5549 179.4844
1627785349.6522 180.4023
1627785349.7524 180.4023
1627785349.8526 180.4023
1627785349.9528 180.4023
1627785350.0530 180.4023
1627785350.1532 180.4023
1627785350.2535 180.4023
1627785350.3536 180.4023
1627785350.4538 180.4023
1627785350.5540 180.4023
1627785350.6542 180.5312
1627785350.7544 180.5312
1627785350.8546 180.5312
1627785350.9548 180.5312
1627785351.0551 180.5312
1627785351.1590 180.5312
1627785351.2554 180.5312
1627785351.3556 180.5312
1627785351.4558 180.5312
1627785351.5560 180.5312
1627785351.6562 180.5312
1627785351.7563 180.5312
1627785351.8567 180.5312
1627785351.9568 180.5312
1627785352.0570 180.5312
1627785352.1575 180.5312
1627785352.2573 180.5312
1627785352.3575 180.5312
1627785352.4594 180.5312
1627785352.5579 180.5312
1627785352.6582 180.5312
1627785352.7583 180.5312
1627785352.8585 180.5312
1627785352.9589 180.5312
1627785353.0591 180.5312
1627785353.1591 180.5312
1627785353.2594 180.5312
1627785353.3595 180.5312
1627785353.4597 180.5312
1627785353.5599 180.5312
1627785353.6601 180.5312
1627785353.7603 180.5312
1627785353.8605 180.5312
1627785353.9607 180.5312
1627785354.0609 180.5312
1627785354.1611 180.5312
1627785354.2613 180.5312
1627785354.3615 180.5312
1627785354.4616 180.5312
1627785354.5618 180.5312
1627785354.6620 180.5312
1627785354.7622 180.5312
1627785354.8624 180.5312
1627785354.9626 180.5312
1627785355.0628 180.5312
1627785355.1630 180.5312
1627785355.2632 180.5312
1627785355.3634 180.5312
1627785355.4636 180.5312
1627785355.5638 180.5312
1627785355.6640 180.5312
1627785355.7642 180.5312
1627785355.8644 180.5312
1627785355.9646 180.5312
1627785356.0648 180.5312
1627785356.1650 180.5312
1627785356.2652 180.5312
1627785356.3654 180.5312
1627785356.4656 180.5312
1627785356.5658 180.5312
1627785356.6660 180.5312
1627785356.7662 180.5312
1627785356.8664 180.5312
1627785356.9665 180.5312
1627785357.0668 180.5312
1627785357.1670 180.5312
1627785357.2671 180.5312
1627785357.3674 180.6211
1627785357.4678 180.6211
1627785357.5677 180.6211
1627785357.6680 180.6211
1627785357.7681 180.6211
1627785357.8683 180.6211
1627785357.9685 180.6211
1627785358.0687 180.6211
1627785358.1689 180.6211
1627785358.2698 180.6211
1627785358.3693 180.6211
1627785358.4695 180.6211
1627785358.5697 180.6211
1627785358.6699 182.2969
1627785358.7701 182.2969
1627785358.8703 182.2969
1627785358.9705 182.2969
1627785359.0707 182.2969
1627785359.1709 182.2969
1627785359.2711 182.2969
1627785359.3713 182.2969
1627785359.4715 182.2969
1627785359.5717 182.2969
1627785359.6718 182.2969
1627785359.7721 182.2969
1627785359.8722 182.2969
1627785359.9724 182.2969
1627785360.0726 182.2969
1627785360.1728 182.2969
1627785360.2730 182.2969
1627785360.3732 182.2969
1627785360.4735 182.2969
1627785360.5739 182.2969
1627785360.6756 182.2969
1627785360.7740 182.2969
1627785360.8743 182.2969
1627785360.9744 182.2969
1627785361.0746 182.2969
1627785361.1748 182.2969
1627785361.2750 182.2969
1627785361.3752 182.2969
1627785361.4754 182.2969
1627785361.5756 182.2969
1627785361.6757 182.2969
1627785361.7760 182.2969
1627785361.8761 182.2969
1627785361.9764 182.2969
1627785362.0766 182.2969
1627785362.1767 182.2969
1627785362.2785 182.2969
1627785362.3771 182.2969
1627785362.4836 182.2969
1627785362.5775 182.2969
1627785362.6777 182.2969
1627785362.7779 182.2969
1627785362.8790 182.2969
1627785362.9783 182.2969
1627785363.0791 182.2969
1627785363.1787 182.2969
1627785363.2792 182.2969
1627785363.3791 182.2969
1627785363.4793 182.2969
1627785363.5795 182.2969
1627785363.6797 182.2969
1627785363.7799 182.2969
1627785363.8801 182.2969
1627785363.9803 182.2969
1627785364.0805 182.2969
1627785364.1807 182.2969
1627785364.2811 182.2969
1627785364.3811 182.2969
1627785364.4813 182.2969
1627785364.5815 182.2969
1627785364.6840 182.2969
1627785364.7819 182.2969
1627785364.8823 182.2969
1627785364.9822 182.2969
1627785365.0824 182.2969
1627785365.1827 182.2969
1627785365.2828 182.2969
1627785365.3830 182.2969
1627785365.4833 182.2969
1627785365.5834 182.2969
1627785365.6836 182.2969
1627785365.7838 182.2969
1627785365.8840 182.2969
1627785365.9842 182.2969
1627785366.0844 182.2969
1627785366.1846 182.2969
1627785366.2848 182.2969
1627785366.3850 182.2969
1627785366.4852 182.2969
1627785366.5854 182.2969
1627785366.6861 182.2969
1627785366.7868 182.2969
1627785366.8860 182.2969
1627785366.9861 182.2969
1627785367.0863 182.2969
1627785367.1865 182.4453
1627785367.2867 182.4453
1627785367.3869 182.4453
1627785367.4873 182.4453
1627785367.5874 182.4453
1627785367.6875 182.4453
1627785367.7877 182.4453
1627785367.8879 182.4453
1627785367.9881 182.5195
1627785368.0883 182.5195
1627785368.1886 182.5195
1627785368.2887 182.5195
1627785368.3889 182.5195
1627785368.4891 182.5195
1627785368.5893 182.5195
1627785368.6895 182.5195
1627785368.7897 182.5195
1627785368.8899 182.5195
1627785368.9901 182.5195
1627785369.0904 182.5195
1627785369.1905 182.5195
1627785369.2906 182.5195
1627785369.3909 182.5195
1627785369.4911 182.5195
1627785369.5912 182.5195
1627785369.6914 182.5195
1627785369.7916 182.5273
1627785369.8919 182.5273
1627785369.9920 182.5273
1627785370.0922 182.5273
1627785370.1924 182.5273
1627785370.2926 182.5273
1627785370.3928 182.5273
1627785370.4930 182.5273
1627785370.5932 182.5273
1627785370.6934 182.5273
1627785370.7936 182.5273
1627785370.8938 182.5273
1627785370.9940 182.5273
1627785371.0942 182.5273
1627785371.1946 182.5273
1627785371.2946 182.5273
1627785371.3948 182.5273
1627785371.4950 182.5273
1627785371.5952 182.5273
1627785371.6954 182.5273
1627785371.7956 182.5273
1627785371.8958 182.5273
1627785371.9959 182.5273
1627785372.0961 182.5273
1627785372.1963 182.5273
1627785372.2965 182.5273
1627785372.3968 182.5273
1627785372.4969 182.5273
1627785372.5972 182.5273
1627785372.6974 182.5273
1627785372.7975 182.5273
1627785372.8977 182.5273
1627785372.9979 182.5273
1627785373.0981 182.5273
1627785373.1983 182.5273
1627785373.2985 182.5273
1627785373.3987 182.5273
1627785373.4989 182.5273
1627785373.5991 182.5273
1627785373.6993 182.5273
1627785373.7995 182.5273
1627785373.8997 182.5273
1627785373.9999 182.5273
1627785374.1000 182.5273
1627785374.2003 182.5273
1627785374.3004 182.5273
1627785374.4007 182.5273
1627785374.5008 182.5312
1627785374.6011 182.5312
1627785374.7012 182.5312
1627785374.8014 182.5312
1627785374.9017 182.5312
1627785375.0018 182.5312
1627785375.1020 182.5312
1627785375.2025 182.5312
1627785375.3024 182.5312
1627785375.4058 182.5312
1627785375.5028 183.4258
1627785375.6069 183.4258
1627785375.7032 183.4258
1627785375.8046 183.5078
1627785375.9036 183.5078
1627785376.0038 183.5078
1627785376.1040 183.5078
1627785376.2042 183.5078
1627785376.3044 183.5078
1627785376.4050 183.5078
1627785376.5048 183.5078
1627785376.6061 183.5078
1627785376.7052 183.5078
1627785376.8054 183.5078
1627785376.9055 183.5078
1627785377.0061 183.5078
1627785377.1059 183.5078
1627785377.2065 183.5078
1627785377.3064 183.5078
1627785377.4074 183.5078
1627785377.5070 183.5078
1627785377.6081 183.5078
1627785377.7071 184.0234
1627785377.8074 184.0234
1627785377.9075 184.0234
1627785378.0078 184.3398
1627785378.1079 184.3398
1627785378.2081 184.3398
1627785378.3083 184.3398
1627785378.4090 184.3398
1627785378.5087 184.3398
1627785378.6089 184.3398
1627785378.7091 184.3398
1627785378.8093 184.3398
1627785378.9095 184.3398
1627785379.0097 184.3398
1627785379.1099 184.3398
1627785379.2106 184.3398
1627785379.3103 184.3398
1627785379.4105 184.3398
1627785379.5106 184.3398
1627785379.6108 184.3398
1627785379.7118 184.3398
1627785379.8113 184.3398
1627785379.9114 184.3398
1627785380.0129 184.3398
1627785380.1118 184.3398
1627785380.2120 184.3398
1627785380.3122 184.3398
1627785380.4127 184.3398
1627785380.5127 184.3398
1627785380.6128 184.3398
1627785380.7130 184.3398
1627785380.8132 184.3398
1627785380.9134 184.3398
1627785381.0136 184.3398
1627785381.1138 184.3398
1627785381.2142 184.3398
1627785381.3142 184.3398
1627785381.4144 184.3398
1627785381.5146 184.3398
1627785381.6147 184.5977
1627785381.7149 184.5977
1627785381.8151 184.5977
1627785381.9153 184.5977
1627785382.0192 184.5977
1627785382.1158 184.5977
1627785382.2159 184.5977
1627785382.3188 184.5977
1627785382.4163 184.5977
1627785382.5165 184.9102
1627785382.6167 184.9102
1627785382.7169 184.9102
1627785382.8171 184.9102
1627785382.9174 184.9102
1627785383.0175 184.9102
1627785383.1177 184.9102
1627785383.2179 184.9102
1627785383.3181 184.9102
1627785383.4183 184.9102
1627785383.5186 184.9102
1627785383.6187 184.9102
1627785383.7189 184.9102
1627785383.8191 184.9102
1627785383.9193 184.9102
1627785384.0195 185.1680
1627785384.1197 185.1680
1627785384.2202 185.1680
1627785384.3202 185.1680
1627785384.4203 185.1680
1627785384.5204 185.1680
1627785384.6207 185.1680
1627785384.7208 185.1680
1627785384.8210 185.1680
1627785384.9212 185.1680
1627785385.0214 185.1680
1627785385.1217 185.1680
1627785385.2218 185.1680
1627785385.3220 185.1680
1627785385.4222 185.1680
1627785385.5226 185.2227
1627785385.6226 185.2227
1627785385.7229 185.2812
1627785385.8230 185.2812
1627785385.9232 185.2812
1627785386.0234 185.2812
1627785386.1236 185.2812
1627785386.2238 185.2812
1627785386.3240 185.2812
1627785386.4242 185.2812
1627785386.5244 185.2812
1627785386.6246 185.2812
1627785386.7248 185.2812
1627785386.8250 185.2812
1627785386.9257 185.2812
1627785387.0253 185.2812
1627785387.1260 185.2812
1627785387.2257 185.2812
1627785387.3265 185.2812
1627785387.4262 185.2812
1627785387.5265 185.2812
1627785387.6265 185.2812
1627785387.7269 185.2812
1627785387.8269 185.2812
1627785387.9275 185.2812
1627785388.0273 185.2812
1627785388.1275 185.7383
1627785388.2277 185.7383
1627785388.3290 185.7383
1627785388.4281 185.7383
1627785388.5283 185.7383
1627785388.6285 185.7383
1627785388.7287 185.7383
1627785388.8289 185.7383
1627785388.9291 185.7383
1627785389.0293 185.7383
1627785389.1305 185.7383
1627785389.2297 185.7383
1627785389.3299 185.7383
1627785389.4301 185.7383
1627785389.5303 185.7383
1627785389.6305 185.7383
1627785389.7308 185.7383
1627785389.8308 185.7383
1627785389.9312 185.7383
1627785390.0312 185.7383
1627785390.1323 185.7383
1627785390.2316 185.7383
1627785390.3326 185.7383
1627785390.4320 185.7383
1627785390.5322 185.7383
1627785390.6324 185.7383
1627785390.7326 185.7383
1627785390.8328 185.7383
1627785390.9330 185.7383
1627785391.0332 186.0547
1627785391.1338 186.0547
1627785391.2336 186.0547
1627785391.3338 186.0547
1627785391.4340 186.0547
1627785391.5342 186.0547
1627785391.6344 186.0547
1627785391.7345 186.0547
1627785391.8348 186.0547
1627785391.9350 186.0547
1627785392.0352 186.0547
1627785392.1354 186.0547
1627785392.2355 186.0547
1627785392.3357 186.0547
1627785392.4359 186.0547
1627785392.5361 186.0547
1627785392.6363 186.0547
1627785392.7365 186.0547
1627785392.8367 186.0547
1627785392.9369 186.0547
1627785393.0371 186.0547
1627785393.1373 186.0547
1627785393.2375 186.3125
1627785393.3377 186.3125
1627785393.4379 186.3125
1627785393.5381 186.3125
1627785393.6383 186.3125
1627785393.7385 186.3125
1627785393.8387 186.3125
1627785393.9389 186.3125
1627785394.0391 186.3125
1627785394.1393 186.3125
1627785394.2394 186.3125
1627785394.3397 186.3125
1627785394.4399 186.3125
1627785394.5400 186.3125
1627785394.6402 186.3125
1627785394.7404 186.3125
1627785394.8406 186.3125
1627785394.9408 186.3125
1627785395.0411 186.3125
1627785395.1412 186.3125
1627785395.2414 186.3125
1627785395.3417 186.3125
1627785395.4418 186.3125
1627785395.5420 186.3125
1627785395.6422 186.3125
1627785395.7424 186.3125
1627785395.8427 186.3125
1627785395.9428 186.3125
1627785396.0431 186.5703
1627785396.1432 186.5703
1627785396.2435 186.5703
1627785396.3436 186.5703
1627785396.4441 186.5703
1627785396.5440 186.5703
1627785396.6442 186.5703
1627785396.7443 186.5703
1627785396.8445 186.5703
1627785396.9448 186.5703
1627785397.0450 186.5703
1627785397.1452 186.5703
1627785397.2454 186.5703
1627785397.3455 186.5703
1627785397.4457 186.5703
1627785397.5459 186.5703
1627785397.6469 186.5703
1627785397.7463 186.5703
1627785397.8465 186.5703
1627785397.9467 186.5703
1627785398.0469 186.5703
1627785398.1471 186.5703
1627785398.2507 186.5703
1627785398.3475 186.5703
1627785398.4477 186.5703
1627785398.5479 186.5703
1627785398.6481 186.5703
1627785398.7483 186.5703
1627785398.8485 186.6328
1627785398.9487 186.6328
1627785399.0507 186.6328
1627785399.1491 186.6328
1627785399.2493 186.6328
1627785399.3495 186.6328
1627785399.4502 186.6328
1627785399.5498 187.2070
1627785399.6501 187.2070
1627785399.7502 187.2070
1627785399.8505 187.2070
1627785399.9506 187.2070
1627785400.0508 187.2070
1627785400.1511 187.2070
1627785400.2512 187.2070
1627785400.3514 188.7539
1627785400.4516 188.7539
1627785400.5518 188.7539
1627785400.6529 188.7539
1627785400.7522 188.7539
1627785400.8524 188.7539
1627785400.9526 188.7539
1627785401.0550 188.7539
1627785401.1530 188.7539
1627785401.2532 188.7539
1627785401.3534 188.7539
1627785401.4536 188.7539
1627785401.5538 188.7539
1627785401.6540 188.7539
1627785401.7542 188.7539
1627785401.8544 188.7539
1627785401.9546 188.7539
1627785402.0547 188.7539
1627785402.1550 188.7539
1627785402.2566 188.7539
1627785402.3554 188.7539
1627785402.4555 188.7539
1627785402.5558 188.7539
1627785402.6565 188.7539
1627785402.7561 188.7539
1627785402.8565 188.7539
1627785402.9565 188.7539
1627785403.0568 188.7539
1627785403.1569 188.7539
1627785403.2572 188.7539
1627785403.3573 188.7539
1627785403.4576 188.7539
1627785403.5577 188.7539
1627785403.6579 188.7539
1627785403.7581 188.7539
1627785403.8583 188.7539
1627785403.9585 188.7539
1627785404.0588 188.7539
1627785404.1589 188.7539
1627785404.2595 188.7539
1627785404.3593 188.7539
1627785404.4594 188.7539
1627785404.5597 188.7539
1627785404.6598 188.7539
1627785404.7600 188.7539
1627785404.8604 188.7539
1627785404.9605 188.7539
1627785405.0606 188.7539
1627785405.1608 188.7539
1627785405.2611 188.7539
1627785405.3612 188.7539
1627785405.4614 188.7539
1627785405.5616 188.7539
1627785405.6620 188.7539
1627785405.7620 188.7539
1627785405.8622 188.7539
1627785405.9638 188.7539
1627785406.0626 188.7539
1627785406.1628 188.7539
1627785406.2630 188.7539
1627785406.3637 188.7539
1627785406.4634 188.7539
1627785406.5645 188.7539
1627785406.6638 188.7539
1627785406.7639 188.7539
1627785406.8669 188.7539
1627785406.9644 188.7539
1627785407.0645 188.7539
1627785407.1653 188.7539
1627785407.2650 188.7539
1627785407.3651 188.7539
1627785407.4653 188.7539
1627785407.5655 188.7539
1627785407.6658 188.7539
1627785407.7659 188.7539
1627785407.8661 188.7539
1627785407.9669 188.7539
1627785408.0665 188.7539
1627785408.1667 188.7539
1627785408.2669 188.7539
1627785408.3671 188.7539
1627785408.4673 188.7539
1627785408.5675 188.7539
1627785408.6677 188.7539
1627785408.7679 188.7539
1627785408.8681 188.7539
1627785408.9683 188.7539
1627785409.0685 188.7539
1627785409.1687 188.7539
1627785409.2688 188.7539
1627785409.3691 188.7539
1627785409.4693 188.7539
1627785409.5695 188.7539
1627785409.6696 188.7539
1627785409.7698 188.7539
1627785409.8700 188.7539
1627785409.9702 188.7539
1627785410.0704 188.7539
1627785410.1706 188.7539
1627785410.2708 188.7539
1627785410.3710 188.7539
1627785410.4712 188.7539
1627785410.5714 188.7539
1627785410.6716 188.7539
1627785410.7718 188.7539
1627785410.8720 188.7539
1627785410.9726 188.7539
1627785411.0724 188.7539
1627785411.1737 188.7539
1627785411.2728 188.7539
1627785411.3730 188.7539
1627785411.4732 188.7539
1627785411.5734 188.7539
1627785411.6736 188.7539
1627785411.7743 188.7539
1627785411.8739 188.7539
1627785411.9741 188.7539
1627785412.0744 188.7539
1627785412.1745 188.7539
1627785412.2747 188.7539
1627785412.3749 188.7539
1627785412.4751 188.7539
1627785412.5753 188.7539
1627785412.6756 188.7539
1627785412.7758 188.7539
1627785412.8759 188.7539
1627785412.9761 188.7539
1627785413.0763 188.7539
1627785413.1765 188.7539
1627785413.2767 188.7539
1627785413.3769 188.7539
1627785413.4771 188.7539
1627785413.5778 188.7539
1627785413.6775 188.7539
1627785413.7777 188.7539
1627785413.8779 188.7539
1627785413.9781 188.7539
1627785414.0783 188.7539
1627785414.1785 188.7539
1627785414.2787 188.7539
1627785414.3789 188.7539
1627785414.4791 188.7539
1627785414.5827 188.7539
1627785414.6794 188.7539
1627785414.7800 188.7539
1627785414.8799 188.7539
1627785414.9801 188.7539
1627785415.0802 188.7539
1627785415.1804 188.7539
1627785415.2806 188.7539
1627785415.3808 188.7539
1627785415.4810 188.7539
1627785415.5816 188.7539
1627785415.6814 188.7539
1627785415.7816 188.7539
1627785415.8818 188.7539
1627785415.9820 188.7539
1627785416.0822 188.7539
1627785416.1824 188.7539
1627785416.2827 188.7539
1627785416.3829 188.7539
1627785416.4831 188.8398
1627785416.5836 188.8633
1627785416.6834 188.8633
1627785416.7836 188.8633
1627785416.8838 188.8633
1627785416.9840 188.8633
1627785417.0842 188.8633
1627785417.1843 188.8633
1627785417.2846 188.8633
1627785417.3859 188.8633
1627785417.4849 188.8633
1627785417.5864 188.8633
1627785417.6853 188.8633
1627785417.7855 188.8633
1627785417.8858 188.8633
1627785417.9859 188.8633
1627785418.0861 188.8633
1627785418.1885 188.8633
1627785418.2865 188.8672
1627785418.3890 188.8672
1627785418.4869 189.8984
1627785418.5871 189.8984
1627785418.6873 189.8984
1627785418.7875 189.8984
1627785418.8877 189.8984
1627785418.9880 189.8984
1627785419.0881 189.8984
1627785419.1883 189.8984
1627785419.2885 189.8984
1627785419.3886 189.8984
1627785419.4888 189.8984
1627785419.5890 189.8984
1627785419.6905 189.8984
1627785419.7895 189.8984
1627785419.8897 189.8984
1627785419.9898 189.8984
1627785420.0900 190.0312
1627785420.1918 190.0312
1627785420.2904 190.0312
1627785420.3906 190.0312
1627785420.4908 190.0312
1627785420.5928 190.0312
1627785420.6912 190.0312
1627785420.7914 190.0312
1627785420.8916 190.0312
1627785420.9918 190.0312
1627785421.0921 190.0312
1627785421.1939 190.0312
1627785421.2924 190.0312
1627785421.3933 190.0312
1627785421.4928 190.0312
1627785421.5929 190.0312
1627785421.6932 190.0312
1627785421.7934 190.0312
1627785421.8935 190.0312
1627785421.9970 190.0312
1627785422.0949 190.0312
1627785422.1941 190.0312
1627785422.2943 190.0312
1627785422.3945 190.0312
1627785422.4947 190.0312
1627785422.5949 190.0312
1627785422.6951 190.0312
1627785422.7961 190.0312
1627785422.8955 190.0312
1627785422.9957 190.0312
1627785423.0959 190.0312
1627785423.1961 190.0312
1627785423.2963 190.0312
1627785423.3965 190.0312
1627785423.4967 190.0312
1627785423.5970 190.0312
1627785423.6971 190.0312
1627785423.7973 190.0312
1627785423.8975 190.0312
1627785423.9977 190.0312
1627785424.0979 190.0312
1627785424.1981 190.0312
1627785424.2983 190.0312
1627785424.3985 190.0312
1627785424.4986 190.0312
1627785424.5989 190.0312
1627785424.6991 190.0312
1627785424.7993 190.0312
1627785424.8994 190.0312
1627785424.9996 190.0312
1627785425.0999 190.0312
1627785425.2037 190.0312
1627785425.3002 190.0312
1627785425.4004 190.0312
1627785425.5006 190.0312
1627785425.6008 190.0312
1627785425.7010 190.0312
1627785425.8012 190.0312
1627785425.9014 190.0312
1627785426.0016 190.0312
1627785426.1018 190.0312
1627785426.2020 190.0312
1627785426.3022 190.0312
1627785426.4024 190.0312
1627785426.5026 190.0312
1627785426.6028 190.0312
1627785426.7030 190.0312
1627785426.8032 190.0312
1627785426.9034 190.0312
1627785427.0037 190.0312
1627785427.1038 190.0312
1627785427.2040 190.0312
1627785427.3041 190.0312
1627785427.4043 190.0312
1627785427.5045 190.0312
1627785427.6047 190.0312
1627785427.7052 190.0312
1627785427.8057 190.0312
1627785427.9053 190.0312
1627785428.0055 190.0312
1627785428.1057 190.0312
1627785428.2059 190.0312
1627785428.3061 190.0312
1627785428.4063 190.0312
1627785428.5065 190.0312
1627785428.6067 190.0312
1627785428.7069 190.0312
1627785428.8071 190.0312
1627785428.9073 190.0312
1627785429.0075 190.0312
1627785429.1077 190.0312
1627785429.2079 190.0312
1627785429.3096 190.0312
1627785429.4083 190.0312
1627785429.5084 190.0312
1627785429.6087 190.0312
1627785429.7104 190.0312
1627785429.8091 190.1211
1627785429.9093 190.1211
1627785430.0095 190.1211
1627785430.1096 190.1211
1627785430.2098 190.1211
1627785430.3101 190.1211
1627785430.4102 190.1211
1627785430.5104 190.1211
1627785430.6106 190.1211
1627785430.7178 190.1211
1627785430.8110 190.1211
1627785430.9113 190.1211
1627785431.0114 190.1211
1627785431.1117 190.1211
1627785431.2118 190.1211
1627785431.3120 190.1211
1627785431.4122 191.1562
1627785431.5235 191.1562
1627785431.6126 191.1562
1627785431.7128 191.1562
1627785431.8130 191.1562
1627785431.9141 191.1562
1627785432.0134 191.1562
1627785432.1149 191.1562
1627785432.2138 191.1562
1627785432.3149 191.1562
1627785432.4141 191.1562
1627785432.5151 191.1562
1627785432.6145 191.1562
1627785432.7150 191.1562
1627785432.8149 191.1562
1627785432.9152 191.1562
1627785433.0153 191.1562
1627785433.1160 191.1562
1627785433.2157 191.1562
1627785433.3160 191.1562
1627785433.4161 191.1562
1627785433.5163 191.1562
1627785433.6165 191.1562
1627785433.7167 191.1562
1627785433.8169 191.1562
1627785433.9172 191.1562
1627785434.0173 191.1562
1627785434.1174 191.1562
1627785434.2177 191.1562
1627785434.3179 191.1562
1627785434.4181 191.1562
1627785434.5182 191.1562
1627785434.6184 191.1562
1627785434.7191 191.1562
1627785434.8188 191.1562
1627785434.9190 191.1562
1627785435.0193 191.1562
1627785435.1194 191.1562
1627785435.2197 191.1562
1627785435.3198 191.1562
1627785435.4200 191.1562
1627785435.5202 191.1562
1627785435.6204 191.1562
1627785435.7206 191.1562
1627785435.8208 191.1562
1627785435.9210 191.1562
1627785436.0212 191.1562
1627785436.1214 191.1562
1627785436.2216 191.1562
1627785436.3218 191.1562
1627785436.4220 191.1562
1627785436.5223 191.1562
1627785436.6223 191.1562
1627785436.7227 191.1562
1627785436.8228 191.1562
1627785436.9229 191.1562
1627785437.0231 191.1562
1627785437.1234 191.1562
1627785437.2235 191.1562
1627785437.3237 191.1562
1627785437.4239 191.1562
1627785437.5242 191.1562
1627785437.6243 191.1562
1627785437.7245 191.1562
1627785437.8247 191.1562
1627785437.9249 191.1562
1627785438.0251 191.1562
1627785438.1253 191.1562
1627785438.2255 191.1562
1627785438.3257 191.1562
1627785438.4259 191.1562
1627785438.5264 191.1562
1627785438.6263 191.1562
1627785438.7265 191.1562
1627785438.8267 191.1562
1627785438.9269 191.1562
1627785439.0271 191.1562
1627785439.1273 191.1562
1627785439.2275 191.1562
1627785439.3276 191.1562
1627785439.4278 191.1562
1627785439.5280 191.1562
1627785439.6283 191.1562
1627785439.7284 191.1562
1627785439.8286 191.1562
1627785439.9288 191.1562
1627785440.0290 191.1562
1627785440.1293 192.1523
1627785440.2294 192.1523
1627785440.3296 192.1523
1627785440.4298 192.1523
1627785440.5300 192.1523
1627785440.6303 192.1523
1627785440.7304 192.1523
1627785440.8306 192.1523
1627785440.9308 192.2773
1627785441.0310 192.2773
1627785441.1312 192.2773
1627785441.2314 192.2773
1627785441.3316 192.2773
1627785441.4318 192.2773
1627785441.5321 192.2773
1627785441.6322 192.2773
1627785441.7323 192.2773
1627785441.8326 192.2773
1627785441.9328 192.2773
1627785442.0330 192.2773
1627785442.1332 192.2773
1627785442.2333 192.2773
1627785442.3335 192.2773
1627785442.4337 192.2773
1627785442.5344 192.2773
1627785442.6341 192.2773
1627785442.7346 192.2773
1627785442.8345 192.2773
1627785442.9347 192.2773
1627785443.0349 192.2773
1627785443.1351 192.2773
1627785443.2353 192.9023
1627785443.3363 192.9023
1627785443.4357 192.9023
1627785443.5359 193.4453
1627785443.6361 193.4453
1627785443.7363 193.4453
1627785443.8370 193.4453
1627785443.9367 193.4453
1627785444.0369 193.4453
1627785444.1371 193.4453
1627785444.2374 193.4453
1627785444.3374 193.4453
1627785444.4376 193.4453
1627785444.5378 193.4453
1627785444.6380 193.4453
1627785444.7383 193.4453
1627785444.8384 193.4453
1627785444.9394 193.4453
1627785445.0388 193.4453
1627785445.1390 193.4453
1627785445.2392 193.4453
1627785445.3394 193.4453
1627785445.4396 193.4453
1627785445.5398 193.4453
1627785445.6400 193.4453
1627785445.7403 193.4453
1627785445.8429 193.4453
1627785445.9406 193.4453
1627785446.0408 193.4453
1627785446.1410 193.4453
1627785446.2412 193.4453
1627785446.3414 193.4453
1627785446.4416 193.4453
1627785446.5418 193.4453
1627785446.6443 193.4453
1627785446.7422 193.4453
1627785446.8450 193.4453
1627785446.9426 193.4453
1627785447.0442 193.4453
1627785447.1430 193.4453
1627785447.2433 193.4453
1627785447.3433 193.4453
1627785447.4435 193.4453
1627785447.5437 193.4453
1627785447.6470 193.4453
1627785447.7441 193.4453
1627785447.8443 193.4453
1627785447.9445 193.4453
1627785448.0447 193.4453
1627785448.1450 193.4453
1627785448.2466 193.4453
1627785448.3453 193.4453
1627785448.4455 193.4453
1627785448.5457 193.4453
1627785448.6459 193.4453
1627785448.7461 193.4453
1627785448.8463 193.4453
1627785448.9465 193.4453
1627785449.0485 193.4453
1627785449.1469 193.4453
1627785449.2471 193.4453
1627785449.3473 193.4453
1627785449.4474 193.4453
1627785449.5477 193.4453
1627785449.6479 193.4453
1627785449.7480 193.4453
1627785449.8488 193.4453
1627785449.9484 193.4453
1627785450.0486 193.4453
1627785450.1488 193.4453
1627785450.2491 193.4453
1627785450.3492 193.4453
1627785450.4494 193.4453
1627785450.5496 193.4453
1627785450.6498 193.4453
1627785450.7500 193.4453
1627785450.8502 193.4453
1627785450.9504 193.4453
1627785451.0506 193.4453
1627785451.1508 193.4453
1627785451.2510 193.4453
1627785451.3512 193.4453
1627785451.4516 193.4453
1627785451.5522 193.4453
1627785451.6518 193.4453
1627785451.7520 193.4453
1627785451.8522 193.4453
1627785451.9524 193.4453
1627785452.0525 193.4453
1627785452.1528 193.4453
1627785452.2529 193.4453
1627785452.3531 193.4453
1627785452.4533 193.4453
1627785452.5535 193.4453
1627785452.6537 193.4453
1627785452.7539 193.4453
1627785452.8558 193.4453
1627785452.9552 193.4453
1627785453.0549 193.4453
1627785453.1547 193.4453
1627785453.2549 193.4453
1627785453.3551 193.4453
1627785453.4553 193.4453
1627785453.5555 193.4453
1627785453.6557 193.4453
1627785453.7559 193.4453
1627785453.8567 193.4453
1627785453.9563 193.4453
1627785454.0565 193.4453
1627785454.1566 193.4453
1627785454.2568 193.4453
1627785454.3570 194.4414
1627785454.4572 194.4414
1627785454.5574 194.4414
1627785454.6576 194.4414
1627785454.7579 194.4414
1627785454.8580 194.4414
1627785454.9582 194.5625
1627785455.0585 194.5625
1627785455.1586 194.5625
1627785455.2589 194.5625
1627785455.3590 194.5625
1627785455.4598 194.5625
1627785455.5594 194.5625
1627785455.6596 194.5625
1627785455.7598 194.5625
1627785455.8600 194.5625
1627785455.9602 194.5625
1627785456.0606 194.5625
1627785456.1606 194.5625
1627785456.2608 194.5625
1627785456.3610 194.5625
1627785456.4612 194.5625
1627785456.5614 194.5625
1627785456.6616 194.5625
1627785456.7617 194.5625
1627785456.8621 194.5625
1627785456.9621 194.5625
1627785457.0623 194.5625
1627785457.1626 194.5625
1627785457.2627 194.5625
1627785457.3629 194.5625
1627785457.4634 194.5625
1627785457.5649 194.5625
1627785457.6636 194.5625
1627785457.7648 194.5625
1627785457.8639 194.5625
1627785457.9641 194.5625
1627785458.0643 194.5625
1627785458.1656 194.5625
1627785458.2647 194.5625
1627785458.3652 194.5625
1627785458.4651 194.5625
1627785458.5653 194.5625
1627785458.6655 194.5625
1627785458.7661 194.5625
1627785458.8659 194.5625
1627785458.9672 194.5625
1627785459.0663 194.5625
1627785459.1665 194.5625
1627785459.2667 194.5625
1627785459.3678 194.5625
1627785459.4671 194.5625
1627785459.5673 194.5625
1627785459.6674 194.5625
1627785459.7677 194.5625
1627785459.8678 194.5625
1627785459.9680 194.5625
1627785460.0682 194.5625
1627785460.1685 194.5625
1627785460.2687 194.5625
1627785460.3688 194.5625
1627785460.4690 194.5625
1627785460.5703 194.5625
1627785460.6694 194.5625
1627785460.7701 194.5625
1627785460.8698 194.5625
1627785460.9700 194.5625
1627785461.0702 194.5625
1627785461.1704 194.5625
1627785461.2706 194.5625
1627785461.3708 194.5625
1627785461.4710 194.5625
1627785461.5712 194.5625
1627785461.6714 194.5625
1627785461.7715 194.5625
1627785461.8717 194.5625
1627785461.9719 194.5625
1627785462.0722 194.5625
1627785462.1723 194.5625
1627785462.2725 194.5625
1627785462.3728 194.5625
1627785462.4730 194.5625
1627785462.5731 194.5625
1627785462.6733 194.5625
1627785462.7735 194.5625
1627785462.8737 194.5625
1627785462.9739 194.5625
1627785463.0741 194.5625
1627785463.1743 194.5625
1627785463.2745 194.5625
1627785463.3747 194.5625
1627785463.4749 194.5625
1627785463.5751 194.5625
1627785463.6754 194.5625
1627785463.7757 194.5625
1627785463.8757 194.5625
1627785463.9765 194.5625
1627785464.0761 195.7031
1627785464.1763 195.7031
1627785464.2765 195.7031
1627785464.3767 195.7031
1627785464.4768 195.7031
1627785464.5770 195.7031
1627785464.6772 195.7031
1627785464.7774 195.7031
1627785464.8777 195.7031
1627785464.9778 195.7031
1627785465.0780 195.7031
1627785465.1782 195.7031
1627785465.2795 195.7031
1627785465.3786 195.7031
1627785465.4788 195.7031
1627785465.5790 195.7031
1627785465.6797 195.7031
1627785465.7794 195.7031
1627785465.8796 195.7031
1627785465.9798 195.7031
1627785466.0800 195.7031
1627785466.1805 195.7031
1627785466.2804 195.7031
1627785466.3825 195.7031
1627785466.4808 195.7031
1627785466.5810 195.7031
1627785466.6812 195.7031
1627785466.7816 195.7031
1627785466.8815 195.7031
1627785466.9817 195.7031
1627785467.0820 195.7031
1627785467.1822 195.7031
1627785467.2829 195.7031
1627785467.3829 195.7031
1627785467.4827 195.7031
1627785467.5838 195.7031
1627785467.6831 195.7031
1627785467.7833 195.7031
1627785467.8836 195.7031
1627785467.9837 195.7031
1627785468.0839 195.7031
1627785468.1841 195.7031
1627785468.2843 195.7031
1627785468.3845 195.7031
1627785468.4849 195.7031
1627785468.5849 195.7031
1627785468.6851 195.7031
1627785468.7853 195.7031
1627785468.8855 195.7031
1627785468.9869 195.7031
1627785469.0859 195.7031
1627785469.1861 195.7031
1627785469.2863 195.7031
1627785469.3864 195.7031
1627785469.4867 195.7031
1627785469.5869 195.7031
1627785469.6870 195.7031
1627785469.7873 195.7031
1627785469.8875 195.7031
1627785469.9876 196.6992
1627785470.0878 196.6992
1627785470.1904 196.6992
1627785470.2884 196.6992
1627785470.3886 196.8555
1627785470.4886 196.8555
1627785470.5888 196.8555
1627785470.6890 196.8555
1627785470.7892 196.8555
1627785470.8894 196.8555
1627785470.9896 196.8555
1627785471.0898 196.8555
1627785471.1900 196.8555
1627785471.2902 196.8555
1627785471.3904 196.8555
1627785471.4906 196.8555
1627785471.5910 196.8555
1627785471.6910 196.8555
1627785471.7912 196.8555
1627785471.8914 196.8555
1627785471.9915 196.8555
1627785472.0935 196.8555
1627785472.1919 196.8555
1627785472.2923 196.8555
1627785472.3924 196.8555
1627785472.4925 196.8555
1627785472.5927 196.8555
1627785472.6929 196.8555
1627785472.7931 196.8555
1627785472.8933 196.8555
1627785472.9935 196.8555
1627785473.0937 196.8555
1627785473.1939 196.8555
1627785473.2941 196.8555
1627785473.3943 196.8555
1627785473.4945 196.8555
1627785473.5948 196.8555
1627785473.6950 196.8555
1627785473.7951 196.8555
1627785473.8953 196.8555
1627785473.9955 196.8555
1627785474.0959 196.8555
1627785474.1959 196.8555
1627785474.2961 196.8555
1627785474.3963 196.8555
1627785474.4965 196.8555
1627785474.5966 196.8555
1627785474.6969 196.8555
1627785474.7971 196.8555
1627785474.8972 196.8555
1627785474.9974 196.8555
1627785475.0976 196.8555
1627785475.1978 196.8555
1627785475.2991 196.8555
1627785475.3982 196.8555
1627785475.4985 196.8555
1627785475.5986 196.8555
1627785475.6988 196.8555
1627785475.7990 196.8555
1627785475.8992 196.8555
1627785475.9994 196.8555
1627785476.0997 196.8555
1627785476.1998 196.8555
1627785476.3000 196.8555
1627785476.4002 196.8555
1627785476.5004 196.8555
1627785476.6006 196.8555
1627785476.7008 196.8555
1627785476.8010 196.8555
1627785476.9012 196.8555
1627785477.0014 196.8555
1627785477.1016 196.8555
1627785477.2018 196.8555
1627785477.3020 196.8555
1627785477.4022 196.8555
1627785477.5030 196.8555
1627785477.6025 196.8555
1627785477.7027 196.8555
1627785477.8030 196.8555
1627785477.9031 196.8555
1627785478.0033 196.8555
1627785478.1035 196.8555
1627785478.2038 196.8555
1627785478.3039 196.8555
1627785478.4109 196.8555
1627785478.5043 196.8555
1627785478.6045 196.8555
1627785478.7059 196.8555
1627785478.8049 196.8555
1627785478.9051 196.8555
1627785479.0053 196.8555
1627785479.1055 196.8555
1627785479.2057 196.8555
1627785479.3059 196.8555
1627785479.4061 196.8555
1627785479.5062 196.8555
1627785479.6065 196.8555
1627785479.7067 196.8555
1627785479.8069 196.8555
1627785479.9070 196.8555
1627785480.0073 196.8555
1627785480.1074 196.8555
1627785480.2076 196.8555
1627785480.3079 196.8555
1627785480.4080 196.8555
1627785480.5083 196.8555
1627785480.6085 196.8555
1627785480.7086 196.8555
1627785480.8088 196.8555
1627785480.9090 196.8555
1627785481.0092 196.8555
1627785481.1094 196.8555
1627785481.2096 196.8555
1627785481.3098 196.8555
1627785481.4100 196.8555
1627785481.5102 196.8555
1627785481.6104 196.8555
1627785481.7106 196.8555
1627785481.8108 196.8555
1627785481.9110 196.8555
1627785482.0112 196.8555
1627785482.1114 196.8555
1627785482.2116 196.8555
1627785482.3118 196.8555
1627785482.4120 196.8555
1627785482.5121 196.8555
1627785482.6123 196.8555
1627785482.7125 196.8555
1627785482.8127 196.8555
1627785482.9129 196.8555
1627785483.0131 196.8555
1627785483.1133 196.8555
1627785483.2135 196.8555
1627785483.3137 196.8555
1627785483.4139 196.8555
1627785483.5141 196.8555
1627785483.6143 196.8555
1627785483.7145 196.8555
1627785483.8147 196.8555
1627785483.9149 197.9961
1627785484.0151 197.9961
1627785484.1154 197.9961
1627785484.2155 197.9961
1627785484.3156 197.9961
1627785484.4158 197.9961
1627785484.5160 197.9961
1627785484.6162 197.9961
1627785484.7165 197.9961
1627785484.8178 197.9961
1627785484.9169 197.9961
1627785485.0170 197.9961
1627785485.1172 197.9961
1627785485.2174 197.9961
1627785485.3176 197.9961
1627785485.4178 197.9961
1627785485.5181 197.9961
1627785485.6182 197.9961
1627785485.7184 197.9961
1627785485.8186 197.9961
1627785485.9188 197.9961
1627785486.0191 197.9961
1627785486.1192 197.9961
1627785486.2197 197.9961
1627785486.3196 197.9961
1627785486.4198 197.9961
1627785486.5200 197.9961
1627785486.6202 197.9961
1627785486.7204 197.9961
1627785486.8206 197.9961
1627785486.9207 197.9961
1627785487.0210 197.9961
1627785487.1212 197.9961
1627785487.2213 197.9961
1627785487.3215 197.9961
1627785487.4217 197.9961
1627785487.5220 197.9961
1627785487.6221 197.9961
1627785487.7223 197.9961
1627785487.8225 197.9961
1627785487.9227 197.9961
1627785488.0229 197.9961
1627785488.1231 197.9961
1627785488.2250 197.9961
1627785488.3236 197.9961
1627785488.4237 197.9961
1627785488.5239 197.9961
1627785488.6241 197.9961
1627785488.7243 197.9961
1627785488.8245 197.9961
1627785488.9247 197.9961
1627785489.0249 197.9961
1627785489.1253 197.9961
1627785489.2252 197.9961
1627785489.3255 197.9961
1627785489.4257 197.9961
1627785489.5259 197.9961
1627785489.6261 197.9961
1627785489.7263 197.9961
1627785489.8264 197.9961
1627785489.9267 197.9961
1627785490.0268 197.9961
1627785490.1271 197.9961
1627785490.2272 197.9961
1627785490.3274 197.9961
1627785490.4276 197.9961
1627785490.5278 197.9961
1627785490.6280 197.9961
1627785490.7282 197.9961
1627785490.8284 197.9961
1627785490.9286 197.9961
1627785491.0290 197.9961
1627785491.1290 197.9961
1627785491.2293 197.9961
1627785491.3294 197.9961
1627785491.4296 197.9961
1627785491.5298 197.9961
1627785491.6300 197.9961
1627785491.7302 197.9961
1627785491.8304 197.9961
1627785491.9306 197.9961
1627785492.0308 197.9961
1627785492.1310 197.9961
1627785492.2311 197.9961
1627785492.3313 197.9961
1627785492.4315 197.9961
1627785492.5317 197.9961
1627785492.6319 197.9961
1627785492.7322 197.9961
1627785492.8323 197.9961
1627785492.9325 197.9961
1627785493.0327 197.9961
1627785493.1329 197.9961
1627785493.2331 197.9961
1627785493.3333 197.9961
1627785493.4395 197.9961
1627785493.5338 197.9961
1627785493.6339 197.9961
1627785493.7341 197.9961
1627785493.8350 197.9961
1627785493.9345 197.9961
1627785494.0347 197.9961
1627785494.1349 197.9961
1627785494.2351 197.9961
1627785494.3354 197.9961
1627785494.4355 197.9961
1627785494.5363 197.9961
1627785494.6358 197.9961
1627785494.7360 197.9961
1627785494.8362 197.9961
1627785494.9365 197.9961
1627785495.0366 197.9961
1627785495.1368 197.9961
1627785495.2370 197.9961
1627785495.3372 197.9961
1627785495.4374 197.9961
1627785495.5376 197.9961
1627785495.6378 197.9961
1627785495.7380 197.9961
1627785495.8383 197.9961
1627785495.9384 197.9961
1627785496.0386 197.9961
1627785496.1388 197.9961
1627785496.2392 197.9961
1627785496.3392 197.9961
1627785496.4394 197.9961
1627785496.5396 197.9961
1627785496.6398 197.9961
1627785496.7401 197.9961
1627785496.8402 198.5938
1627785496.9404 198.5938
1627785497.0406 198.5938
1627785497.1408 198.5938
1627785497.2410 198.5938
1627785497.3411 198.5938
1627785497.4414 198.5938
1627785497.5416 198.5938
1627785497.6417 198.5938
1627785497.7419 198.5938
1627785497.8422 198.5938
1627785497.9423 198.5938
1627785498.0425 198.5938
1627785498.1427 198.5938
1627785498.2431 198.5938
1627785498.3431 198.5938
1627785498.4450 198.5938
1627785498.5435 198.5938
1627785498.6438 198.5938
1627785498.7439 198.5938
1627785498.8471 198.5938
1627785498.9443 198.5938
1627785499.0445 198.5938
1627785499.1473 198.5938
1627785499.2470 198.5938
1627785499.3455 198.5938
1627785499.4459 198.5938
1627785499.5454 198.5938
1627785499.6470 198.5938
1627785499.7458 198.5938
1627785499.8470 198.5938
1627785499.9466 198.5938
1627785500.0465 198.5938
1627785500.1468 198.5938
1627785500.2469 198.5938
1627785500.3473 198.5938
1627785500.4472 198.5938
1627785500.5474 198.5938
1627785500.6476 198.5938
1627785500.7478 198.5938
1627785500.8480 198.5938
1627785500.9482 198.5938
1627785501.0484 198.5938
1627785501.1521 198.5938
1627785501.2488 198.5938
1627785501.3491 198.5938
1627785501.4492 198.5938
1627785501.5494 198.5938
1627785501.6496 198.5938
1627785501.7510 198.5938
1627785501.8500 198.5938
1627785501.9502 198.5938
1627785502.0521 198.5938
1627785502.1511 198.5938
1627785502.2507 198.5938
1627785502.3510 198.5938
1627785502.4512 198.5938
1627785502.5514 198.5938
1627785502.6515 198.8867
1627785502.7517 198.8867
1627785502.8519 198.8867
1627785502.9524 199.6602
1627785503.0523 199.6602
1627785503.1525 199.6602
1627785503.2528 199.6602
1627785503.3529 199.6602
1627785503.4531 199.6602
1627785503.5533 199.6602
1627785503.6535 199.6602
1627785503.7537 199.6602
1627785503.8539 199.6602
1627785503.9579 199.6602
1627785504.0543 199.6602
1627785504.1550 199.6602
1627785504.2547 199.6602
1627785504.3549 199.6602
1627785504.4550 199.6602
1627785504.5553 199.6602
1627785504.6554 199.6602
1627785504.7556 199.6602
1627785504.8558 199.6602
1627785504.9561 199.6602
1627785505.0562 199.6602
1627785505.1564 199.6602
1627785505.2566 199.6602
1627785505.3568 199.6602
1627785505.4570 199.6602
1627785505.5572 199.6602
1627785505.6574 199.6602
1627785505.7576 199.6602
1627785505.8578 199.6602
1627785505.9580 199.6602
1627785506.0582 199.6602
1627785506.1584 199.6602
1627785506.2586 199.6602
1627785506.3588 199.6602
1627785506.4590 199.6602
1627785506.5592 199.6602
1627785506.6594 199.6602
1627785506.7596 199.6602
1627785506.8597 199.6602
1627785506.9622 199.6602
1627785507.0629 199.6602
1627785507.1603 199.6602
1627785507.2605 199.6602
1627785507.3607 199.6602
1627785507.4610 199.6602
1627785507.5611 199.6602
1627785507.6613 199.6602
1627785507.7615 199.6602
1627785507.8617 199.6602
1627785507.9619 199.6602
1627785508.0621 199.6602
1627785508.1623 199.6602
1627785508.2625 199.6602
1627785508.3627 199.6602
1627785508.4629 199.6602
1627785508.5631 199.6602
1627785508.6633 199.6602
1627785508.7636 199.6602
1627785508.8637 199.6602
1627785508.9645 199.6602
1627785509.0641 199.6602
1627785509.1643 199.6602
1627785509.2645 199.6602
1627785509.3647 199.6602
1627785509.4648 199.6602
1627785509.5653 199.6602
1627785509.6652 199.6602
1627785509.7655 199.6602
1627785509.8657 199.6602
1627785509.9658 199.6602
1627785510.0660 199.6602
1627785510.1662 199.6602
1627785510.2664 199.6602
1627785510.3666 199.6602
1627785510.4668 199.6602
1627785510.5670 199.6602
1627785510.6672 199.6602
1627785510.7674 199.6602
1627785510.8676 199.6602
1627785510.9678 199.6602
1627785511.0680 199.6602
1627785511.1682 199.6602
1627785511.2684 199.6602
1627785511.3686 199.6602
1627785511.4688 199.6602
1627785511.5690 199.6602
1627785511.6692 199.6602
1627785511.7694 199.6602
1627785511.8696 199.6602
1627785511.9698 199.6602
1627785512.0700 199.6602
1627785512.1702 199.6602
1627785512.2704 199.6602
1627785512.3706 199.6602
1627785512.4708 199.6602
1627785512.5709 199.6602
1627785512.6711 199.6602
