1624182042.3169 70.8086
1624182042.4169 73.3281
1624182042.5169 74.9727
1624182042.6159 75.0234
1624182042.7169 75.1172
1624182042.8160 75.2031
1624182042.9159 78.3281
1624182043.0170 78.3281
1624182043.1160 78.3320
1624182043.2159 78.3398
1624182043.3160 78.3438
1624182043.4158 79.1172
1624182043.5161 79.2539
1624182043.6162 80.5508
1624182043.7161 80.7617
1624182043.8161 80.7617
1624182043.9159 80.7617
1624182044.0159 80.7617
1624182044.1161 80.8555
1624182044.2159 80.8555
1624182044.3158 81.6289
1624182044.4159 81.6797
1624182044.5159 81.6797
1624182044.6160 81.6797
1624182044.7160 83.2305
1624182044.8159 83.2305
1624182044.9161 83.2852
1624182045.0159 83.3320
1624182045.1160 83.3320
1624182045.2160 83.5898
1624182045.3160 85.3984
1624182045.4158 85.3984
1624182045.5161 85.3984
1624182045.6161 86.0156
1624182045.7161 86.0156
1624182045.8160 86.0156
1624182045.9160 86.0156
1624182046.0159 86.0156
1624182046.1160 86.6367
1624182046.2159 86.6367
1624182046.3157 86.6367
1624182046.4157 86.6367
1624182046.5156 88.1719
1624182046.6156 88.1719
1624182046.7157 88.1719
1624182046.8161 88.1719
1624182046.9161 88.6328
1624182047.0159 88.6328
1624182047.1162 88.6328
1624182047.2159 89.3906
1624182047.3159 89.3906
1624182047.4160 89.3906
1624182047.5160 89.8711
1624182047.6160 90.0703
1624182047.7160 90.0703
1624182047.8157 90.3281
1624182047.9157 90.3281
1624182048.0159 90.4805
1624182048.1158 92.0312
1624182048.2158 92.0312
1624182048.3158 92.0312
1624182048.4158 92.0312
1624182048.5168 93.0586
1624182048.6159 93.0586
1624182048.7161 93.0586
1624182048.8158 93.0586
1624182048.9160 93.0586
1624182049.0167 93.0586
1624182049.1157 93.3945
1624182049.2158 93.9102
1624182049.3160 93.9102
1624182049.4158 93.9102
1624182049.5158 94.2773
1624182049.6158 94.5391
1624182049.7158 95.5742
1624182049.8157 95.5742
1624182049.9157 95.5742
1624182050.0157 95.5742
1624182050.1157 95.5742
1624182050.2157 96.3750
1624182050.3157 96.3789
1624182050.4157 96.3789
1624182050.5157 96.3789
1624182050.6157 96.5195
1624182050.7157 98.0664
1624182050.8157 98.0664
1624182050.9158 98.0664
1624182051.0158 98.0664
1624182051.1158 98.3320
1624182051.2158 98.3320
1624182051.3157 98.3320
1624182051.4158 98.3320
1624182051.5157 98.6719
1624182051.6159 99.1914
1624182051.7159 99.3477
1624182051.8156 99.3477
1624182051.9159 99.3477
1624182052.0158 101.0352
1624182052.1159 101.0352
1624182052.2158 101.0352
1624182052.3157 101.0352
1624182052.4156 101.0352
1624182052.5157 101.0352
1624182052.6157 102.0625
1624182052.7157 102.0625
1624182052.8157 102.0625
1624182052.9157 102.2109
1624182053.0157 102.2109
1624182053.1157 102.2109
1624182053.2156 102.2109
1624182053.3156 102.2109
1624182053.4156 102.5859
1624182053.5156 102.5859
1624182053.6158 103.9453
1624182053.7158 103.9453
1624182053.8157 103.9453
1624182053.9159 104.8477
1624182054.0157 104.8477
1624182054.1157 104.8477
1624182054.2158 104.8477
1624182054.3156 104.8477
1624182054.4156 104.9883
1624182054.5156 104.9883
1624182054.6157 104.9883
1624182054.7156 105.4727
1624182054.8156 105.5312
1624182054.9156 105.5312
1624182055.0156 105.5312
1624182055.1156 106.1875
1624182055.2158 106.2656
1624182055.3156 106.2656
1624182055.4158 106.5234
1624182055.5157 107.0430
1624182055.6156 107.0430
1624182055.7156 107.0430
1624182055.8156 107.1484
1624182055.9156 107.6641
1624182056.0155 107.7188
1624182056.1155 107.7188
1624182056.2155 107.7188
1624182056.3155 107.9805
1624182056.4155 107.9805
1624182056.5156 109.2695
1624182056.6156 109.2695
1624182056.7158 109.2695
1624182056.8156 109.2695
1624182056.9158 109.2695
1624182057.0158 109.4766
1624182057.1157 109.6719
1624182057.2157 109.6719
1624182057.3155 109.9297
1624182057.4157 109.9297
1624182057.5157 111.2188
1624182057.6157 111.2188
1624182057.7158 111.3594
1624182057.8158 111.3594
1624182057.9156 111.3594
1624182058.0158 111.3594
1624182058.1158 111.3594
1624182058.2158 111.3594
1624182058.3157 112.5859
1624182058.4155 112.5859
1624182058.5154 112.5859
1624182058.6156 112.5859
1624182058.7157 112.5859
1624182058.8155 113.7227
1624182058.9156 113.7227
1624182059.0157 113.7227
1624182059.1155 113.7227
1624182059.2155 113.7227
1624182059.3155 113.7227
1624182059.4154 113.7227
1624182059.5155 113.7227
1624182059.6154 114.8711
1624182059.7155 114.8711
1624182059.8155 114.8711
1624182059.9156 115.5352
1624182060.0157 115.5352
1624182060.1155 115.5352
1624182060.2154 115.5352
1624182060.3155 115.5352
1624182060.4154 115.5352
1624182060.5153 115.5352
1624182060.6156 115.5352
1624182060.7155 115.5508
1624182060.8155 115.5508
1624182060.9155 115.5508
1624182061.0156 115.5508
1624182061.1155 115.6914
1624182061.2157 116.0898
1624182061.3154 116.0898
1624182061.4154 116.0898
1624182061.5154 117.6445
1624182061.6154 117.6445
1624182061.7154 118.0508
1624182061.8157 118.0508
1624182061.9156 118.0508
1624182062.0158 118.0508
1624182062.1158 118.0508
1624182062.2157 118.0508
1624182062.3158 118.3359
1624182062.4158 118.3359
1624182062.5159 118.3359
1624182062.6159 118.3359
1624182062.7159 118.3359
1624182062.8158 118.3359
1624182062.9157 118.3359
1624182063.0157 118.3594
1624182063.1167 119.9062
1624182063.2170 119.9062
1624182063.3171 119.9062
1624182063.4174 119.9062
1624182063.5174 119.9062
1624182063.6175 120.8711
1624182063.7174 120.8711
1624182063.8172 120.8711
1624182063.9171 120.8711
1624182064.0169 120.8711
1624182064.1168 120.8711
1624182064.2169 121.7305
1624182064.3169 121.7305
1624182064.4169 121.7305
1624182064.5169 121.7305
1624182064.6169 121.7305
1624182064.7169 121.7305
1624182064.8171 121.7305
1624182064.9171 121.7305
1624182065.0173 122.6953
1624182065.1173 122.6953
1624182065.2174 122.6953
1624182065.3177 122.6953
1624182065.4177 123.4844
1624182065.5177 123.4844
1624182065.6177 123.4922
1624182065.7179 123.4922
1624182065.8178 123.4922
1624182065.9180 123.4922
1624182066.0179 123.4922
1624182066.1179 123.4922
1624182066.2179 123.4922
1624182066.3177 123.4922
1624182066.4178 123.4922
1624182066.5178 125.0703
1624182066.6176 125.0703
1624182066.7179 125.0703
1624182066.8179 125.0703
1624182066.9179 125.0703
1624182067.0179 125.0703
1624182067.1179 125.0703
1624182067.2179 125.0703
1624182067.3178 125.0703
1624182067.4178 125.0703
1624182067.5178 125.7773
1624182067.6176 125.7773
1624182067.7177 125.7773
1624182067.8178 125.7773
1624182067.9178 125.7773
1624182068.0178 126.6484
1624182068.1179 126.6484
1624182068.2180 126.6484
1624182068.3179 126.6484
1624182068.4179 126.6484
1624182068.5178 126.6484
1624182068.6178 126.6484
1624182068.7177 126.6484
1624182068.8177 126.6484
1624182068.9178 127.9297
1624182069.0178 127.9297
1624182069.1178 127.9297
1624182069.2178 128.3320
1624182069.3178 128.3320
1624182069.4176 128.3320
1624182069.5177 128.3320
1624182069.6177 128.3320
1624182069.7178 128.3320
1624182069.8177 128.3320
1624182069.9177 128.3320
1624182070.0177 128.3320
1624182070.1176 129.1562
1624182070.2169 129.1562
1624182070.3171 129.3789
1624182070.4171 129.4062
1624182070.5153 130.9531
1624182070.6152 130.9531
1624182070.7153 131.7031
1624182070.8153 131.7031
1624182070.9152 132.2578
1624182071.0145 132.3477
1624182071.1151 132.3477
1624182071.2153 134.3125
1624182071.3152 134.3125
1624182071.4152 134.3125
1624182071.5150 135.3789
1624182071.6154 135.3789
1624182071.7153 135.3789
1624182071.8154 135.4062
1624182071.9151 137.1094
1624182072.0151 137.1094
1624182072.1152 137.8906
1624182072.2149 137.8906
1624182072.3149 137.9102
1624182072.4149 139.4727
1624182072.5151 139.4727
1624182072.6151 139.6758
1624182072.7151 139.8867
1624182072.8151 141.4453
1624182072.9147 141.6484
1624182073.0147 141.6523
1624182073.1148 141.6523
1624182073.2148 143.3398
1624182073.3149 143.3398
1624182073.4149 143.7734
1624182073.5151 143.9688
1624182073.6148 143.9922
1624182073.7148 145.6875
1624182073.8148 145.6875
1624182073.9149 145.6875
1624182074.0149 147.2109
1624182074.1148 147.2109
1624182074.2150 147.4062
1624182074.3149 147.8750
1624182074.4149 148.0859
1624182074.5151 149.6328
1624182074.6151 149.8008
1624182074.7151 149.8086
1624182074.8151 150.2539
1624182074.9151 150.4258
1624182075.0153 151.9727
1624182075.1151 151.9727
1624182075.2153 152.1406
1624182075.3152 152.3516
1624182075.4152 153.6406
1624182075.5152 153.7070
1624182075.6168 154.6680
1624182075.7169 154.8164
1624182075.8169 155.8477
1624182075.9171 155.9336
1624182076.0170 156.8945
1624182076.1171 157.0703
1624182076.2169 157.8438
1624182076.3153 157.9766
1624182076.4168 159.5234
1624182076.4933 159.5234
1624182076.6152 160.2734
1624182076.7168 160.3828
1624182076.8152 160.6406
1624182076.9169 162.1914
1624182077.0152 162.3516
1624182077.1151 163.4102
1624182077.2152 163.9688
1624182077.3152 163.9688
1624182077.4167 164.7422
1624182077.5171 164.7734
1624182077.6170 166.3203
1624182077.7168 166.3203
1624182077.7933 166.5312
1624182077.8934 167.5156
1624182077.9934 167.6367
1624182078.0934 168.6680
1624182078.1930 169.3516
1624182078.2926 169.4414
1624182078.3920 169.6094
1624182078.4925 171.1562
1624182078.5917 171.5625
1624182078.6915 171.5781
1624182078.7916 172.6094
1624182078.8914 173.1367
1624182078.9913 173.2305
1624182079.0913 174.1133
1624182079.1913 174.2617
1624182079.2911 175.2930
1624182079.3909 175.4102
1624182079.4909 176.3711
1624182079.5935 176.4922
1624182079.6933 177.5234
1624182079.7935 177.6172
1624182079.8935 178.5781
1624182079.9933 178.7188
1624182080.1087 178.7188
1624182080.1932 180.4062
1624182080.3096 180.4062
1624182080.4098 181.1328
1624182080.4931 181.2500
1624182080.5933 182.7969
1624182080.6933 182.7969
1624182080.7932 183.0898
1624182080.8932 183.5586
1624182080.9934 183.7695
1624182081.0932 185.3164
1624182081.1934 185.7227
1624182081.2932 185.7227
1624182081.4087 186.6758
1624182081.5098 186.7812
1624182081.6097 187.8125
1624182081.6926 188.4453
1624182081.7929 189.0234
1624182081.8928 189.1836
1624182081.9934 189.9570
1624182082.0933 190.7227
1624182082.1930 190.8281
1624182082.2936 191.3438
1624182082.3933 192.2734
1624182082.4930 192.3555
1624182082.5932 192.3555
1624182082.6933 194.0430
1624182082.7934 194.0430
1624182082.8928 194.7305
1624182082.9912 194.8555
1624182083.1095 194.8555
1624182083.2097 196.5430
1624182083.3099 196.9414
1624182083.4100 197.1641
1624182083.4932 197.3633
1624182083.5933 197.8086
1624182083.6932 197.9258
1624182083.7932 199.4727
1624182083.8930 199.4727
1624182083.9931 199.6953
1624182084.0931 199.9062
1624182084.1931 201.4531
1624182084.2929 201.4531
1624182084.3931 201.6094
1624182084.4936 202.3359
1624182084.5932 202.4844
1624182084.6934 202.4844
1624182084.7932 204.0312
1624182084.8932 204.0312
1624182084.9929 204.0312
1624182085.0931 204.9883
1624182085.1928 205.0469
1624182085.2930 205.0469
1624182085.3931 206.5938
1624182085.4931 206.5938
1624182085.5931 206.7617
1624182085.6926 206.9727
1624182085.7923 208.0039
1624182085.8923 208.2070
1624182085.9927 208.9805
1624182086.1095 209.0742
1624182086.2095 209.5898
1624182086.3100 209.5898
1624182086.3926 211.1250
1624182086.4921 211.1250
1624182086.5919 211.2539
1624182086.6916 211.4609
1624182086.7914 211.6680
1624182086.8929 213.2148
1624182086.9915 213.2148
1624182087.0914 213.6641
1624182087.1914 213.8047
1624182087.2933 214.3203
1624182087.3933 214.5820
1624182087.4931 214.7539
1624182087.5935 216.3008
1624182087.6907 216.3008
1624182087.7930 216.3008
1624182087.8930 216.3008
1624182087.9930 217.9180
1624182088.0930 217.9180
1624182088.1929 218.0938
1624182088.2927 218.2969
1624182088.3930 218.4102
1624182088.4930 219.9570
1624182088.5929 219.9570
1624182088.6930 219.9570
1624182088.7930 220.0547
1624182088.8929 220.0547
1624182088.9931 221.7266
1624182089.0932 221.7266
1624182089.2084 222.1914
1624182089.3084 222.4023
1624182089.3927 222.4023
1624182089.5100 223.9492
1624182089.5930 223.9492
1624182089.6926 224.0664
1624182089.7928 224.6758
1624182089.8928 224.6758
1624182089.9926 226.2148
1624182090.0929 226.2148
1624182090.1928 226.2148
1624182090.2926 226.6875
1624182090.3924 226.9375
1624182090.4922 227.0859
1624182090.5926 227.2266
1624182090.6922 228.9141
1624182090.7920 228.9141
1624182090.8920 228.9141
1624182090.9927 228.9766
1624182091.0920 230.5234
1624182091.1920 230.5234
1624182091.2916 230.5234
1624182091.3914 230.9102
1624182091.4917 230.9883
1624182091.5925 232.5352
1624182091.6918 232.5352
1624182091.7927 232.5352
1624182091.8918 232.8945
1624182091.9918 232.8945
1624182092.0924 234.4375
1624182092.1912 234.4375
1624182092.2923 234.4375
1624182092.3919 234.4375
1624182092.4923 235.9023
1624182092.5923 235.9023
1624182092.6925 235.9023
1624182092.7931 235.9023
1624182092.8918 237.2383
1624182092.9918 237.2383
1624182093.0928 237.2383
1624182093.1927 237.2383
1624182093.2917 237.2383
1624182093.3915 238.8828
1624182093.4927 238.8828
1624182093.5919 238.9492
1624182093.6917 239.1445
1624182093.8102 240.6914
1624182093.9096 240.6914
1624182094.0106 240.6914
1624182094.1104 240.6992
1624182094.2105 241.4727
1624182094.3107 241.7695
1624182094.4109 241.9492
1624182094.5103 242.0898
1624182094.6091 243.7773
1624182094.7108 243.9180
1624182094.8107 244.0664
1624182094.9108 244.3672
1624182095.0106 244.5625
1624182095.1106 245.7344
1624182095.2103 245.7852
1624182095.3109 246.2305
1624182095.4105 246.4414
1624182095.5090 246.6133
1624182095.6085 248.1602
1624182095.6926 248.1602
1624182095.7925 248.1602
1624182095.8925 248.1602
1624182095.9923 249.6523
1624182096.0923 249.6523
1624182096.1920 249.8672
1624182096.3088 250.3359
1624182096.4108 250.4727
1624182096.5090 252.0195
1624182096.5918 252.0195
1624182096.6916 252.0195
1624182096.7918 252.4141
1624182096.8919 252.6914
1624182096.9919 252.8008
1624182097.0919 252.9414
1624182097.1917 254.6289
1624182097.2912 254.6289
1624182097.3910 254.7539
1624182097.4910 254.8711
1624182097.5909 255.0117
1624182097.6907 256.6992
1624182097.8112 256.6992
1624182097.9107 256.9023
1624182098.0109 257.3711
1624182098.1106 257.5391
1624182098.2104 259.0859
1624182098.3111 259.0859
1624182098.4109 259.9766
1624182098.5109 259.9766
1624182098.6111 260.0195
1624182098.7109 260.8477
1624182098.8111 260.9375
1624182098.9111 261.1953
1624182099.0110 261.3555
1624182099.1110 262.9023
1624182099.2112 262.9023
1624182099.3090 262.9023
1624182099.3890 263.1328
1624182099.4888 263.2461
1624182099.6085 264.7930
1624182099.6885 264.7930
1624182099.7886 265.0586
1624182099.8884 265.2695
1624182099.9882 265.4766
1624182100.0880 267.0234
1624182100.1881 267.0234
1624182100.3092 267.0234
1624182100.4091 267.0234
1624182100.5109 268.4453
1624182100.6110 268.4453
1624182100.7113 268.5117
1624182100.8107 268.5117
1624182100.9108 270.1992
1624182101.0112 270.1992
1624182101.1112 270.1992
1624182101.2107 270.5586
1624182101.3112 270.7148
1624182101.4110 270.7148
1624182101.5108 272.3906
1624182101.6109 272.3906
1624182101.7113 272.6406
1624182101.8112 272.8516
1624182101.9112 273.3203
1624182102.0106 273.4961
1624182102.1108 274.2695
1624182102.2098 274.5664
1624182102.3089 274.6758
1624182102.3855 274.8164
1624182102.4853 276.5039
1624182102.5852 276.5039
1624182102.6851 276.9414
1624182102.7850 277.1289
1624182102.9088 277.1289
1624182103.0090 277.1289
1624182103.1104 278.8125
1624182103.2110 278.8125
1624182103.3114 279.0586
1624182103.4109 279.4492
1624182103.5112 279.6445
1624182103.6112 281.1914
1624182103.7110 281.1914
1624182103.8114 281.1914
1624182103.9112 281.5703
1624182104.0114 281.6875
1624182104.1112 283.2344
1624182104.2114 283.2344
1624182104.3114 283.3320
1624182104.4114 283.6953
1624182104.5114 283.8672
1624182104.6114 285.4141
1624182104.7110 285.4141
1624182104.8113 285.4141
1624182104.9109 285.7969
1624182105.0115 286.2461
1624182105.1109 286.3984
1624182105.2091 287.9453
1624182105.3088 287.9453
1624182105.3822 287.9453
1624182105.5097 287.9453
1624182105.6110 288.6055
1624182105.7110 288.8516
1624182105.8104 288.9258
1624182105.9107 289.6992
1624182106.0111 289.9805
1624182106.1115 290.1055
1624182106.2111 291.6523
1624182106.3115 291.6523
1624182106.4113 291.6523
1624182106.5115 292.5469
1624182106.6115 292.6211
1624182106.7115 292.6211
1624182106.8111 294.1680
1624182106.9095 294.1680
1624182106.9810 294.1680
1624182107.0810 295.0664
1624182107.2088 295.0664
1624182107.3096 295.0664
1624182107.4117 295.8242
1624182107.5117 296.1172
1624182107.6120 296.2852
1624182107.7115 297.0586
1624182107.8118 297.8398
1624182107.9114 297.9180
1624182108.0114 297.9180
1624182108.1115 298.6914
1624182108.2117 298.9258
1624182108.3116 299.0625
1624182108.4116 300.6094
1624182108.5115 300.6094
1624182108.6115 300.6094
1624182108.7110 301.2344
1624182108.8109 301.2344
1624182108.9089 301.9688
1624182109.0099 302.1484
1624182109.1111 302.4062
1624182109.2112 302.4844
1624182109.3110 304.0312
1624182109.4110 304.0312
1624182109.5114 304.0312
1624182109.6115 304.0312
1624182109.7116 304.0312
1624182109.8114 305.6875
1624182109.9107 305.6875
1624182110.0086 305.6875
1624182110.1089 305.6875
1624182110.2096 307.3359
1624182110.3102 307.3359
1624182110.4110 307.3359
1624182110.5116 307.5117
1624182110.6108 307.9609
1624182110.7094 308.0703
1624182110.8086 308.0703
1624182110.8789 309.8125
1624182110.9795 309.8125
1624182111.0793 309.8125
1624182111.1804 309.8125
1624182111.2794 311.4297
1624182111.3794 311.4297
1624182111.4795 311.4297
1624182111.5796 312.0586
1624182111.6791 312.0586
1624182111.7793 312.8086
1624182111.8918 313.3008
1624182111.9810 313.4141
1624182112.0793 313.6016
1624182112.2094 314.3750
1624182112.3097 314.3750
1624182112.4122 314.3750
1624182112.5124 316.0352
1624182112.6123 316.0352
1624182112.7123 316.0938
1624182112.8124 316.4453
1624182112.9123 316.5898
1624182113.0123 318.1367
1624182113.1125 318.1367
1624182113.2137 318.1367
1624182113.3139 318.1367
1624182113.4138 319.7812
1624182113.5132 319.7812
1624182113.6138 319.7812
1624182113.7138 321.0312
1624182113.8140 321.0312
1624182113.9131 321.0312
1624182114.0128 321.0312
1624182114.1130 322.5820
1624182114.1787 322.5820
1624182114.2787 323.2188
1624182114.3781 323.2188
1624182114.4794 323.2188
1624182114.5796 324.7578
1624182114.6789 324.7578
1624182114.8103 324.7578
1624182114.9115 324.7578
1624182115.0126 326.2656
1624182115.1132 326.2656
1624182115.2130 326.2656
1624182115.3124 326.2656
1624182115.4127 327.7891
1624182115.5132 327.7891
1624182115.6126 327.8164
1624182115.7132 327.8164
1624182115.8131 328.7227
1624182115.9133 328.9609
1624182116.0135 329.1055
1624182116.1135 329.3633
1624182116.2132 330.9297
1624182116.3126 330.9297
1624182116.4132 330.9297
1624182116.5133 330.9297
1624182116.6135 332.5430
1624182116.7135 332.5430
1624182116.8135 332.5430
1624182116.9136 332.7461
1624182117.0137 332.9570
1624182117.1139 333.0977
1624182117.2139 334.6445
1624182117.3139 334.6445
1624182117.4136 334.6445
1624182117.5137 334.6445
1624182117.6137 336.2695
1624182117.7132 336.2695
1624182117.8138 336.2695
1624182117.9136 336.3125
1624182118.0136 336.3125
1624182118.1140 338.0469
1624182118.2137 338.0469
1624182118.3137 338.0469
1624182118.4139 338.0469
1624182118.5139 339.7383
1624182118.6137 339.7383
1624182118.7137 340.1680
1624182118.8139 340.1680
1624182118.9140 340.3477
1624182119.0139 340.3477
1624182119.1133 342.0508
1624182119.2137 342.0508
1624182119.3139 342.0508
1624182119.4133 342.0508
1624182119.5139 343.7109
1624182119.6133 343.7109
1624182119.7137 343.7109
1624182119.8136 343.7109
1624182119.9138 345.2578
1624182120.0138 345.2578
1624182120.1138 345.6523
1624182120.2137 345.8359
1624182120.3135 345.8359
1624182120.4139 346.6094
1624182120.5139 346.9570
1624182120.6139 347.0469
1624182120.7139 347.8203
1624182120.8141 348.1523
1624182120.9139 348.3164
1624182121.0140 348.8320
1624182121.1139 349.2969
1624182121.2135 349.4102
1624182121.3139 349.4102
1624182121.4138 351.0547
1624182121.5138 351.0547
1624182121.6137 351.1055
1624182121.7137 351.1055
1624182121.8131 352.7930
1624182121.9129 352.7930
1624182122.0137 352.7930
1624182122.1139 352.7930
1624182122.2128 354.0859
1624182122.3138 354.0859
1624182122.4136 354.1055
1624182122.5123 354.8789
1624182122.6124 354.8789
1624182122.7124 355.6289
1624182122.8132 355.6289
1624182122.9134 355.8164
1624182123.0128 355.8164
1624182123.1138 357.5430
1624182123.2130 357.5430
1624182123.3136 357.5430
1624182123.4129 359.0430
1624182123.5137 359.0430
1624182123.6129 359.0430
1624182123.7138 359.3633
1624182123.8134 359.5703
1624182123.9130 359.5703
1624182124.0130 361.2812
1624182124.1133 361.2812
1624182124.2130 361.2891
1624182124.3128 361.4844
1624182124.4131 362.2578
1624182124.5128 362.4922
1624182124.6129 362.9414
1624182124.7137 363.1406
1624182124.8131 364.6953
1624182124.9139 364.6953
1624182125.0136 364.6953
1624182125.1133 364.6953
1624182125.2133 366.1211
1624182125.3134 366.1211
1624182125.4135 366.1211
1624182125.5131 366.9883
1624182125.6132 367.0195
1624182125.7133 367.0195
1624182125.8137 367.1602
1624182125.9136 368.7266
1624182126.0134 368.8633
1624182126.1134 368.8828
1624182126.2135 368.9219
1624182126.3137 369.6953
1624182126.4137 369.9570
1624182126.5132 370.1367
1624182126.6134 371.6836
1624182126.7134 371.6836
1624182126.8134 371.6836
1624182126.9136 371.6836
1624182127.0135 373.1406
1624182127.1136 373.1406
1624182127.2138 373.1406
1624182127.3135 373.1406
1624182127.4137 373.8359
1624182127.5136 374.1016
1624182127.6136 374.1797
1624182127.7136 374.1797
1624182127.8136 375.8438
1624182127.9137 375.8438
1624182128.0137 375.8438
1624182128.1137 375.8438
1624182128.2137 377.3125
1624182128.3136 377.3125
1624182128.4137 377.8711
1624182128.5137 377.8711
1624182128.6137 377.8711
1624182128.7137 377.8711
1624182128.8136 379.3477
1624182128.9135 379.3477
1624182129.0137 379.8633
1624182129.1136 379.8633
1624182129.2138 379.9805
1624182129.3139 380.0898
1624182129.4135 380.1016
1624182129.5137 380.2422
1624182129.6139 381.9062
1624182129.7139 381.9062
1624182129.8136 382.7969
1624182129.9136 382.7969
1624182130.0136 383.3906
1624182130.1135 383.3906
1624182130.2135 383.3906
1624182130.3135 383.8672
1624182130.4136 383.9883
1624182130.5137 383.9922
1624182130.6138 385.5977
1624182130.7137 385.5977
1624182130.8136 385.7031
1624182130.9136 385.7734
1624182131.0138 385.7734
1624182131.1138 387.4648
1624182131.2136 387.4648
1624182131.3137 387.4805
1624182131.4137 387.4805
1624182131.5133 387.5781
1624182131.6138 389.1250
1624182131.7136 389.1250
1624182131.8138 389.1250
1624182131.9137 389.1250
1624182132.0137 390.3086
1624182132.1138 390.3086
1624182132.2136 390.3086
1624182132.3140 391.3906
1624182132.4146 391.3906
1624182132.5137 391.3906
1624182132.6136 392.3086
1624182132.7136 392.3086
1624182132.8132 392.3086
1624182132.9135 392.3086
1624182133.0136 393.6172
1624182133.1134 393.6172
1624182133.2134 393.6172
1624182133.3136 394.9570
1624182133.4134 394.9570
1624182133.5133 395.0391
1624182133.6133 395.3008
1624182133.7132 395.4766
1624182133.8133 395.4766
1624182133.9134 397.1641
1624182134.0134 397.1641
1624182134.1132 397.1641
1624182134.2133 397.1641
1624182134.3131 398.6289
1624182134.4134 398.6289
1624182134.5132 398.7148
1624182134.6128 398.8086
1624182134.7132 398.8242
1624182134.8128 400.5234
1624182134.9132 400.5234
1624182135.0135 400.5234
1624182135.1135 400.5234
1624182135.2135 402.1406
1624182135.3137 402.1406
1624182135.4138 402.7695
1624182135.5138 402.7695
1624182135.6128 402.7695
1624182135.7121 404.1992
1624182135.8132 404.1992
1624182135.9134 404.2461
1624182136.0134 404.3438
1624182136.1135 405.8906
1624182136.2140 405.8906
1624182136.3142 406.5703
1624182136.4140 406.5703
1624182136.5136 406.6406
1624182136.6113 408.1406
1624182136.7090 408.1406
1624182136.8123 408.1406
1624182136.9104 408.9180
1624182137.0087 409.3633
1624182137.1070 409.5742
1624182137.2053 409.5742
1624182137.3043 411.2617
1624182137.4037 411.4297
1624182137.5040 411.7227
1624182137.6044 411.9336
1624182137.7051 411.9336
1624182137.8052 413.6719
1624182137.9051 413.6719
1624182138.0048 414.5625
1624182138.1041 414.5625
1624182138.2034 414.5625
1624182138.3024 415.8594
1624182138.4017 415.8594
1624182138.5010 416.7461
1624182138.6003 416.7461
1624182138.6915 417.2148
1624182138.7910 417.3867
1624182138.8914 417.4766
1624182138.9908 419.0234
1624182139.0912 419.1875
1624182139.1911 419.1875
1624182139.2914 419.6211
1624182139.3996 419.7305
1624182139.5006 419.7305
1624182139.6011 421.4922
1624182139.7015 421.4922
1624182139.8131 421.4922
1624182139.9016 422.7344
1624182140.0016 422.7344
1624182140.1015 423.4805
1624182140.2015 423.4805
1624182140.3007 424.2305
1624182140.3995 424.2305
1624182140.4997 424.9531
1624182140.5910 424.9531
1624182140.6918 424.9531
1624182140.7911 426.0977
1624182140.8913 426.0977
1624182140.9910 426.0977
1624182141.0912 427.3633
1624182141.1918 427.3633
1624182141.2913 427.3633
1624182141.4133 428.0547
1624182141.4912 428.1719
1624182141.5914 428.1719
1624182141.6914 429.8594
1624182141.7914 429.8594
1624182141.8920 429.8594
1624182141.9922 431.2734
1624182142.0915 431.2734
1624182142.1916 431.3320
1624182142.2916 431.4570
1624182142.3915 433.0039
1624182142.4995 433.0039
1624182142.5994 433.5938
1624182142.6997 433.5938
1624182142.8000 433.5938
1624182142.9000 434.9336
1624182143.0002 434.9336
1624182143.1122 434.9336
1624182143.2004 435.0898
1624182143.3006 435.8164
1624182143.4007 435.9766
1624182143.5009 435.9805
1624182143.6011 436.9648
1624182143.7014 436.9648
1624182143.8013 437.1992
1624182143.9015 438.7188
1624182144.0016 438.7188
1624182144.1020 438.7188
1624182144.2024 439.8555
1624182144.3030 440.0352
1624182144.4032 440.0430
1624182144.5034 440.0430
1624182144.6033 440.3008
1624182144.7034 441.8203
1624182144.8034 441.8203
1624182144.9035 442.3906
1624182145.0036 442.5977
1624182145.1038 442.5977
1624182145.2038 442.8555
1624182145.3040 443.3008
1624182145.4040 443.4258
1624182145.5042 444.9727
1624182145.6042 444.9727
1624182145.7044 445.7227
1624182145.8044 445.7227
1624182145.9046 446.4297
1624182146.0046 446.4297
1624182146.1046 447.1797
1624182146.2047 447.1797
1624182146.3049 447.1797
1624182146.4051 447.2109
1624182146.5051 448.7578
1624182146.6052 448.7578
1624182146.7055 449.5078
1624182146.8054 449.5078
1624182146.9056 449.5078
1624182147.0056 450.0898
1624182147.1057 450.0898
1624182147.2058 450.0898
1624182147.3061 451.6016
1624182147.4062 451.6016
1624182147.5066 452.4648
1624182147.6069 452.4648
1624182147.7071 452.4648
1624182147.8073 452.5547
1624182147.9077 454.1016
1624182148.0079 454.1016
1624182148.1081 454.7969
1624182148.2083 454.7969
1624182148.3084 454.7969
1624182148.4086 455.3984
1624182148.5089 455.4922
1624182148.6091 455.4922
1624182148.7093 457.1797
1624182148.8096 457.1797
1624182148.9097 457.1797
1624182149.0100 458.3828
1624182149.1104 458.3828
1624182149.2106 458.3828
1624182149.3108 459.4766
1624182149.4109 459.5312
1624182149.5111 459.7422
1624182149.6115 459.7422
1624182149.7119 461.2891
1624182149.8120 461.2891
1624182149.9123 461.2891
1624182150.0125 461.4766
1624182150.1128 461.4766
1624182150.2130 463.1211
1624182150.3133 463.1211
1624182150.4133 463.2148
1624182150.4914 463.3359
1624182150.5914 464.8828
1624182150.6914 464.8828
1624182150.8141 465.0742
1624182150.8914 465.3086
1624182150.9913 465.9766
1624182151.0917 466.0703
1624182151.2145 466.0703
1624182151.3150 467.7578
1624182151.4150 467.7578
1624182151.4915 468.3945
1624182151.5915 468.3945
1624182151.6917 468.3945
1624182151.7917 468.4336
1624182151.8917 469.9727
1624182151.9917 469.9727
1624182152.0913 469.9961
1624182152.1915 469.9961
1624182152.2915 471.5391
1624182152.3913 471.5391
1624182152.4917 472.2891
1624182152.5914 472.2891
1624182152.6917 472.9453
1624182152.8002 472.9453
1624182152.9005 473.3047
1624182153.0006 473.3984
1624182153.1005 474.1719
1624182153.2004 474.2891
1624182153.3002 474.2891
1624182153.4006 475.9766
1624182153.5008 475.9766
1624182153.6008 476.7266
1624182153.7009 476.7266
1624182153.8011 477.0273
1624182153.9006 477.2383
1624182154.0005 478.0117
1624182154.1001 478.6445
1624182154.2001 478.8203
1624182154.3001 478.8203
1624182154.4001 480.3672
1624182154.5001 480.3672
1624182154.6003 480.3672
1624182154.7002 480.7617
1624182154.8004 481.4453
1624182154.9004 481.7969
1624182155.0004 482.2656
1624182155.1004 482.4766
1624182155.2006 483.2500
1624182155.3008 483.2500
1624182155.4010 483.2500
1624182155.4918 484.9141
1624182155.6002 484.9141
1624182155.6918 485.2734
1624182155.7999 485.3672
1624182155.8998 486.9141
1624182156.0014 486.9141
1624182156.1004 487.1211
1624182156.2015 487.3242
1624182156.3009 487.4609
1624182156.4004 488.2344
1624182156.5017 488.3516
1624182156.6020 488.3516
1624182156.7018 488.7500
1624182156.8015 490.2656
1624182156.9015 490.2656
1624182157.0014 490.3008
1624182157.1014 490.3594
1624182157.2008 491.9062
1624182157.3014 491.9062
1624182157.4011 492.3750
1624182157.5011 492.5352
1624182157.6014 493.0898
1624182157.7013 493.1836
1624182157.8012 493.1836
1624182157.9010 494.8633
1624182158.0011 494.8633
1624182158.1012 494.8633
1624182158.2017 496.2188
1624182158.3006 496.2188
1624182158.4017 496.2461
1624182158.5123 496.4180
1624182158.6019 497.9648
1624182158.7017 497.9648
1624182158.8019 497.9648
1624182158.9011 498.4258
1624182159.0021 498.7695
1624182159.1023 498.8906
1624182159.2015 500.4375
1624182159.3023 500.4375
1624182159.4023 500.6445
1624182159.5022 500.8867
1624182159.6018 501.0625
1624182159.7028 501.3203
1624182159.8023 501.5625
1624182159.9029 503.0938
1624182160.0030 503.0938
1624182160.1029 503.0938
1624182160.2022 503.0938
1624182160.3022 504.7695
1624182160.4023 504.7695
1624182160.5020 505.5195
1624182160.6125 505.5195
1624182160.7128 506.1328
1624182160.8130 506.1328
1624182160.9129 506.1328
1624182161.0129 507.7305
1624182161.1023 507.7305
1624182161.2024 507.7305
1624182161.3026 507.7305
1624182161.4030 509.1992
1624182161.5034 509.1992
1624182161.6033 509.9492
1624182161.7036 509.9492
1624182161.8035 510.6992
1624182161.9036 510.6992
1624182162.0037 511.2930
1624182162.1039 511.2930
1624182162.2039 511.2930
1624182162.3040 511.7930
1624182162.4041 511.9102
1624182162.5044 511.9102
1624182162.6046 513.5977
1624182162.7046 513.5977
1624182162.8048 513.5977
1624182162.9048 515.1172
1624182163.0046 515.1172
1624182163.1046 515.1172
1624182163.2047 515.1172
1624182163.3046 516.6289
1624182163.4048 516.6289
1624182163.5051 516.6289
1624182163.6053 516.6289
1624182163.7055 518.2305
1624182163.8057 518.2305
1624182163.9059 518.9766
1624182164.0059 518.9766
1624182164.1061 519.4297
1624182164.2062 519.4297
1624182164.3066 519.4297
1624182164.4068 519.4297
1624182164.5068 520.6836
1624182164.6072 520.6836
1624182164.7073 520.6914
1624182164.8071 521.0312
1624182164.9073 521.1016
1624182165.0074 521.3594
1624182165.1074 522.8984
1624182165.2072 522.8984
1624182165.3073 522.8984
1624182165.4072 522.8984
1624182165.5074 524.6562
1624182165.6079 524.6562
1624182165.7083 524.6562
1624182165.8089 524.6562
1624182165.9093 524.6562
1624182166.0098 526.4648
1624182166.1104 526.4648
1624182166.2110 526.4648
1624182166.3113 527.5781
1624182166.4119 527.5781
1624182166.5121 527.5781
1624182166.6125 527.5781
1624182166.7128 527.5781
1624182166.8130 529.2031
1624182166.9136 529.2031
1624182167.0142 530.4336
1624182167.1144 530.4336
1624182167.2148 531.0078
1624182167.3148 531.0078
1624182167.4128 531.0078
1624182167.5130 531.8672
1624182167.6149 531.8672
1624182167.7140 532.5664
1624182167.8130 532.5664
1624182167.9130 533.3359
1624182168.0147 533.3359
1624182168.1147 533.3359
1624182168.2147 533.3359
1624182168.3149 533.3359
1624182168.4148 533.3359
1624182168.5148 533.3555
1624182168.6147 535.1875
1624182168.7147 535.1875
1624182168.8149 535.1875
1624182168.9148 536.6406
1624182169.0146 536.6406
1624182169.1147 537.2812
1624182169.2147 537.2812
1624182169.3149 537.8945
1624182169.4147 537.8945
1624182169.5151 537.8945
1624182169.6150 537.8945
1624182169.7130 538.8242
1624182169.8129 538.8242
1624182169.9147 538.8242
1624182170.0145 539.6602
1624182170.1143 539.6602
1624182170.2143 539.6602
1624182170.3145 540.5000
1624182170.4143 540.5000
1624182170.5144 540.5000
1624182170.6144 540.5000
1624182170.7144 541.6523
1624182170.8143 541.6523
1624182170.9145 541.6523
1624182171.0146 542.6094
1624182171.1141 542.6094
1624182171.2149 543.1602
1624182171.3151 543.1602
1624182171.4150 543.1602
1624182171.5146 544.0664
1624182171.6146 544.0664
1624182171.7126 544.0664
1624182171.8145 544.0664
1624182171.9145 545.1914
1624182172.0147 545.1914
1624182172.1146 545.1914
1624182172.2147 545.1914
1624182172.3145 545.1914
1624182172.4147 545.2617
1624182172.5145 545.5391
1624182172.6147 547.3594
1624182172.7147 547.3594
1624182172.8146 547.3594
1624182172.9147 547.3594
1624182173.0147 548.6758
1624182173.1146 548.6758
1624182173.2146 548.6758
1624182173.3143 549.5273
1624182173.4126 549.5273
1624182173.5126 549.5273
1624182173.6126 550.3516
1624182173.7126 550.3516
1624182173.8134 550.3516
1624182173.9145 551.2070
1624182174.0146 551.2070
1624182174.1145 551.8164
1624182174.2146 551.8164
1624182174.3144 551.8164
1624182174.4144 551.8164
1624182174.5144 551.8164
1624182174.6142 553.4727
1624182174.7144 553.4727
1624182174.8144 554.0742
1624182174.9143 554.0742
1624182175.0141 554.7891
1624182175.1144 554.7891
1624182175.2144 555.7734
1624182175.3144 555.7734
1624182175.4144 556.3398
1624182175.5142 556.3398
1624182175.6143 556.3398
1624182175.7143 556.3398
1624182175.8141 556.3398
1624182175.9143 556.3398
1624182176.0142 556.3398
1624182176.1145 558.1289
1624182176.2143 558.1289
1624182176.3141 558.1289
1624182176.4141 558.1289
1624182176.5141 558.1289
1624182176.6142 558.2109
1624182176.7143 558.4922
1624182176.8143 560.3164
1624182176.9141 560.3164
1624182177.0145 560.3164
1624182177.1145 560.3164
1624182177.2143 560.3164
1624182177.3143 561.9180
1624182177.4145 561.9180
1624182177.5146 562.7461
1624182177.6146 562.7461
1624182177.7146 563.3125
1624182177.8147 563.3125
1624182177.9148 563.9180
1624182178.0148 563.9180
1624182178.1148 564.5391
1624182178.2147 564.5391
1624182178.3146 565.2383
1624182178.4146 565.2383
1624182178.5146 565.8359
1624182178.6141 565.8359
1624182178.7140 565.8359
1624182178.8144 565.8359
1624182178.9143 566.9336
1624182179.0145 566.9336
1624182179.1141 566.9336
1624182179.2141 566.9336
1624182179.3142 566.9336
1624182179.4141 568.4805
1624182179.5141 568.4805
1624182179.6141 569.7266
1624182179.7142 569.7266
1624182179.8142 570.4180
1624182179.9142 570.4180
1624182180.0142 570.4180
1624182180.1142 570.4180
1624182180.2142 570.8945
1624182180.3143 570.8945
1624182180.4140 570.9375
1624182180.5143 570.9375
1624182180.6143 572.7422
1624182180.7143 572.7422
1624182180.8144 572.7422
1624182180.9142 572.7422
1624182181.0142 574.1836
1624182181.1142 574.1836
1624182181.2142 574.1836
1624182181.3140 574.1836
1624182181.4143 574.1836
1624182181.5142 575.8242
1624182181.6142 575.8242
1624182181.7141 576.5117
1624182181.8142 576.5117
1624182181.9142 577.2617
1624182182.0144 577.2617
1624182182.1143 577.2617
1624182182.2144 577.2852
1624182182.3141 577.4688
1624182182.4143 579.2734
1624182182.5141 579.2734
1624182182.6142 579.2734
1624182182.7138 580.2812
1624182182.8140 580.2812
1624182182.9140 580.2812
1624182183.0139 580.2812
1624182183.1139 582.0156
1624182183.2144 582.0156
1624182183.3146 582.0156
1624182183.4144 582.2422
1624182183.5146 582.4375
1624182183.6143 582.8242
1624182183.7145 582.9375
1624182183.8143 584.7422
1624182183.9146 584.7422
1624182184.0143 584.7422
1624182184.1142 584.9727
1624182184.2142 585.1016
1624182184.3140 586.9062
1624182184.4143 586.9062
1624182184.5145 586.9062
1624182184.6145 587.2109
1624182184.7140 587.3906
1624182184.8140 589.1953
1624182184.9139 589.1953
1624182185.0139 589.4219
1624182185.1140 590.8867
1624182185.2139 590.8867
1624182185.3143 590.8867
1624182185.4140 590.8867
1624182185.5139 592.7930
1624182185.6141 592.7930
1624182185.7139 592.7930
1624182185.8140 594.2773
1624182185.9143 594.2773
1624182186.0142 594.2773
1624182186.1142 595.8008
1624182186.2143 595.8008
1624182186.3141 595.8008
1624182186.4143 597.3008
1624182186.5143 598.5938
1624182186.6143 598.7148
1624182186.7134 598.7148
1624182186.8139 598.7148
1624182186.9140 598.7148
1624182187.0138 598.7148
1624182187.1141 598.7148
1624182187.2139 600.6836
1624182187.3141 600.6836
1624182187.4141 600.6836
1624182187.5137 602.1836
1624182187.6139 602.1836
1624182187.7140 602.7266
1624182187.8139 602.7266
1624182187.9136 603.4453
1624182188.0122 603.4453
1624182188.1140 603.6094
1624182188.2136 603.6797
1624182188.3140 603.8906
1624182188.4131 604.6641
1624182188.5123 604.6641
1624182188.6122 604.6641
1624182188.7138 606.2891
1624182188.8140 606.2891
1624182188.9140 607.2969
1624182189.0140 607.2969
1624182189.1142 607.2969
1624182189.2139 607.2969
1624182189.3139 608.7969
1624182189.4136 608.7969
1624182189.5137 608.7969
1624182189.6139 610.0195
1624182189.7139 610.0195
1624182189.8139 610.0195
1624182189.9137 610.0195
1624182190.0139 611.2969
1624182190.1143 611.2969
1624182190.2144 611.2969
1624182190.3145 611.3281
1624182190.4144 611.4023
1624182190.5144 611.6602
1624182190.6142 613.4766
1624182190.7143 613.4766
1624182190.8137 614.0977
1624182190.9140 614.0977
1624182191.0142 614.8242
1624182191.1139 614.8242
1624182191.2138 614.8242
1624182191.3139 615.7461
1624182191.4139 615.7461
1624182191.5139 616.3672
1624182191.6139 616.3672
1624182191.7139 616.3672
1624182191.8139 616.3672
1624182191.9139 617.7461
1624182192.0139 617.7461
1624182192.1140 617.7461
1624182192.2140 617.7461
1624182192.3141 618.9922
1624182192.4140 618.9922
1624182192.5140 618.9922
1624182192.6139 618.9922
1624182192.7138 620.2344
1624182192.8138 620.2344
1624182192.9140 620.2344
1624182193.0139 620.2344
1624182193.1139 620.2344
1624182193.2139 621.7617
1624182193.3140 621.7617
1624182193.4140 621.7617
1624182193.5142 622.6211
1624182193.6143 622.6211
1624182193.7139 623.1719
1624182193.8138 623.1719
1624182193.9136 623.1719
1624182194.0121 623.1719
1624182194.1119 624.3516
1624182194.2115 624.3516
1624182194.3116 624.3516
1624182194.4114 624.3516
1624182194.5135 624.3867
1624182194.6136 624.3867
1624182194.7135 624.9023
1624182194.8118 624.9023
1624182194.9133 625.6680
1624182195.0119 625.7070
1624182195.1129 625.7070
1624182195.2123 626.4805
1624182195.3139 626.5156
1624182195.4139 627.0312
1624182195.5138 627.0352
1624182195.6137 627.0352
1624182195.7137 627.0352
1624182195.8137 627.9492
1624182195.9136 627.9961
1624182196.0127 627.9961
1624182196.1127 628.7695
1624182196.2135 628.8594
1624182196.3128 628.8594
1624182196.4120 628.8594
1624182196.5120 629.2578
1624182196.6118 630.0469
1624182196.7120 630.0625
1624182196.8121 630.0625
1624182196.9121 630.3203
1624182197.0119 630.8516
1624182197.1137 631.0430
1624182197.2121 631.0430
1624182197.3118 632.8477
1624182197.4138 632.8477
1624182197.5137 632.8477
1624182197.6135 633.5312
1624182197.7137 633.5312
1624182197.8117 633.5312
1624182197.9118 633.5312
1624182198.0120 633.5312
1624182198.1121 633.5312
1624182198.2135 633.5664
1624182198.3117 633.8438
1624182198.4119 633.8438
1624182198.5118 633.8438
1624182198.6136 635.3906
1624182198.7136 635.3906
1624182198.8134 635.3906
1624182198.9120 635.3906
1624182199.0136 635.3906
1624182199.1123 635.3906
1624182199.2122 636.8906
1624182199.3120 636.8906
1624182199.4135 636.8906
1624182199.5131 636.8906
1624182199.6136 636.8906
1624182199.7141 636.8906
1624182199.8141 637.4609
1624182199.9141 637.4609
1624182200.0137 637.6016
1624182200.1142 637.6016
1624182200.2142 637.6016
1624182200.3142 637.6016
1624182200.4142 637.6016
1624182200.5142 637.6016
1624182200.6141 637.6016
1624182200.7140 637.6016
1624182200.8138 637.9453
1624182200.9139 638.1328
1624182201.0137 638.1328
1624182201.1139 638.1328
1624182201.2137 638.1328
1624182201.3137 638.3906
1624182201.4135 638.3906
1624182201.5134 638.3906
1624182201.6136 638.6719
1624182201.7118 640.5000
1624182201.8135 640.5000
1624182201.9137 640.5000
1624182202.0137 640.5000
1624182202.1135 640.5000
1624182202.2137 640.5000
1624182202.3135 640.5000
1624182202.4134 641.3594
1624182202.5135 641.3594
1624182202.6134 641.3594
1624182202.7134 641.3594
1624182202.8135 641.3594
1624182202.9135 641.3594
1624182203.0134 641.3594
1624182203.1136 641.3828
1624182203.2136 641.4062
1624182203.3136 641.4062
1624182203.4135 641.6797
1624182203.5133 641.6797
1624182203.6136 643.3633
1624182203.7136 643.3633
1624182203.8138 643.5156
1624182203.9138 643.5156
1624182204.0138 643.5156
1624182204.1136 643.5156
1624182204.2138 643.5156
1624182204.3136 643.5156
1624182204.4136 643.5156
1624182204.5136 643.5156
1624182204.6136 643.5156
1624182204.7136 643.5156
1624182204.8136 645.2227
1624182204.9137 645.2227
1624182205.0139 645.2227
1624182205.1139 645.2227
1624182205.2140 645.2227
1624182205.3140 645.2227
1624182205.4139 645.2227
1624182205.5139 645.2227
1624182205.6139 646.4492
1624182205.7142 646.4492
1624182205.8140 646.4492
1624182205.9139 646.4492
1624182206.0142 646.4492
1624182206.1140 646.4492
1624182206.2139 646.4492
1624182206.3136 646.4492
1624182206.4134 646.4492
1624182206.5135 646.4570
1624182206.6137 646.7266
1624182206.7136 647.7695
1624182206.8139 647.7695
1624182206.9138 647.7695
1624182207.0135 647.7695
1624182207.1134 647.7695
1624182207.2134 647.8750
1624182207.3134 648.0664
1624182207.4136 648.0664
1624182207.5136 648.0664
1624182207.6133 648.0664
1624182207.7136 648.0664
1624182207.8138 648.0820
1624182207.9138 650.0234
1624182208.0136 650.0234
1624182208.1135 650.0234
1624182208.2135 650.0234
1624182208.3136 650.0234
1624182208.4136 650.0234
1624182208.5133 650.0234
1624182208.6136 650.0234
1624182208.7132 650.0234
1624182208.8134 650.0234
1624182208.9135 650.0234
1624182209.0137 650.0234
1624182209.1135 650.6016
1624182209.2136 650.7930
1624182209.3136 651.0508
1624182209.4135 651.0742
1624182209.5117 651.0742
1624182209.6133 651.0742
1624182209.7133 651.0742
1624182209.8134 651.1250
1624182209.9132 651.7812
1624182210.0134 651.9727
1624182210.1134 652.2305
1624182210.2134 652.2305
1624182210.3136 652.4883
1624182210.4135 652.6797
1624182210.5137 652.6797
1624182210.6135 652.6797
1624182210.7134 652.6797
1624182210.8136 654.2266
1624182210.9135 654.2266
1624182211.0135 654.2266
1624182211.1135 654.2266
1624182211.2136 654.2266
1624182211.3134 654.2266
1624182211.4139 654.4805
1624182211.5138 654.5898
1624182211.6140 654.5898
1624182211.7139 654.5898
1624182211.8137 654.8477
1624182211.9137 655.0938
1624182212.0137 655.3438
1624182212.1138 656.3633
1624182212.2137 656.3633
1624182212.3138 656.3633
1624182212.4134 656.3633
1624182212.5132 656.3633
1624182212.6134 656.3633
1624182212.7136 656.3633
1624182212.8134 656.6055
1624182212.9133 656.6875
1624182213.0131 656.6875
1624182213.1135 656.6875
1624182213.2132 656.6914
1624182213.3130 658.2383
1624182213.4130 658.2383
1624182213.5132 658.3789
1624182213.6134 658.3789
1624182213.7136 658.3789
1624182213.8135 658.3789
1624182213.9133 658.3789
1624182214.0132 658.4375
1624182214.1132 658.6797
1624182214.2134 660.2109
1624182214.3134 660.2109
1624182214.4133 660.2109
1624182214.5135 660.2109
1624182214.6137 660.2109
1624182214.7136 660.2109
1624182214.8135 660.2109
1624182214.9131 660.2891
1624182215.0132 660.2891
1624182215.1134 660.2891
1624182215.2133 660.9453
1624182215.3136 660.9961
1624182215.4134 660.9961
1624182215.5133 660.9961
1624182215.6134 660.9961
1624182215.7133 661.1367
1624182215.8130 661.2773
1624182215.9131 662.8242
1624182216.0114 662.8242
1624182216.1132 662.9648
1624182216.2108 662.9648
1624182216.3122 662.9648
1624182216.4129 662.9648
1624182216.5115 662.9648
1624182216.6130 663.0352
1624182216.7130 663.2578
1624182216.8131 663.4844
1624182216.9131 663.7148
1624182217.0133 664.7188
1624182217.1133 664.7188
1624182217.2133 664.7188
1624182217.3132 664.7188
1624182217.4132 664.8164
1624182217.5132 664.9375
1624182217.6115 664.9375
1624182217.7116 665.4531
1624182217.8116 665.5352
1624182217.9116 665.5352
1624182218.0131 665.6758
1624182218.1113 665.6758
1624182218.2129 667.2227
1624182218.3132 667.2227
1624182218.4130 667.2227
1624182218.5131 667.2227
1624182218.6129 667.4414
1624182218.7129 667.4414
1624182218.8114 667.4414
1624182218.9113 668.3242
1624182219.0131 668.3594
1624182219.1112 668.3594
1624182219.2132 668.3594
1624182219.3132 668.5000
1624182219.4115 668.5352
1624182219.5130 670.0938
1624182219.6130 670.0938
1624182219.7129 670.0938
1624182219.8132 670.0938
1624182219.9132 670.9492
1624182220.0115 670.9492
1624182220.1130 670.9492
1624182220.2102 670.9492
1624182220.3107 670.9727
1624182220.4111 671.0508
1624182220.5113 671.0508
1624182220.6113 671.0508
1624182220.7113 671.0508
1624182220.8113 671.0508
1624182220.9094 671.2578
1624182221.0112 671.4648
1624182221.1114 673.2266
1624182221.2110 673.2266
1624182221.3111 673.2266
1624182221.4113 673.2266
1624182221.5113 674.5039
1624182221.6109 674.5039
1624182221.7100 674.5039
1624182221.8100 674.5039
1624182221.9110 674.5625
1624182222.0113 674.5625
1624182222.1111 674.7031
1624182222.2111 676.2500
1624182222.3113 676.2500
1624182222.4113 676.2500
1624182222.5110 677.0898
1624182222.6112 677.0898
1624182222.7111 677.0898
1624182222.8111 677.0898
1624182222.9113 677.0898
1624182223.0113 678.5547
1624182223.1111 678.5547
1624182223.2113 678.5547
1624182223.3113 678.5547
1624182223.4111 679.6172
1624182223.4892 679.6172
1624182223.5890 679.9648
1624182223.6892 679.9648
1624182223.7890 679.9648
1624182223.8886 680.2188
1624182223.9892 680.2344
1624182224.0890 680.2344
1624182224.1889 681.0078
1624182224.2888 681.1250
1624182224.3888 681.1250
1624182224.4890 682.8125
1624182224.6110 682.8125
1624182224.7110 682.8281
1624182224.8110 682.8281
1624182224.9110 683.3438
1624182225.0111 683.8086
1624182225.1111 683.8438
1624182225.2111 685.3906
1624182225.3111 685.3906
1624182225.4111 685.8945
1624182225.5111 685.8945
1624182225.6111 685.8945
1624182225.7108 686.7891
1624182225.8110 686.7891
1624182225.9106 686.7891
1624182226.0098 686.7891
1624182226.1108 686.7891
1624182226.1890 686.7891
1624182226.2892 688.1328
1624182226.3888 688.1328
1624182226.4889 688.1328
1624182226.5887 688.1328
1624182226.6895 688.2266
1624182226.7891 688.2266
1624182226.8892 689.9141
1624182226.9886 689.9141
1624182227.0891 690.3164
1624182227.1889 690.3164
1624182227.2891 690.3164
1624182227.3893 690.4688
1624182227.4898 690.5195
1624182227.5897 690.7773
1624182227.6895 690.8477
1624182227.7895 690.8477
1624182227.8871 692.4961
1624182227.9867 692.4961
1624182228.0979 692.4961
1624182228.1869 692.4961
1624182228.2871 693.8789
1624182228.3871 693.8789
1624182228.4981 694.3398
1624182228.5871 694.3398
1624182228.6881 695.0898
1624182228.7873 695.0898
1624182228.8873 695.7188
1624182228.9873 695.7188
1624182229.0890 695.7188
1624182229.1890 695.7188
1624182229.2891 695.7188
1624182229.3897 695.7188
1624182229.4893 697.2617
1624182229.5891 697.2617
1624182229.6895 697.2617
1624182229.7888 697.2617
1624182229.8887 697.2617
1624182229.9879 697.3438
1624182230.0878 699.0352
1624182230.1890 699.0352
1624182230.2879 699.0352
1624182230.3881 699.0352
1624182230.4881 699.0352
1624182230.5885 699.2930
1624182230.6885 699.3477
1624182230.7892 699.3477
1624182230.8995 699.4414
1624182231.0001 701.1094
1624182231.1003 701.1094
1624182231.2005 701.1094
1624182231.3003 701.2930
1624182231.3985 701.4258
1624182231.4987 701.4258
1624182231.6002 702.9727
1624182231.6998 702.9727
1624182231.8002 702.9727
1624182231.9010 702.9727
1624182232.0011 702.9727
1624182232.1011 704.3438
1624182232.2011 704.3438
1624182232.3011 704.3438
1624182232.4001 704.3438
1624182232.5003 704.3438
1624182232.6011 704.3516
1624182232.7007 705.9141
1624182232.7999 705.9141
1624182232.8981 705.9141
1624182232.9997 705.9141
1624182233.0989 706.3828
1624182233.1982 706.5078
1624182233.2984 706.5078
1624182233.3986 706.5078
1624182233.5009 706.6289
1624182233.6011 708.2070
1624182233.7008 708.2070
1624182233.8008 708.2070
1624182233.9010 708.2070
1624182234.0012 708.2070
1624182234.1015 708.6758
1624182234.2013 708.8789
1624182234.3014 708.8789
1624182234.4013 708.8789
1624182234.5012 708.9570
1624182234.6010 710.5156
1624182234.7012 710.5156
1624182234.8017 710.5156
1624182234.9015 710.5156
1624182235.0014 710.5156
1624182235.1015 710.5156
1624182235.2018 712.1914
1624182235.3014 712.1914
1624182235.4014 712.1914
1624182235.5012 712.1914
1624182235.6011 712.4453
1624182235.7014 712.5977
1624182235.8014 712.5977
1624182235.9000 712.5977
1624182235.9989 712.6797
1624182236.0989 714.3281
1624182236.2001 714.3281
1624182236.3002 714.3281
1624182236.4000 714.3281
1624182236.5015 714.3281
1624182236.6018 715.0039
1624182236.7015 715.0195
1624182236.7996 715.0195
1624182236.8995 715.0195
1624182236.9996 715.0820
1624182237.0997 716.6289
1624182237.2002 716.6289
1624182237.3003 716.6289
1624182237.4008 716.6289
1624182237.5000 716.6289
1624182237.6013 716.6289
1624182237.7007 718.0664
1624182237.8019 718.0664
1624182237.9011 718.0664
1624182238.0020 718.0664
1624182238.1015 718.0664
1624182238.2015 718.0664
1624182238.3033 719.7070
1624182238.4017 719.7070
1624182238.5020 719.7070
1624182238.6024 719.7852
1624182238.7020 719.9062
1624182238.8024 719.9062
1624182238.9021 720.0430
1624182239.0025 721.7266
1624182239.1036 721.7266
1624182239.2030 721.7266
1624182239.3026 721.7266
1624182239.4030 721.7266
1624182239.5018 723.2383
1624182239.6017 723.3516
1624182239.7027 724.3828
1624182239.8018 724.3828
1624182239.9021 724.3828
1624182240.0029 726.0312
1624182240.1027 726.0312
1624182240.2030 726.0312
1624182240.3024 726.3906
1624182240.4028 726.7422
1624182240.5026 727.0859
1624182240.6028 727.9648
1624182240.7033 728.0703
1624182240.8024 728.0703
1624182240.9033 728.5859
1624182241.0028 728.6055
1624182241.1039 728.8633
1624182241.2042 730.3984
1624182241.3035 730.3984
1624182241.4032 730.3984
1624182241.5035 731.1172
1624182241.6043 731.1172
1624182241.7041 731.8555
1624182241.8041 732.0547
1624182241.9048 732.1914
1624182242.0038 732.1914
1624182242.1044 732.9648
1624182242.2042 733.0234
1624182242.3038 733.0234
1624182242.4047 734.7109
1624182242.5041 734.7109
1624182242.6045 734.7109
1624182242.7045 734.7109
1624182242.8041 734.9258
1624182242.9042 734.9258
1624182243.0050 734.9258
1624182243.1038 736.4453
1624182243.2040 736.4453
1624182243.3039 736.4453
1624182243.4039 736.4453
1624182243.5044 736.4453
1624182243.6039 737.8320
1624182243.7039 737.8320
1624182243.8038 737.8320
1624182243.9042 737.8320
1624182244.0051 739.1641
1624182244.1049 739.1641
1624182244.2051 739.1641
1624182244.3049 739.1641
1624182244.4041 739.1641
1624182244.5041 739.1641
1624182244.6042 740.5859
1624182244.7039 740.5859
1624182244.8040 740.5859
1624182244.9042 740.5859
1624182245.0041 740.5859
1624182245.1040 740.5859
1624182245.2039 742.2109
1624182245.3041 742.2109
1624182245.4047 742.2109
1624182245.5051 742.2109
1624182245.6040 742.2109
1624182245.7042 743.6289
1624182245.8038 743.6289
1624182245.9038 743.6289
1624182246.0039 743.6289
1624182246.1037 743.6289
1624182246.2037 743.6289
1624182246.3038 745.2656
1624182246.4038 745.2656
1624182246.5038 745.2656
1624182246.6038 745.2656
1624182246.7038 745.2656
1624182246.8036 745.2656
1624182246.9036 746.6992
1624182247.0045 746.6992
1624182247.1048 746.6992
1624182247.2038 746.6992
1624182247.3049 748.0625
1624182247.4037 748.1875
1624182247.5037 748.1875
1624182247.6037 748.1875
1624182247.7039 748.1875
1624182247.8038 748.1875
1624182247.9038 748.1875
1624182248.0042 748.3008
1624182248.1051 749.9375
1624182248.2042 749.9375
1624182248.3042 749.9375
1624182248.4038 749.9375
1624182248.5038 751.3516
1624182248.6043 751.3516
1624182248.7046 751.3516
1624182248.8058 751.3516
1624182248.9064 751.9844
1624182249.0075 752.0391
1624182249.1098 752.0391
1624182249.2094 752.0391
1624182249.3105 752.1250
1624182249.4108 753.7461
1624182249.5108 753.7461
1624182249.6106 753.7461
1624182249.7100 753.7461
1624182249.8101 753.7461
1624182249.9100 755.1992
1624182250.0100 755.1992
1624182250.1101 755.6445
1624182250.2103 755.6445
1624182250.3118 755.6445
1624182250.4112 756.5078
1624182250.5121 756.5078
1624182250.6125 756.5078
1624182250.7102 756.5078
1624182250.8085 756.5078
1624182250.9045 756.5078
1624182251.0056 757.8828
1624182251.1059 757.8828
1624182251.2070 757.8828
1624182251.3069 757.9062
1624182251.4091 758.0859
1624182251.5100 758.0859
1624182251.6099 758.0859
1624182251.7107 758.4648
1624182251.8108 760.0195
1624182251.8835 760.0195
1624182251.9845 760.0195
1624182252.0840 760.0195
1624182252.1843 760.0195
1624182252.2833 761.4648
1624182252.3843 761.4648
1624182252.4844 761.4648
1624182252.5841 761.4648
1624182252.6846 762.0781
1624182252.7846 762.0781
1624182252.8834 762.3203
1624182252.9837 762.4258
1624182253.0835 763.1992
1624182253.2102 763.2539
1624182253.2821 763.2539
1624182253.4094 763.2539
1624182253.5096 763.3945
1624182253.6089 764.1680
1624182253.7087 764.3789
1624182253.8119 764.3789
1624182253.9090 764.3789
1624182254.0097 764.6367
1624182254.1095 764.8086
1624182254.2121 764.9492
1624182254.2839 766.4961
1624182254.3851 766.4961
1624182254.4851 766.4961
1624182254.5857 766.7266
1624182254.6857 766.8125
1624182254.7849 766.8125
1624182254.8853 767.6914
1624182254.9841 767.7031
1624182255.0827 768.4766
1624182255.2102 768.5273
1624182255.2516 768.5273
1624182255.3516 769.0430
1624182255.5116 769.4336
1624182255.6173 769.5625
1624182255.7097 769.5625
1624182255.8174 769.7031
1624182255.9103 769.8750
1624182256.0106 769.9727
1624182256.1105 771.5781
1624182256.1513 771.5781
1624182256.2520 771.5781
1624182256.3514 771.5781
1624182256.5116 771.5898
1624182256.5844 771.8477
1624182256.6870 773.3984
1624182256.7887 773.3984
1624182256.8928 773.3984
1624182256.9944 773.3984
1624182257.0376 774.0195
1624182257.1980 774.0391
1624182257.2998 774.0391
1624182257.4013 774.0391
1624182257.5028 775.6914
1624182257.6041 775.6914
1624182257.7042 776.6445
1624182257.8040 777.2852
1624182257.9044 777.4961
1624182258.0043 777.4961
1624182258.1039 777.4961
1624182258.2040 779.1641
1624182258.3042 779.1641
1624182258.4045 779.1641
1624182258.5048 779.1641
1624182258.6050 780.1445
1624182258.6776 780.1445
1624182258.7775 780.1445
1624182258.8773 780.7109
1624182258.9778 780.8555
1624182259.0774 780.8555
1624182259.1748 780.8555
1624182259.2747 782.4023
1624182259.3747 782.4023
1624182259.5052 782.4023
1624182259.6052 782.4023
1624182259.7054 783.0781
1624182259.8057 783.0781
1624182259.9059 783.0781
1624182260.0059 783.0781
1624182260.1058 784.6133
1624182260.2060 784.6133
1624182260.3064 784.6133
1624182260.4066 784.6133
1624182260.5074 784.6133
1624182260.6080 785.7773
1624182260.7089 785.7773
1624182260.8087 785.7773
1624182260.9087 785.7773
1624182261.0090 785.7773
1624182261.1089 785.7773
1624182261.2096 787.1797
1624182261.3093 787.1797
1624182261.4097 787.3828
1624182261.5098 787.7227
1624182261.5513 787.8242
1624182261.6524 787.8242
1624182261.7556 787.8242
1624182261.8513 787.9297
1624182261.9461 789.5391
1624182262.0488 789.5391
1624182262.1641 789.5391
1624182262.2662 789.5391
1624182262.3681 789.5391
1624182262.4700 789.5391
1624182262.5712 790.8125
1624182262.6996 791.6797
1624182262.7712 792.1680
1624182262.9000 792.3320
1624182263.0003 792.3320
1624182263.0722 792.3320
1624182263.1724 793.8789
1624182263.2725 793.8789
1624182263.3729 793.8789
1624182263.4729 793.8789
1624182263.5854 794.1875
1624182263.6989 794.3281
1624182263.8009 794.3281
1624182263.8726 794.5859
1624182263.9865 794.6602
1624182264.0854 795.4336
1624182264.1862 795.4648
1624182264.3008 795.4648
1624182264.4008 795.4648
1624182264.5008 795.4648
1624182264.5725 795.5977
1624182264.6723 797.2266
1624182264.7725 797.2266
1624182264.8725 797.2266
1624182264.9735 797.2266
1624182265.0723 797.2266
1624182265.2002 797.2266
1624182265.3012 797.2266
1624182265.3722 798.6562
1624182265.5005 798.6562
1624182265.5726 798.6562
1624182265.6727 799.1406
1624182265.8032 799.1406
1624182265.9031 799.1406
1624182266.0030 799.1406
1624182266.1029 799.1406
1624182266.2030 799.1406
1624182266.3031 800.5547
1624182266.4033 800.5547
1624182266.5036 800.5547
1624182266.6004 800.5547
1624182266.6723 800.5547
1624182266.7749 802.0156
1624182266.8781 802.0156
1624182266.9790 802.0156
1624182267.0824 802.0156
1624182267.1850 802.0156
1624182267.2882 803.3945
1624182267.3886 803.3945
1624182267.4850 803.3945
1624182267.5828 803.3945
1624182267.6856 803.3945
1624182267.7864 804.9023
1624182267.8850 805.5000
1624182267.9818 805.6289
1624182268.0967 805.6289
1624182268.1864 805.7148
1624182268.2961 805.7344
1624182268.3976 807.3398
1624182268.4973 807.3398
1624182268.5979 807.3398
1624182268.6975 807.3398
1624182268.7978 807.3398
1624182268.8978 807.3398
1624182268.9981 808.8633
1624182269.0975 808.8633
1624182269.1980 808.8633
1624182269.2980 808.8633
1624182269.3985 808.8633
1624182269.4983 808.8633
1624182269.5979 810.2422
1624182269.6985 810.2422
1624182269.7975 810.2422
1624182269.8970 810.2422
1624182270.0097 810.2422
1624182270.0968 811.2031
1624182270.2094 811.2305
1624182270.2974 811.7461
1624182270.3970 811.8281
1624182270.4975 812.8594
1624182270.5984 813.1875
1624182270.6985 813.3984
1624182270.7987 813.3984
1624182270.8989 813.4258
1624182270.9989 815.0938
1624182271.0988 815.0938
1624182271.1986 815.0938
1624182271.2987 815.0938
1624182271.3989 815.0938
1624182271.4990 816.4609
1624182271.5995 816.4609
1624182271.6989 816.4609
1624182271.7989 816.4609
1624182271.8995 816.4609
1624182271.9987 817.0898
1624182272.0999 817.2070
1624182272.1985 817.2070
1624182272.3000 817.9805
1624182272.4000 818.0859
1624182272.4984 818.0859
1624182272.5985 818.8594
1624182272.7002 818.8828
1624182272.8001 818.8828
1624182272.8984 818.8828
1624182272.9988 820.0547
1624182273.1004 820.1055
1624182273.2006 820.1055
1624182273.3000 820.8789
1624182273.3992 820.9023
1624182273.5008 820.9023
1624182273.6008 820.9023
1624182273.7012 821.0430
1624182273.8005 821.0430
1624182273.8998 821.9531
1624182274.0002 822.1797
1624182274.1004 822.5234
1624182274.2006 822.5977
1624182274.3007 822.9492
1624182274.4007 822.9492
1624182274.5005 823.0664
1624182274.6004 823.4141
1624182274.7000 824.4141
1624182274.8002 824.4141
1624182274.8994 824.4141
1624182274.9989 824.6602
1624182275.0986 824.7656
1624182275.1978 825.2812
1624182275.3023 825.2812
1624182275.4027 825.2812
1624182275.5038 826.8789
1624182275.6040 826.8789
1624182275.7035 826.8789
1624182275.8040 826.8789
1624182275.9040 826.8789
1624182276.0047 827.3242
1624182276.1059 827.7461
1624182276.2073 828.1406
1624182276.3094 828.2344
1624182276.4107 828.2344
1624182276.5118 829.8320
1624182276.6120 829.8320
1624182276.7123 829.8320
1624182276.8170 829.8320
1624182276.9170 830.7930
1624182277.0172 830.7930
1624182277.1176 830.7930
1624182277.2176 831.8203
1624182277.3170 831.9844
1624182277.4159 832.6758
1624182277.5152 833.2109
1624182277.6159 833.4688
1624182277.7168 833.8203
1624182277.8171 834.5117
1624182277.9171 834.5117
1624182277.9292 835.0156
1624182278.0765 835.4297
1624182278.1767 835.8867
1624182278.2755 835.9922
1624182278.3775 835.9922
1624182278.4783 836.9297
1624182278.5780 837.0742
1624182278.6802 838.3633
1624182278.7786 838.3750
1624182278.8781 838.6328
1624182278.9799 838.8242
1624182279.0783 838.8242
1624182279.1777 838.8242
1624182279.3196 840.3711
1624182279.3350 840.3711
1624182279.4350 840.3711
1624182279.5348 840.3711
1624182279.6348 840.5508
1624182279.8197 840.5508
1624182279.8348 842.1680
1624182279.9346 842.1680
1624182280.0346 842.1680
1624182280.1346 842.1680
1624182280.3196 842.1680
1624182280.4196 842.1992
1624182280.5196 842.4570
1624182280.6196 842.5039
1624182280.7196 842.5039
1624182280.8196 844.1914
1624182280.9166 844.1914
1624182281.0165 844.1914
1624182281.1165 844.8633
1624182281.2165 844.8633
1624182281.3164 844.8633
1624182281.4197 844.8633
1624182281.5166 844.8633
1624182281.5289 844.8633
1624182281.7167 844.8945
1624182281.8166 845.0625
1624182281.9163 845.2773
1624182281.9289 845.5352
1624182282.1164 845.8906
1624182282.2194 846.0547
1624182282.3197 846.0547
1624182282.4195 847.6016
1624182282.5195 847.6016
1624182282.6200 847.6016
1624182282.7194 847.6016
1624182282.8163 847.6016
1624182282.9195 847.6016
1624182283.0192 848.5547
1624182283.1159 848.5547
1624182283.2195 848.5547
1624182283.3162 849.5000
1624182283.3288 849.5000
1624182283.5162 849.5000
1624182283.6163 849.5000
1624182283.7167 849.5000
1624182283.7421 849.5000
1624182283.8347 849.5000
1624182283.9359 849.6016
1624182284.0372 849.7383
1624182284.1405 849.7383
1624182284.2418 849.9414
1624182284.3435 849.9414
1624182284.4461 851.5586
1624182284.5460 851.5586
1624182284.6421 851.5586
1624182284.7517 851.5586
1624182284.8495 852.2422
1624182284.9539 852.2422
1624182285.0536 852.4375
1624182285.1762 852.5391
1624182285.2759 853.5703
1624182285.3764 853.5703
1624182285.4763 853.8242
1624182285.5763 854.0000
1624182285.6764 854.0000
1624182285.7765 854.0000
1624182285.8764 854.1406
1624182285.9766 855.0156
1624182286.0769 855.2070
1624182286.1769 855.2070
1624182286.2769 855.7227
1624182286.3768 855.7227
1624182286.4754 855.7227
1624182286.5756 855.8477
1624182286.6762 856.4961
1624182286.7756 856.5508
1624182286.8766 856.8086
1624182286.9758 856.9805
1624182287.0756 856.9805
1624182287.1534 857.6367
1624182287.2752 857.6367
1624182287.3528 857.6367
1624182287.4492 857.7383
1624182287.5485 858.0625
1624182287.6487 858.0625
1624182287.7489 858.2969
1624182287.8438 858.6758
1624182287.9465 858.8594
1624182288.0443 859.1172
1624182288.1440 859.1406
1624182288.2438 860.6875
1624182288.3471 860.6875
1624182288.4503 860.6875
1624182288.5520 860.6875
1624182288.6542 860.6875
1624182288.7545 860.6875
1624182288.8657 860.7578
1624182288.9680 860.9375
1624182289.0693 862.4844
1624182289.1679 862.4844
1624182289.2675 863.1602
1624182289.3735 864.0391
1624182289.4725 865.3359
1624182289.5729 865.9023
1624182289.6714 866.5312
1624182289.7725 866.5898
1624182289.8732 866.5898
1624182289.9747 866.9727
1624182290.0747 866.9727
1624182290.1751 866.9727
1624182290.2756 867.2227
1624182290.3741 867.6445
1624182290.4756 867.8125
1624182290.5755 868.0703
1624182290.6735 868.1055
1624182290.7742 868.2578
1624182290.8742 868.5156
1624182290.9741 868.5156
1624182291.0751 868.9219
1624182291.1751 869.0977
1624182291.2735 869.0977
1624182291.3749 869.1836
1624182291.4743 869.2500
1624182291.5751 869.4609
1624182291.6750 869.6016
1624182291.7738 869.9961
1624182291.8746 870.3789
1624182291.9749 870.4023
1624182292.0743 870.5039
1624182292.1749 870.7031
1624182292.2749 871.6172
1624182292.3749 871.7969
1624182292.4747 871.7969
1624182292.5746 871.7969
1624182292.6747 871.9375
1624182292.7747 872.3359
1624182292.8745 872.5430
1624182292.9747 872.5430
1624182293.0745 872.6836
1624182293.1745 873.1016
1624182293.2745 873.3828
1624182293.3745 873.8203
1624182293.4743 874.1016
1624182293.5737 874.1016
1624182293.6730 874.1562
1624182293.7742 874.1562
1624182293.8741 874.6719
1624182293.9743 874.8828
1624182294.0343 874.8828
1624182294.1361 876.4297
1624182294.2369 876.4766
1624182294.3403 877.0625
1624182294.4401 877.6875
1624182294.5419 878.2891
1624182294.6471 878.6836
1624182294.7493 878.7891
1624182294.8509 879.3047
1624182294.9912 879.7070
1624182295.0947 880.1680
1624182295.1952 880.2305
1624182295.2980 880.7461
1624182295.3996 880.9648
1624182295.4964 881.6289
1624182295.5990 882.3242
1624182295.6995 882.6250
1624182295.7997 882.7109
1624182295.8995 882.9180
1624182295.9989 883.5273
1624182296.0988 883.6211
1624182296.1992 884.1367
1624182296.2997 884.5078
1624182296.4000 884.9609
1624182296.5002 885.0000
1624182296.5999 885.0781
1624182296.6999 885.0781
1624182296.7998 886.6758
1624182296.9002 886.6758
1624182297.0004 887.1211
1624182297.1007 887.1211
1624182297.2017 887.4609
1624182297.3029 887.4609
1624182297.4047 887.4609
1624182297.5049 887.4609
1624182297.6050 887.4609
1624182297.7051 888.5781
1624182297.8052 888.5781
1624182297.9052 888.5781
1624182298.0053 888.5781
1624182298.1048 888.5781
1624182298.2048 889.4922
1624182298.3049 889.4922
1624182298.4051 889.4922
1624182298.5054 889.4922
1624182298.6058 889.6016
1624182298.7061 889.6016
1624182298.8065 890.1133
1624182298.9071 890.3320
1624182299.0083 890.3789
1624182299.1083 890.4609
1624182299.2071 890.4609
1624182299.3034 892.0781
1624182299.4025 892.0781
1624182299.5019 892.0781
1624182299.6022 892.6289
1624182299.7023 892.6289
1624182299.8089 892.6289
1624182299.9085 892.6289
1624182300.0011 892.6289
1624182300.1089 892.6289
1624182300.2092 892.9570
1624182300.3089 892.9570
1624182300.4093 892.9883
1624182300.5102 894.5352
1624182300.6109 894.5352
1624182300.7110 894.5352
1624182300.8109 894.5352
1624182300.9107 895.3398
1624182301.0105 895.3398
1624182301.1104 895.3398
1624182301.2035 895.3398
1624182301.3057 895.6055
1624182301.4075 895.7461
1624182301.5085 895.7461
1624182301.6092 896.0039
1624182301.7093 896.2188
1624182301.8101 896.2188
1624182301.9096 896.6172
1624182302.0096 896.7812
1624182302.1091 897.2969
1624182302.2084 897.2969
1624182302.3078 897.2969
1624182302.4066 897.4375
1624182302.5060 898.1055
1624182302.6035 898.1328
1624182302.7090 898.1328
1624182302.8092 898.3906
1624182302.9035 898.5078
1624182303.0064 898.6367
1624182303.1082 898.8359
1624182303.2082 899.0938
1624182303.3080 899.2070
1624182303.4078 900.7539
1624182303.5080 900.7539
1624182303.6080 900.7539
1624182303.7076 900.7539
1624182303.8077 900.8008
1624182303.9074 900.8008
1624182304.0072 900.8008
1624182304.1074 900.9414
1624182304.2090 900.9414
1624182304.3092 901.8125
1624182304.4092 901.9609
1624182304.5086 902.2188
1624182304.6079 902.2500
1624182304.7076 902.2500
1624182304.8076 902.2500
1624182304.9074 902.3398
1624182305.0071 902.3398
1624182305.1076 903.9570
1624182305.2078 903.9570
1624182305.3076 903.9570
1624182305.4076 903.9570
1624182305.5078 904.1367
1624182305.6086 904.1797
1624182305.7097 904.4375
1624182305.8097 904.5391
1624182305.9094 904.5391
1624182306.0084 904.5391
1624182306.1080 904.5391
1624182306.2083 904.7969
1624182306.3077 904.9141
1624182306.4071 905.1719
1624182306.5069 905.2891
1624182306.6070 905.8047
1624182306.7068 905.8398
1624182306.8066 905.8867
1624182306.9060 905.8867
1624182307.0052 905.8867
1624182307.1070 906.7734
1624182307.2046 906.8086
1624182307.3043 906.8086
1624182307.4040 906.8086
1624182307.5049 908.3555
1624182307.6058 908.3555
1624182307.7066 908.3555
1624182307.8083 908.7656
1624182307.9083 908.7656
1624182308.0073 909.1445
1624182308.1071 909.1445
1624182308.2041 909.1445
1624182308.3032 909.1445
1624182308.4049 909.1445
1624182308.5060 909.1445
1624182308.6059 909.1719
1624182308.7067 909.1719
1624182308.8069 909.1719
1624182308.9063 909.4297
1624182309.0059 909.4648
1624182309.1063 909.4648
1624182309.2053 911.1250
1624182309.3051 911.1250
1624182309.4058 911.1250
1624182309.5069 911.1250
1624182309.6078 911.1250
1624182309.7076 911.1250
1624182309.8082 911.1250
1624182309.9055 911.1250
1624182310.0043 911.1641
1624182310.1100 911.1641
1624182310.2019 911.3047
1624182310.3049 911.6445
1624182310.4076 911.8672
1624182310.5086 911.8789
1624182310.6090 912.0195
1624182310.7088 912.0195
1624182310.8096 913.6367
1624182310.9082 913.6367
1624182311.0079 913.9180
1624182311.1078 913.9180
1624182311.2074 913.9180
1624182311.3080 913.9180
1624182311.4080 913.9180
1624182311.5085 914.1289
1624182311.6090 914.1992
1624182311.7090 914.1992
1624182311.8087 914.1992
1624182311.9081 914.1992
1624182312.0075 914.3398
1624182312.1074 914.4180
1624182312.2069 914.4922
1624182312.3077 914.5391
1624182312.4082 916.0859
1624182312.5088 916.0859
1624182312.6090 916.0859
1624182312.7091 916.0859
1624182312.8104 916.0859
1624182312.9099 916.0859
1624182313.0096 916.0859
1624182313.1090 916.0859
1624182313.2094 916.0859
1624182313.3110 916.8203
1624182313.4111 917.0156
1624182313.5134 917.0156
1624182313.6114 917.5312
1624182313.7135 917.5820
1624182313.8112 917.5820
1624182313.9112 917.5820
1624182314.0111 917.5820
1624182314.1112 917.5820
1624182314.2132 917.7578
1624182314.3160 917.8281
1624182314.4158 919.4453
1624182314.5156 919.4453
1624182314.6156 919.4453
1624182314.7159 919.8281
1624182314.8159 919.8281
1624182314.9160 919.8281
1624182315.0156 919.8281
1624182315.1157 919.8281
1624182315.2154 920.6562
1624182315.3154 920.6562
1624182315.4156 920.6562
1624182315.5157 921.1602
1624182315.6157 921.1602
1624182315.7158 921.1602
1624182315.8157 921.1602
1624182315.9159 921.1602
1624182316.0160 921.1602
1624182316.1157 921.1602
1624182316.2157 922.1797
1624182316.3156 922.1797
1624182316.4156 922.4180
1624182316.5156 922.4180
1624182316.6158 922.4180
1624182316.7156 922.4180
1624182316.8157 922.4180
1624182316.9156 922.4180
1624182317.0156 922.4180
1624182317.1156 923.4219
1624182317.2157 923.4219
1624182317.3156 923.4219
1624182317.4156 923.4219
1624182317.5156 923.4219
1624182317.6157 923.4219
1624182317.7155 924.2578
1624182317.8157 924.2578
1624182317.9156 924.2578
1624182318.0155 924.2578
1624182318.1153 924.2578
1624182318.2154 924.2578
1624182318.3158 924.3359
1624182318.4159 924.4102
1624182318.5159 924.4102
1624182318.6158 924.4102
1624182318.7156 924.4805
1624182318.8155 926.0977
1624182318.9154 926.0977
1624182319.0154 926.0977
1624182319.1154 926.0977
1624182319.2154 926.0977
1624182319.3155 926.0977
1624182319.4155 926.0977
1624182319.5156 927.1367
1624182319.6156 927.1367
1624182319.7157 927.1367
1624182319.7279 927.1367
1624182319.9157 927.1367
1624182320.0156 927.1367
1624182320.1155 927.1367
1624182320.2155 927.1367
1624182320.3155 927.1367
1624182320.4155 927.1914
1624182320.5155 927.3086
1624182320.6156 927.4844
1624182320.7156 927.5000
1624182320.8156 927.5000
1624182320.9156 929.0469
1624182321.0155 929.0469
1624182321.1155 929.0469
1624182321.2155 929.0469
1624182321.3155 929.5508
1624182321.4155 929.5508
1624182321.5155 929.5508
1624182321.6155 929.5508
1624182321.7156 930.0547
1624182321.8153 930.0547
1624182321.9154 930.0547
1624182322.0153 930.0547
1624182322.1153 930.0547
1624182322.2155 930.6797
1624182322.2294 930.6797
1624182322.4155 930.6797
1624182322.4294 930.6797
1624182322.6157 931.2148
1624182322.7155 931.2148
1624182322.8154 931.2148
1624182322.9154 931.2148
1624182323.0154 931.2148
1624182323.1154 931.2148
1624182323.2156 931.2148
1624182323.3156 931.2148
1624182323.4156 931.2148
1624182323.5156 932.2461
1624182323.6155 932.2461
1624182323.7157 932.2461
1624182323.8154 932.2461
1624182323.9153 932.2461
1624182324.0154 932.2461
1624182324.1154 932.2461
1624182324.2154 932.2461
1624182324.3155 932.2461
1624182324.4155 933.2930
1624182324.4293 933.2930
1624182324.6155 933.2930
1624182324.7154 933.7227
1624182324.8154 933.7227
1624182324.9154 933.7227
1624182325.0157 933.7227
1624182325.1157 933.7227
1624182325.2156 933.7227
1624182325.3154 933.7227
1624182325.4154 933.7227
1624182325.5153 933.7227
1624182325.6154 933.7227
1624182325.7151 935.0117
1624182325.8155 935.0117
1624182325.9155 935.0117
1624182326.0155 935.0117
1624182326.1154 935.6328
1624182326.2154 935.6328
1624182326.2293 935.6328
1624182326.4154 936.0352
1624182326.5154 936.0352
1624182326.6154 936.0352
1624182326.7153 936.0352
1624182326.8153 936.0352
1624182326.9153 936.0352
1624182327.0154 936.0352
1624182327.1154 936.0352
1624182327.2154 936.0352
1624182327.3155 937.1445
1624182327.4155 937.1445
1624182327.4292 937.1445
1624182327.6153 937.1445
1624182327.7156 937.6953
1624182327.8154 937.6953
1624182327.9154 937.6953
1624182328.0154 937.6953
1624182328.0292 937.6953
1624182328.2153 938.3789
1624182328.3153 938.3789
1624182328.4152 938.3789
1624182328.5152 938.3789
1624182328.6152 938.8945
1624182328.7153 938.8945
1624182328.8153 938.8945
1624182328.9156 938.8945
1624182329.0154 939.4141
1624182329.1154 939.4141
1624182329.2154 939.4141
1624182329.3154 939.4141
1624182329.4154 939.4141
1624182329.5153 939.4141
1624182329.6153 939.4141
1624182329.7152 939.4141
1624182329.8152 939.4141
1624182329.8278 939.4141
1624182330.0152 939.4141
1624182330.0727 941.0547
1624182330.1749 941.0547
1624182330.2728 941.0547
1624182330.3749 941.0547
1624182330.4744 941.0547
1624182330.5748 941.0547
1624182330.6726 941.0547
1624182330.8182 941.2227
1624182330.9185 941.2227
1624182331.0152 941.2695
1624182331.1153 942.8203
1624182331.2154 942.8203
1624182331.3157 942.8203
1624182331.4154 942.8203
1624182331.5154 942.8203
1624182331.6154 942.8203
1624182331.7152 942.8203
1624182331.8152 943.6562
1624182331.9153 943.6562
1624182332.0151 943.6562
1624182332.0699 943.6562
1624182332.2183 943.6562
1624182332.3183 944.2266
1624182332.4146 944.2266
1624182332.5148 944.2266
1624182332.6213 944.6758
1624182332.7213 944.6758
1624182332.8213 944.6758
1624182332.9205 944.6758
1624182333.0215 944.6758
1624182333.1213 944.6758
1624182333.2192 944.6758
1624182333.3193 944.6758
1624182333.4193 944.6758
1624182333.5197 944.6758
1624182333.6193 944.6758
1624182333.7192 946.1562
1624182333.8194 946.1562
1624182333.9195 946.6211
1624182334.0194 946.6211
1624182334.1195 946.6211
1624182334.1490 946.6211
1624182334.2473 946.6211
1624182334.4079 946.6211
1624182334.4728 946.6211
1624182334.5728 946.6211
1624182334.6729 946.6211
1624182334.7848 946.8711
1624182334.8855 946.9688
1624182334.9863 947.2266
1624182335.0730 947.3828
1624182335.1858 947.3828
1624182335.2571 947.8984
1624182335.3472 947.9336
1624182335.5219 948.1914
1624182335.6218 948.3086
1624182335.7220 948.3086
1624182335.8200 948.3086
1624182335.9222 948.3242
1624182336.0224 949.8984
1624182336.1203 949.8984
1624182336.2175 949.8984
1624182336.3223 949.8984
1624182336.4211 950.3984
1624182336.5223 950.3984
1624182336.6192 950.3984
1624182336.7201 950.3984
1624182336.8180 950.3984
1624182336.9201 951.0391
1624182337.0196 951.0391
1624182337.1210 951.0391
1624182337.2220 951.0391
1624182337.3223 951.0391
1624182337.4221 951.0391
1624182337.5219 951.0391
1624182337.6219 951.0391
1624182337.7216 951.0391
1624182337.8223 951.0391
1624182337.9225 951.0391
1624182337.9311 951.3320
1624182338.0552 951.4023
1624182338.1392 951.5508
1624182338.2392 951.5938
1624182338.3605 951.5938
1624182338.4618 953.1484
1624182338.5651 953.1484
1624182338.6653 953.1484
1624182338.7684 953.1484
1624182338.8701 953.1484
1624182338.9711 953.1484
1624182339.0732 953.1484
1624182339.1760 953.1484
1624182339.2762 954.1680
1624182339.3794 954.1680
1624182339.4692 954.1680
1624182339.5700 954.1680
1624182339.6702 954.1680
1624182339.7697 954.8516
1624182339.8704 954.8516
1624182339.9723 954.8516
1624182340.0733 954.8516
1624182340.1624 954.8516
1624182340.2663 954.8516
1624182340.3596 954.8516
1624182340.4683 954.8516
1624182340.5613 954.8516
1624182340.6621 954.8516
1624182340.7584 954.8516
1624182340.8576 954.8516
1624182340.9484 956.0469
1624182341.0482 956.0469
1624182341.1557 956.3398
1624182341.2485 956.8906
1624182341.3485 957.4805
1624182341.4477 957.7656
1624182341.5546 957.9453
1624182341.6585 958.3438
1624182341.7547 958.6562
1624182341.8684 958.9570
1624182341.9677 959.2930
1624182342.0668 959.6719
1624182342.1678 959.9844
1624182342.2674 960.3125
1624182342.3776 960.6836
1624182342.4750 961.0469
1624182342.5775 961.4102
1624182342.6773 961.4297
1624182342.7677 961.6172
1624182342.8776 961.8242
1624182342.9683 962.0000
1624182343.0772 962.2578
1624182343.1758 962.2891
1624182343.2788 962.4805
1624182343.4120 962.6289
1624182343.4755 962.8867
1624182343.5778 962.8867
1624182343.6756 963.0508
1624182343.7753 963.3281
1624182343.8753 963.3359
1624182343.9655 963.5273
1624182344.0776 963.5586
1624182344.1682 965.1055
1624182344.2682 965.1055
1624182344.3757 965.1055
1624182344.4752 965.1055
1624182344.5685 965.1055
1624182344.6762 965.1055
1624182344.7786 965.1055
1624182344.8797 965.1055
1624182344.9720 966.2227
1624182345.0825 966.2227
1624182345.1799 966.2227
1624182345.2830 966.2227
1624182345.3838 966.2227
1624182345.4845 966.2227
1624182345.5836 966.2227
1624182345.6814 966.2227
1624182345.7864 966.2227
1624182345.8864 966.2617
1624182345.9760 966.2617
1624182346.0863 966.3867
1624182346.1861 966.7617
1624182346.2818 966.7617
1624182346.3862 966.7617
1624182346.4869 966.9531
1624182346.5854 967.7266
1624182346.6895 967.8984
1624182346.7888 967.8984
1624182346.8880 967.8984
1624182346.9790 967.8984
1624182347.0786 967.8984
1624182347.1881 968.3086
1624182347.2793 968.3438
1624182347.3789 968.3438
1624182347.4864 969.9570
1624182347.5343 969.9570
1624182347.6785 969.9570
1624182347.7790 969.9570
1624182347.8786 969.9570
1624182347.9795 969.9570
1624182348.0886 969.9570
1624182348.2057 969.9570
1624182348.2795 969.9570
1624182348.3795 969.9570
1624182348.4795 969.9570
1624182348.5795 970.0703
1624182348.6795 970.0703
1624182348.7795 971.6172
1624182348.8794 971.6172
1624182348.9878 971.6172
1624182349.0868 971.6172
1624182349.1867 971.6172
1624182349.2787 971.6172
1624182349.3865 972.2461
1624182349.4840 972.2461
1624182349.5786 972.2461
1624182349.6869 972.2461
1624182349.7879 972.2461
1624182349.8865 972.2461
1624182349.9866 972.2461
1624182350.0786 972.2461
1624182350.1868 972.2461
1624182350.2786 972.2461
1624182350.3865 973.4180
1624182350.4864 973.4180
1624182350.5790 973.4180
1624182350.6868 973.4180
1624182350.7868 973.4180
1624182350.8790 973.9961
1624182350.9680 973.9961
1624182351.0681 973.9961
1624182351.1784 973.9961
1624182351.2788 973.9961
1624182351.3846 973.9961
1624182351.4832 974.7031
1624182351.5346 974.7031
1624182351.6873 974.7031
1624182351.7872 974.7031
1624182351.8867 974.7031
1624182351.9785 974.7031
1624182352.0815 974.7031
1624182352.1868 974.7031
1624182352.2776 974.7031
1624182352.3778 974.7031
1624182352.4768 974.7031
1624182352.5552 974.7031
1624182352.6878 976.1055
1624182352.7877 976.1055
1624182352.8762 976.1055
1624182352.9762 976.1055
1624182353.1035 976.1055
1624182353.2035 976.1055
1624182353.2876 976.1055
1624182353.3781 977.0703
1624182353.4863 977.0703
1624182353.5792 977.0703
1624182353.6791 977.0703
1624182353.7787 977.0703
1624182353.8784 977.0703
1624182353.9783 977.0703
1624182354.0783 977.0703
1624182354.1792 977.0703
1624182354.3036 977.0703
1624182354.3783 977.0703
1624182354.4865 977.0703
1624182354.5246 978.3242
1624182354.6782 978.3242
1624182354.7858 978.3242
1624182354.8787 978.3242
1624182354.9790 978.6602
1624182355.0786 978.6602
1624182355.1782 978.6602
1624182355.2835 978.6602
1624182355.3798 979.1445
1624182355.4863 979.1445
1624182355.5824 979.1445
1624182355.6818 979.1445
1624182355.7846 979.1445
1624182355.8839 979.1445
1624182355.9852 979.1445
1624182356.0845 980.1250
1624182356.1848 980.1250
1624182356.2851 980.1250
1624182356.3854 980.1250
1624182356.4858 981.0039
1624182356.5826 981.0039
1624182356.6876 981.0039
1624182356.7815 981.0039
1624182356.8829 981.0039
1624182356.9827 981.0039
1624182357.0829 981.0664
1624182357.1829 981.2461
1624182357.2824 981.5039
1624182357.3879 981.6758
1624182357.4936 981.6758
1624182357.5932 981.6758
1624182357.6882 981.6758
1624182357.7464 981.6758
1624182357.9046 983.2734
1624182358.0042 983.2734
1624182358.1053 983.2734
1624182358.2038 983.2734
1624182358.3040 983.6484
1624182358.4040 983.6484
1624182358.5132 983.6484
1624182358.6219 983.9805
1624182358.7126 983.9805
1624182358.8044 983.9805
1624182358.9046 984.2539
1624182359.0046 984.2539
1624182359.1040 984.2539
1624182359.2040 984.2539
1624182359.3050 984.2539
1624182359.4022 984.2539
1624182359.5026 984.6523
1624182359.5994 984.6523
1624182359.7014 984.6523
1624182359.8020 984.6523
1624182359.9050 984.6523
1624182360.0047 984.6523
1624182360.1051 984.6523
1624182360.2053 984.6523
1624182360.3049 984.6523
1624182360.4051 985.6836
1624182360.5049 985.6836
1624182360.6051 985.6836
1624182360.7014 985.6836
1624182360.8001 985.6836
1624182360.9012 985.6836
1624182361.0027 986.3398
1624182361.1030 986.3398
1624182361.2033 986.3398
1624182361.3037 986.3398
1624182361.3984 986.3398
1624182361.4982 986.3398
1624182361.5978 986.3398
1624182361.6980 986.3398
1624182361.7985 987.2578
1624182361.8834 987.2578
1624182361.9904 987.2578
1624182362.0748 987.2578
1624182362.1834 987.2578
1624182362.2748 987.2578
1624182362.3832 987.3164
1624182362.4898 987.5742
1624182362.5831 987.7617
1624182362.6913 988.0195
1624182362.7833 988.1367
1624182362.8979 988.1367
1624182362.9828 988.3945
1624182363.0828 988.5234
1624182363.1831 988.7812
1624182363.2863 988.9688
1624182363.3752 989.2266
1624182363.4864 989.4102
1624182363.5983 989.6680
1624182363.6989 989.7383
1624182363.7989 989.9961
1624182363.9052 990.0586
1624182364.0050 990.2188
1624182364.1040 990.4766
1624182364.2053 990.4844
1624182364.3042 990.7422
1624182364.4075 990.7422
1624182364.5027 990.9922
1624182364.6051 990.9922
1624182364.7123 991.2070
1624182364.8041 991.2070
1624182364.9040 991.6016
1624182365.0034 991.6797
1624182365.0988 991.9375
1624182365.2174 991.9375
1624182365.2995 991.9375
1624182365.4056 991.9922
1624182365.5047 992.0859
1624182365.6043 992.1016
1624182365.7049 992.3867
1624182365.7987 992.5703
1624182365.9009 992.8281
1624182366.0060 992.8281
1624182366.0987 993.0859
1624182366.1995 993.1133
1624182366.2993 993.3711
1624182366.3989 993.4258
1624182366.5063 993.5742
1624182366.5994 993.5742
1624182366.7085 993.9336
1624182366.8036 993.9648
1624182366.9034 993.9648
1624182366.9988 994.1797
1624182367.1018 994.4375
1624182367.2004 994.4375
1624182367.3045 994.5508
1624182367.4085 994.8086
1624182367.4991 994.8086
1624182367.5997 995.0508
1624182367.6994 995.0508
1624182367.8078 995.0508
1624182367.9042 995.1055
1624182367.9994 995.4961
1624182368.0989 995.4961
1624182368.1999 995.4961
1624182368.3034 995.6836
1624182368.3991 995.8398
1624182368.5045 995.8398
1624182368.6053 996.1680
1624182368.6867 996.2578
1624182368.7738 996.9570
1624182368.8735 997.1758
1624182368.9731 997.2969
1624182369.0732 997.5938
1624182369.1732 997.7617
1624182369.2736 997.8555
1624182369.3742 998.3164
1624182369.4733 998.7695
1624182369.5735 999.1055
1624182369.6740 999.1406
1624182369.7830 999.7070
1624182369.8732 1000.0039
1624182370.0000 1000.0430
1624182370.1002 1000.0625
1624182370.2001 1000.2695
1624182370.3001 1000.4180
1624182370.4001 1000.6758
1624182370.5001 1000.6758
1624182370.6001 1000.9258
1624182370.7001 1000.9766
1624182370.8002 1001.1250
1624182370.9002 1001.2891
1624182371.0002 1001.4844
1624182371.0997 1001.6836
1624182371.1999 1001.8789
1624182371.3083 1002.0625
1624182371.4079 1002.2578
1624182371.5117 1002.5156
1624182371.6083 1002.5352
1624182371.7192 1002.7930
1624182371.8053 1002.8438
1624182371.8999 1003.1016
1624182372.0002 1003.1094
1624182372.1002 1003.3672
1624182372.2003 1003.6445
1624182372.3003 1003.8789
1624182372.4003 1004.0938
1624182372.5002 1004.1016
1624182372.6004 1004.3008
1624182372.7002 1004.4688
1624182372.8001 1004.6641
1624182372.9003 1004.8125
1624182373.0004 1005.2500
1624182373.0873 1005.2500
1624182373.1828 1005.4219
1624182373.2835 1005.8828
1624182373.3835 1006.3281
1624182373.4726 1006.3516
1624182373.5833 1006.6914
1624182373.6902 1006.8789
1624182373.7907 1006.8867
1624182373.8836 1007.0703
1624182373.9731 1007.2852
1624182374.0829 1007.7305
1624182374.1729 1007.9375
1624182374.2834 1008.4531
1624182374.3733 1008.7227
1624182374.4836 1008.7812
1624182374.5733 1009.0977
1624182374.6838 1009.2734
1624182374.7839 1009.6094
1624182374.8834 1010.0430
1624182374.9725 1010.3789
1624182375.0918 1010.4062
1624182375.1840 1010.7461
1624182375.3014 1010.9727
1624182375.4012 1010.9727
1624182375.5004 1011.1406
1624182375.6123 1011.1406
1624182375.7110 1011.6953
1624182375.8139 1011.7305
1624182375.9134 1011.7305
1624182376.0139 1011.7305
1624182376.1135 1012.3828
1624182376.2137 1012.5781
1624182376.3137 1012.8359
1624182376.4136 1012.8359
1624182376.5109 1012.8359
1624182376.6171 1012.9883
1624182376.7124 1013.4297
1624182376.8115 1013.4297
1624182376.9115 1013.4297
1624182377.0095 1013.4375
1624182377.1007 1013.5078
1624182377.2008 1015.1250
1624182377.3135 1015.1250
1624182377.4011 1015.1250
1624182377.5134 1015.1250
1624182377.6114 1015.1250
1624182377.7173 1015.1250
1624182377.8136 1015.1250
1624182377.9136 1015.1406
1624182378.0136 1015.1406
1624182378.1135 1015.1406
1624182378.2138 1015.6992
1624182378.3118 1015.6992
1624182378.4116 1015.9336
1624182378.5116 1016.0469
1624182378.6135 1016.3047
1624182378.6681 1016.4922
1624182378.8105 1016.7500
1624182378.9109 1016.7773
1624182379.0109 1016.9414
1624182379.0989 1016.9414
1624182379.2122 1017.5898
1624182379.3006 1017.6328
1624182379.4022 1017.8906
1624182379.5113 1018.1250
1624182379.5735 1018.2344
1624182379.6732 1018.5859
1624182379.7733 1018.6719
1624182379.9012 1019.1875
1624182380.0134 1019.3320
1624182380.1109 1019.3320
1624182380.2109 1019.5391
1624182380.3118 1019.7383
1624182380.4120 1019.9141
1624182380.5108 1019.9141
1624182380.6109 1019.9492
1624182380.7107 1021.5625
1624182380.8098 1021.5625
1624182380.9131 1021.5625
1624182381.0124 1021.5625
1624182381.1120 1022.3086
1624182381.2119 1022.3086
1624182381.3087 1022.5625
1624182381.4064 1022.5625
1624182381.5089 1022.5625
1624182381.6071 1022.5625
1624182381.7095 1022.5625
1624182381.8108 1022.5625
1624182381.9104 1022.5625
1624182381.9734 1023.9961
1624182382.1053 1023.9961
1624182382.1744 1024.0039
1624182382.2738 1025.0469
1624182382.3732 1025.1289
1624182382.4735 1025.3867
1624182382.5739 1025.8242
1624182382.7046 1026.2695
1624182382.8069 1026.7148
1624182382.9074 1027.1133
1624182383.0070 1027.4805
1624182383.1071 1027.9141
1624182383.2070 1028.0430
1624182383.3070 1028.0430
1624182383.4064 1028.0430
1624182383.5089 1029.6758
1624182383.6072 1029.6758
1624182383.7093 1029.7539
1624182383.8046 1030.1367
1624182383.8606 1030.3047
1624182384.0057 1031.8516
1624182384.1078 1031.9492
1624182384.2069 1031.9492
1624182384.3066 1033.4961
1624182384.4066 1033.4961
1624182384.5054 1033.7227
1624182384.6048 1033.7695
1624182384.7033 1034.5430
1624182384.8070 1034.5430
1624182384.9070 1034.5430
1624182385.0071 1034.5430
1624182385.1045 1035.6133
1624182385.2058 1035.6133
1624182385.3029 1035.6133
1624182385.4058 1037.1445
1624182385.5069 1037.4922
1624182385.6068 1038.0586
1624182385.7064 1038.9141
1624182385.8054 1038.9453
1624182385.9024 1039.4609
1624182386.0046 1039.8633
1624182386.1066 1039.9805
1624182386.2049 1041.5273
1624182386.3067 1041.5273
1624182386.4069 1041.6328
1624182386.5067 1041.8438
1624182386.6064 1041.8438
1624182386.7052 1043.5312
1624182386.8054 1043.5312
1624182386.9068 1043.5312
1624182387.0069 1044.8750
1624182387.1069 1045.0000
1624182387.2044 1045.0742
1624182387.3044 1045.2617
1624182387.4046 1045.5195
1624182387.5046 1047.0547
1624182387.6044 1047.0547
1624182387.7042 1047.3359
1624182387.8069 1047.5469
1624182387.9077 1047.8047
1624182388.0067 1049.3203
1624182388.1069 1049.3203
1624182388.2069 1050.1367
1624182388.3069 1050.2188
1624182388.4068 1051.5078
1624182388.5065 1051.5078
1624182388.6065 1051.6758
1624182388.7056 1053.2227
1624182388.8068 1053.6172
1624182388.9067 1053.6680
1624182389.0070 1054.8867
1624182389.1070 1054.9180
1624182389.2070 1055.4336
1624182389.3068 1055.5000
1624182389.4070 1057.0469
1624182389.5067 1057.1797
1624182389.6066 1057.2969
1624182389.7066 1057.4844
1624182389.8066 1058.2578
1624182389.9068 1058.5000
1624182390.0066 1058.7109
1624182390.1068 1060.2578
1624182390.2068 1060.2578
1624182390.3066 1060.4688
1624182390.4069 1060.5195
1624182390.5069 1062.0664
1624182390.6085 1062.0664
1624182390.7069 1062.1562
1624182390.8069 1062.3594
1624182390.9068 1063.9062
1624182391.0066 1063.9062
1624182391.1067 1063.9062
1624182391.2069 1063.9062
1624182391.3068 1065.4492
1624182391.4065 1065.4492
1624182391.5065 1065.4492
1624182391.6065 1065.8984
1624182391.7068 1065.9688
1624182391.8068 1067.0000
1624182391.9066 1067.2070
1624182392.0069 1067.6172
1624182392.1069 1067.7539
1624182392.2069 1069.3008
1624182392.3068 1069.3008
1624182392.4066 1069.6406
1624182392.5068 1069.8516
1624182392.6067 1069.8516
1624182392.7067 1071.4922
1624182392.8067 1071.4922
1624182392.9068 1071.5273
1624182393.0068 1071.5273
1624182393.1067 1073.2148
1624182393.2066 1073.2148
1624182393.3068 1073.2148
1624182393.4068 1073.4570
1624182393.5066 1073.7070
1624182393.6066 1073.8867
1624182393.7067 1074.0312
1624182393.8065 1075.5781
1624182393.9067 1075.5781
1624182394.0067 1075.6133
1624182394.1065 1076.1289
1624182394.2068 1076.1914
1624182394.3066 1076.9648
1624182394.4068 1077.0820
1624182394.5075 1077.0820
1624182394.6068 1078.8008
1624182394.7068 1078.8008
1624182394.8066 1078.8945
1624182394.9068 1078.8945
1624182395.0067 1080.5820
1624182395.1065 1080.5820
1624182395.2067 1081.1328
1624182395.3065 1081.1328
1624182395.4065 1081.5859
1624182395.5067 1081.6211
1624182395.6066 1081.8789
1624182395.7064 1081.9727
1624182395.8065 1082.1133
1624182395.9067 1083.8008
1624182396.0083 1083.8008
1624182396.1067 1084.3594
1624182396.2083 1084.3594
1624182396.3068 1084.3594
1624182396.4067 1084.7695
1624182396.5067 1084.9258
1624182396.6067 1084.9258
1624182396.7067 1086.4727
1624182396.8064 1086.4727
1624182396.9081 1086.5391
1624182397.0066 1086.7500
1624182397.1066 1086.7500
1624182397.2067 1088.4375
1624182397.3068 1088.5977
1624182397.4066 1088.5977
1624182397.5068 1088.7539
1624182397.6065 1089.5273
1624182397.7065 1089.5273
1624182397.8066 1089.5273
1624182397.9066 1091.1914
1624182398.0064 1091.1914
1624182398.1066 1091.4180
1624182398.2066 1091.4961
1624182398.3064 1091.4961
1624182398.4067 1093.1836
1624182398.5066 1093.1836
1624182398.6067 1093.7461
1624182398.7067 1093.7461
1624182398.8067 1093.7461
1624182398.9066 1093.9023
1624182399.0066 1094.6094
1624182399.1066 1094.6289
1624182399.2066 1094.6289
1624182399.3065 1096.3164
1624182399.4081 1096.3164
1624182399.5067 1097.0312
1624182399.6082 1097.0312
1624182399.7067 1097.5508
1624182399.8066 1097.5508
1624182399.9065 1098.4414
1624182400.0065 1098.4414
1624182400.1065 1098.9922
1624182400.2065 1098.9922
1624182400.3066 1098.9922
1624182400.4065 1099.4180
1624182400.5066 1099.5352
1624182400.6082 1099.5352
1624182400.7066 1099.9336
1624182400.8065 1101.4453
1624182400.9067 1101.4453
1624182401.0066 1101.4453
1624182401.1073 1101.4453
1624182401.2065 1101.6562
1624182401.3065 1103.1680
1624182401.4082 1103.1680
1624182401.5082 1103.1680
1624182401.6051 1103.1680
1624182401.7050 1103.8359
1624182401.8059 1103.9141
1624182401.9056 1103.9141
1624182402.0064 1105.4609
1624182402.1049 1105.4609
1624182402.2049 1105.4609
1624182402.3043 1105.4688
1624182402.4057 1105.4688
1624182402.5064 1105.6094
1624182402.6051 1107.2969
1624182402.7050 1107.2969
1624182402.8013 1107.2969
1624182402.9013 1108.2109
1624182403.0031 1108.2109
1624182403.1031 1108.2109
1624182403.1993 1108.2266
1624182403.3030 1108.3203
1624182403.4028 1109.0938
1624182403.5040 1109.1445
1624182403.6058 1109.1445
1624182403.7061 1110.6914
1624182403.8061 1110.6914
1624182403.9063 1110.6914
1624182404.0063 1111.2305
1624182404.1065 1111.2305
1624182404.2065 1111.7812
1624182404.3055 1111.7812
1624182404.4061 1111.7812
1624182404.5062 1111.7812
1624182404.6063 1111.7812
1624182404.7063 1111.7812
1624182404.8061 1113.3125
1624182404.9061 1113.3125
1624182405.0061 1113.3125
1624182405.1063 1114.1562
1624182405.2061 1114.1562
1624182405.3061 1114.1562
1624182405.4061 1114.1562
1624182405.5053 1114.1562
1624182405.6060 1114.2578
1624182405.7061 1114.5156
1624182405.8061 1114.5742
1624182405.9063 1114.5742
1624182406.0079 1114.9023
1624182406.1065 1114.9023
1624182406.2082 1116.1914
1624182406.3066 1116.1914
1624182406.4065 1116.1914
1624182406.5082 1116.1914
1624182406.6063 1116.1914
1624182406.7078 1116.1914
1624182406.8081 1116.4375
1624182406.9081 1116.6836
1624182407.0072 1118.2188
1624182407.1072 1118.2188
1624182407.2082 1118.2188
1624182407.3082 1118.2188
1624182407.4081 1118.2188
1624182407.5082 1118.8867
1624182407.6072 1118.8867
1624182407.7082 1118.8867
1624182407.8081 1119.8086
1624182407.9081 1119.8086
1624182408.0079 1119.8086
1624182408.1079 1119.8086
1624182408.2079 1120.3398
1624182408.3079 1120.3398
1624182408.4081 1120.4805
1624182408.5080 1120.4805
1624182408.6081 1120.4805
1624182408.7079 1120.4805
1624182408.8079 1120.7383
1624182408.9080 1120.8281
1624182409.0082 1120.8281
1624182409.1082 1120.8281
1624182409.2082 1121.3438
1624182409.3082 1121.5430
1624182409.4082 1121.5430
1624182409.5082 1121.5430
1624182409.6081 1123.0898
1624182409.7081 1123.0898
1624182409.8079 1123.0898
1624182409.9079 1123.0898
1624182410.0077 1123.0898
1624182410.1080 1123.0898
1624182410.2081 1123.0898
1624182410.3080 1124.1172
1624182410.4082 1124.1172
1624182410.5082 1124.1172
1624182410.6081 1124.1172
1624182410.7081 1124.1172
1624182410.8081 1124.1172
1624182410.9081 1124.1172
1624182411.0083 1125.3359
1624182411.1081 1125.3359
1624182411.2080 1125.3359
1624182411.3080 1126.0742
1624182411.4078 1126.0742
1624182411.5080 1126.0742
1624182411.6080 1126.0742
1624182411.7081 1126.3203
1624182411.8080 1126.3203
1624182411.9080 1126.3203
1624182412.0080 1126.3203
1624182412.1081 1126.3203
1624182412.2081 1126.3203
1624182412.3081 1126.3203
1624182412.4081 1126.3203
1624182412.5080 1126.6797
1624182412.6079 1126.6797
1624182412.7078 1127.9961
1624182412.8079 1127.9961
1624182412.9079 1127.9961
1624182413.0080 1127.9961
1624182413.1081 1128.7500
1624182413.2083 1128.7500
1624182413.3082 1128.7500
1624182413.4081 1128.7500
1624182413.5082 1128.7500
1624182413.6078 1128.7500
1624182413.7080 1128.7500
1624182413.8080 1128.7500
1624182413.9079 1128.7500
1624182414.0079 1128.7578
1624182414.1079 1128.7578
1624182414.2079 1130.2578
1624182414.3080 1130.2578
1624182414.4080 1130.2578
1624182414.5081 1130.2578
1624182414.6080 1130.2578
1624182414.7077 1130.2578
1624182414.8083 1130.9453
1624182414.9083 1130.9453
1624182415.0080 1130.9453
1624182415.1079 1131.3359
1624182415.2083 1131.3359
1624182415.3084 1131.3359
1624182415.4081 1131.3359
1624182415.5082 1131.3359
1624182415.6079 1131.3359
1624182415.7082 1131.3359
1624182415.8078 1131.3359
1624182415.9081 1131.3359
1624182416.0077 1132.2422
1624182416.1079 1132.2422
1624182416.2080 1132.2422
1624182416.3080 1132.2422
1624182416.4080 1132.2422
1624182416.5079 1132.2422
1624182416.6079 1132.2422
1624182416.7078 1132.2773
1624182416.8077 1132.2773
1624182416.9079 1132.2773
1624182417.0079 1132.5273
1624182417.1079 1134.0664
1624182417.2081 1134.0664
1624182417.3079 1134.0664
1624182417.4079 1134.0664
1624182417.5079 1134.0664
1624182417.6079 1134.0664
1624182417.7081 1134.0664
1624182417.8082 1134.0664
1624182417.9078 1134.7266
1624182418.0079 1134.7266
1624182418.1079 1134.7266
1624182418.2083 1134.7266
1624182418.3078 1134.7266
1624182418.4078 1134.7266
1624182418.5083 1134.7266
1624182418.6079 1134.7266
1624182418.7078 1134.7266
1624182418.8082 1135.5625
1624182418.9078 1135.5625
1624182419.0079 1135.5625
1624182419.1077 1135.5625
1624182419.2083 1135.5625
1624182419.3078 1135.5625
1624182419.4076 1135.5625
1624182419.5078 1135.6445
1624182419.6077 1135.6445
1624182419.7077 1135.6445
1624182419.8077 1135.8945
1624182419.9078 1136.1484
1624182420.0079 1136.3984
1624182420.1077 1136.3984
1624182420.2079 1136.3984
1624182420.3079 1136.5664
1624182420.4079 1137.5938
1624182420.5079 1137.5938
1624182420.6078 1137.5938
1624182420.7077 1137.5938
1624182420.8077 1137.5938
1624182420.9077 1137.5938
1624182421.0081 1138.1758
1624182421.1077 1138.1758
1624182421.2077 1138.1758
1624182421.3078 1138.1758
1624182421.4082 1138.1758
1624182421.5079 1138.1758
1624182421.6083 1138.1758
1624182421.7079 1138.1758
1624182421.8076 1138.1758
1624182421.9077 1138.1758
1624182422.0075 1138.1758
1624182422.1077 1138.1758
1624182422.2077 1138.3945
1624182422.3078 1138.6445
1624182422.4078 1138.8945
1624182422.5078 1138.8945
1624182422.6077 1138.8945
1624182422.7077 1139.7695
1624182422.8077 1139.7695
1624182422.9077 1139.7695
1624182423.0077 1139.7695
1624182423.1077 1139.7695
1624182423.2078 1139.7695
1624182423.3077 1139.7695
1624182423.4078 1139.7695
1624182423.5077 1139.9922
1624182423.6074 1140.2422
1624182423.7077 1140.2422
1624182423.8076 1140.2422
1624182423.9077 1140.4961
