1743668170.4791 125.3594
1743668170.5829 125.3594
1743668170.6867 130.3594
1743668170.7907 141.7031
1743668170.8942 141.9609
1743668170.9980 149.1797
1743668171.1018 149.1797
1743668171.2055 152.2734
1743668171.3093 153.8203
1743668171.4130 158.4609
1743668171.5168 163.3594
1743668171.6206 168.0000
1743668171.7242 168.0000
1743668171.8280 168.0000
1743668171.9318 172.8984
1743668172.0355 179.6016
1743668172.1392 184.5000
1743668172.2429 184.5000
1743668172.3468 184.5000
1743668172.4504 188.6250
1743668172.5540 193.5234
1743668172.6578 198.1641
1743668172.7615 198.1641
1743668172.8651 198.1641
1743668172.9687 202.0312
1743668173.0725 206.9297
1743668173.1761 211.8281
1743668173.2797 213.8906
1743668173.3835 217.7578
1743668173.4872 222.6562
1743668173.5908 227.2969
1743668173.6944 231.9375
1743668173.7982 231.9375
1743668173.9019 231.9375
1743668174.0056 237.8672
1743668174.1094 239.4141
1743668174.2130 244.3125
1743668174.3166 244.3125
1743668174.4204 248.6953
1743668174.5240 253.5938
1743668174.6277 258.2344
1743668174.7314 258.2344
1743668174.8351 262.6172
1743668174.9387 262.6172
1743668175.0423 267.2578
1743668175.1460 267.2578
1743668175.2497 271.6406
1743668175.3534 271.6406
1743668175.4571 271.6406
1743668175.5608 271.6406
1743668175.6644 271.6406
1743668175.7680 271.6406
1743668175.8717 271.6406
1743668175.9754 271.6406
1743668176.0791 275.5078
1743668176.1827 280.1484
1743668176.2864 280.1484
1743668176.3900 284.5312
1743668176.4938 284.5312
1743668176.5975 284.5312
1743668176.7010 284.5312
1743668176.8048 284.5312
1743668176.9084 284.5312
1743668177.0121 284.5312
1743668177.1158 284.5312
1743668177.2195 284.5312
1743668177.3232 284.5312
1743668177.4268 284.5312
1743668177.5306 284.5312
1743668177.6343 284.5312
1743668177.7380 284.5312
1743668177.8417 284.5312
1743668177.9453 284.5312
1743668178.0490 288.1406
1743668178.1527 288.3984
1743668178.2564 293.0391
1743668178.3601 293.0391
1743668178.4638 294.0703
1743668178.5675 296.6484
1743668178.6712 299.2266
1743668178.7750 299.2266
1743668178.8786 299.4844
1743668178.9823 304.8984
1743668179.0861 304.8984
1743668179.1898 305.1562
1743668179.2935 310.5703
1743668179.3972 310.5703
1743668179.5010 314.4375
1743668179.6046 316.5000
1743668179.7082 317.5312
1743668179.8119 320.3672
1743668179.9156 322.6875
1743668180.0192 323.7188
1743668180.1230 326.2969
1743668180.2267 328.8750
1743668180.3303 329.9062
1743668180.4339 332.4844
1743668180.5375 336.3516
1743668180.6414 336.3516
1743668180.7450 340.9922
1743668180.8486 340.9922
1743668180.9524 342.7969
1743668181.0561 344.0859
1743668181.1599 346.6641
1743668181.2636 346.6641
1743668181.3675 349.7578
1743668181.4712 349.7578
1743668181.5754 353.8828
1743668181.6787 354.1406
1743668181.7825 358.0078
1743668181.8862 358.0078
1743668181.9897 360.8438
1743668182.0933 360.8438
1743668182.1971 364.7109
1743668182.3005 365.2266
1743668182.4042 370.1250
1743668182.5077 370.1250
1743668182.6112 371.4141
1743668182.7150 376.0547
1743668182.8187 379.6641
1743668182.9223 379.6641
1743668183.0259 384.8203
1743668183.1297 385.8516
1743668183.2333 389.4609
1743668183.3369 389.7188
1743668183.4405 395.3906
1743668183.5441 396.1641
1743668183.6479 399.7734
1743668183.7515 403.3828
1743668183.8553 406.2188
1743668183.9589 406.7344
1743668184.0625 410.3438
1743668184.1661 414.2109
1743668184.2698 419.8828
1743668184.3735 425.0391
1743668184.4775 425.2969
1743668184.5809 427.1016
1743668184.6850 432.0000
1743668184.7883 436.6406
1743668184.8920 441.5391
1743668184.9956 441.5391
1743668185.0994 444.3750
1743668185.2028 444.3750
1743668185.3065 447.7266
1743668185.4107 452.6250
1743668185.5139 454.4297
1743668185.6176 455.4609
1743668185.7213 460.3594
1743668185.8248 462.1641
1743668185.9286 466.8047
1743668186.0322 471.7031
1743668186.1358 471.7031
1743668186.2395 471.9609
1743668186.3431 476.6016
1743668186.4469 481.5000
1743668186.5505 486.1406
1743668186.6543 486.1406
1743668186.7579 486.3984
1743668186.8615 491.2969
1743668186.9653 495.9375
1743668187.0688 500.8359
1743668187.1725 500.8359
1743668187.2761 504.1875
1743668187.3798 505.7344
1743668187.4834 510.6328
1743668187.5870 515.2734
1743668187.6914 515.2734
1743668187.7944 517.3359
1743668187.8980 521.9766
1743668188.0018 523.7812
1743668188.1054 524.8125
1743668188.2091 528.4219
1743668188.3127 533.3203
1743668188.4169 535.1250
1743668188.5201 536.4141
1743668188.6237 541.0547
1743668188.7273 542.8594
1743668188.8309 547.7578
1743668188.9348 552.6562
1743668189.0382 552.6562
1743668189.1421 552.9141
1743668189.2454 557.8125
1743668189.3490 562.7109
1743668189.4526 567.3516
1743668189.5562 567.3516
1743668189.6600 567.3516
1743668189.7636 571.7344
1743668189.8673 576.3750
1743668189.9709 576.3750
1743668190.0746 576.3750
1743668190.1782 579.4688
1743668190.2819 579.4688
1743668190.3855 579.4688
1743668190.4891 583.5938
1743668190.5927 584.8828
1743668190.6964 588.2344
1743668190.8000 588.2344
1743668190.9036 590.5547
1743668191.0072 593.9062
1743668191.1108 597.5156
1743668191.2144 597.5156
1743668191.3181 600.6094
1743668191.4217 604.2188
1743668191.5254 604.2188
1743668191.6290 606.0234
1743668191.7326 606.0234
1743668191.8363 609.1172
1743668191.9399 609.8906
1743668192.0437 614.2734
1743668192.1472 614.2734
1743668192.2509 616.0781
1743668192.3545 617.8828
1743668192.4581 620.2031
1743668192.5617 623.0391
1743668192.6653 627.6797
1743668192.7693 627.6797
1743668192.8727 631.8047
1743668192.9763 635.1562
1743668193.0799 637.7344
1743668193.1835 642.1172
1743668193.2872 646.2422
1743668193.3909 646.2422
1743668193.4945 649.5938
1743668193.5981 652.9453
1743668193.7017 656.0391
1743668193.8055 660.1641
1743668193.9092 660.4219
1743668194.0128 663.5156
1743668194.1164 666.6094
1743668194.2202 669.9609
1743668194.3238 674.0859
1743668194.4275 674.3438
1743668194.5312 677.4375
1743668194.6347 680.5312
1743668194.7385 684.3984
1743668194.8421 685.9453
1743668194.9457 689.0391
1743668195.0493 692.9062
1743668195.1530 696.2578
1743668195.2567 702.7031
1743668195.3603 704.2500
1743668195.4640 707.6016
1743668195.5674 707.6016
1743668195.6710 708.3750
1743668195.7747 712.5000
1743668195.8783 716.3672
1743668195.9819 716.3672
1743668196.0855 720.4922
1743668196.1891 724.1016
1743668196.2927 724.1016
1743668196.3964 725.6484
1743668196.4999 731.3203
1743668196.6036 731.3203
1743668196.7072 734.4141
1743668196.8108 734.9297
1743668196.9145 739.0547
1743668197.0182 742.6641
1743668197.1218 742.6641
1743668197.2254 742.9219
1743668197.3290 746.2734
1743668197.4326 746.2734
1743668197.5364 749.6250
1743668197.6400 749.6250
1743668197.7436 751.1719
1743668197.8473 754.5234
1743668197.9509 754.5234
1743668198.0546 755.2969
1743668198.1583 758.1328
1743668198.2619 761.4844
1743668198.3657 764.8359
1743668198.4693 764.8359
1743668198.5729 765.0938
1743668198.6765 766.8984
1743668198.7801 766.8984
1743668198.8837 769.4766
1743668198.9873 771.2812
1743668199.0910 774.3750
1743668199.1947 777.7266
1743668199.2983 777.7266
1743668199.4019 777.7266
1743668199.5056 780.5625
1743668199.6092 780.5625
1743668199.7129 781.3359
1743668199.8165 783.3984
1743668199.9201 786.7500
1743668200.0238 790.1016
1743668200.1274 790.1016
1743668200.2311 790.1016
1743668200.3347 791.6484
1743668200.4382 795.0000
1743668200.5418 795.0000
1743668200.6454 795.7734
1743668200.7491 798.0938
1743668200.8527 801.1875
1743668200.9563 801.4453
1743668201.0599 804.5391
1743668201.1636 807.8906
1743668201.2673 807.8906
1743668201.3709 809.6953
1743668201.4747 809.6953
1743668201.5782 812.0156
1743668201.6819 814.3359
1743668201.7856 814.3359
1743668201.8892 816.6562
1743668201.9929 818.9766
1743668202.0966 822.3281
1743668202.2003 825.6797
1743668202.3039 825.6797
1743668202.4077 825.6797
1743668202.5113 828.0000
1743668202.6150 828.0000
1743668202.7186 830.3203
1743668202.8224 832.1250
1743668202.9261 835.4766
1743668203.0299 838.5703
1743668203.1335 838.5703
1743668203.2372 838.5703
1743668203.3408 841.6641
1743668203.4448 845.0156
1743668203.5496 845.0156
1743668203.6520 847.0781
1743668203.7555 850.4297
1743668203.8591 850.4297
1743668203.9629 853.2656
1743668204.0667 854.0391
1743668204.1703 856.8750
1743668204.2740 860.2266
1743668204.3777 860.2266
1743668204.4815 862.0312
1743668204.5851 865.6406
1743668204.6888 868.9922
1743668204.7926 868.9922
1743668204.8962 871.8281
1743668204.9999 872.8594
1743668205.1035 876.2109
1743668205.2072 879.8203
1743668205.3109 883.1719
1743668205.4145 883.1719
1743668205.5182 886.0078
1743668205.6219 886.5234
1743668205.7256 890.3906
1743668205.8292 895.5469
1743668205.9331 895.5469
1743668206.0365 898.1250
1743668206.1402 900.9609
1743668206.2439 903.7969
1743668206.3474 907.1484
1743668206.4512 907.1484
1743668206.5549 909.7266
1743668206.6586 910.7578
1743668206.7624 914.3672
1743668206.8659 917.7188
1743668206.9696 921.3281
1743668207.0732 921.3281
1743668207.1769 924.9375
1743668207.2806 928.2891
1743668207.3843 928.2891
1743668207.4879 930.8672
1743668207.5917 932.1562
1743668207.6954 935.5078
1743668207.7990 939.1172
1743668207.9028 939.1172
1743668208.0064 940.9219
1743668208.1101 946.0781
1743668208.2138 946.0781
1743668208.3175 947.8828
1743668208.4211 953.2969
1743668208.5247 953.2969
1743668208.6283 955.8750
1743668208.7320 958.7109
1743668208.8356 961.2891
1743668208.9392 964.8984
1743668209.0428 968.5078
1743668209.1464 968.5078
1743668209.2502 970.8281
1743668209.3539 973.9219
1743668209.4574 976.5000
1743668209.5611 980.1094
1743668209.6647 983.4609
1743668209.7684 983.4609
1743668209.8720 986.0391
1743668209.9756 987.5859
1743668210.0793 991.1953
1743668210.1829 994.5469
1743668210.2867 994.5469
1743668210.3904 997.1250
1743668210.4940 998.6719
1743668210.5978 1002.0234
1743668210.7014 1005.6328
1743668210.8050 1005.6328
1743668210.9088 1007.4375
1743668211.0124 1011.0469
1743668211.1161 1014.3984
1743668211.2197 1014.3984
1743668211.3234 1014.3984
1743668211.4271 1017.4922
1743668211.5307 1020.8438
1743668211.6343 1024.1953
1743668211.7381 1024.1953
1743668211.8417 1024.1953
1743668211.9454 1027.2891
1743668212.0490 1030.6406
1743668212.1526 1033.9922
1743668212.2564 1033.9922
1743668212.3600 1033.9922
1743668212.4637 1036.5703
1743668212.5675 1039.9219
1743668212.6711 1043.0156
1743668212.7747 1043.0156
1743668212.8784 1043.0156
1743668212.9821 1045.5938
1743668213.0857 1045.5938
1743668213.1893 1047.1406
1743668213.2929 1048.6875
1743668213.3965 1051.7812
1743668213.5003 1051.7812
1743668213.6039 1052.5547
1743668213.7075 1055.6484
1743668213.8111 1055.6484
1743668213.9147 1055.9062
1743668214.0183 1058.2266
1743668214.1220 1061.3203
1743668214.2256 1061.3203
1743668214.3292 1061.5781
1743668214.4328 1064.6719
1743668214.5365 1064.6719
1743668214.6402 1065.4453
1743668214.7438 1066.9922
1743668214.8474 1067.2500
1743668214.9510 1067.7656
1743668215.0546 1069.5703
1743668215.1582 1072.6641
1743668215.2620 1072.9219
1743668215.3656 1073.1797
1743668215.4692 1076.2734
1743668215.5728 1076.5312
1743668215.6764 1077.0469
1743668215.7801 1079.1094
1743668215.8838 1082.2031
1743668215.9874 1082.2031
1743668216.0912 1083.2344
1743668216.1948 1083.4922
1743668216.2985 1083.4922
1743668216.4021 1084.0078
1743668216.5057 1086.3281
1743668216.6094 1088.9062
1743668216.7130 1088.9062
1743668216.8166 1090.4531
1743668216.9202 1093.2891
1743668217.0238 1093.2891
1743668217.1274 1094.5781
1743668217.2312 1094.5781
1743668217.3348 1095.8672
1743668217.4385 1098.1875
1743668217.5422 1100.7656
1743668217.6456 1100.7656
1743668217.7493 1101.7969
1743668217.8529 1104.6328
1743668217.9565 1105.4062
1743668218.0601 1108.5000
1743668218.1639 1109.0156
1743668218.2684 1109.0156
1743668218.3712 1112.1094
1743668218.4749 1112.6250
1743668218.5786 1113.1406
1743668218.6823 1115.7188
1743668218.7859 1116.2344
1743668218.8895 1118.8125
1743668218.9933 1119.8438
1743668219.0969 1120.3594
1743668219.2008 1123.1953
1743668219.3043 1123.9688
1743668219.4079 1124.4844
1743668219.5115 1124.4844
1743668219.6151 1124.4844
1743668219.7186 1127.3203
1743668219.8223 1129.1250
1743668219.9258 1129.1250
1743668220.0297 1130.6719
1743668220.1332 1130.6719
1743668220.2367 1131.7031
1743668220.3403 1134.2812
1743668220.4439 1134.2812
1743668220.5476 1134.7969
1743668220.6511 1137.6328
1743668220.7547 1137.6328
1743668220.8585 1138.4062
1743668220.9621 1141.2422
1743668221.0657 1141.2422
1743668221.1693 1141.2422
1743668221.2730 1143.0469
1743668221.3767 1143.0469
1743668221.4804 1143.0469
1743668221.5842 1145.3672
1743668221.6878 1145.3672
1743668221.7915 1145.6250
1743668221.8951 1147.9453
1743668221.9989 1147.9453
1743668222.1025 1148.2031
1743668222.2062 1150.5234
1743668222.3098 1150.5234
1743668222.4136 1150.7812
1743668222.5172 1153.3594
1743668222.6209 1153.3594
1743668222.7245 1154.3906
1743668222.8283 1156.9688
1743668222.9320 1156.9688
1743668223.0358 1159.5469
1743668223.1394 1160.0625
1743668223.2430 1160.8359
1743668223.3467 1162.1250
1743668223.4504 1165.7344
1743668223.5540 1165.7344
1743668223.6576 1167.2812
1743668223.7613 1170.8906
1743668223.8649 1170.8906
1743668223.9686 1171.4062
1743668224.0722 1173.9844
1743668224.1758 1174.2422
1743668224.2794 1176.8203
1743668224.3831 1178.1094
1743668224.4867 1178.3672
1743668224.5905 1179.3984
1743668224.6941 1181.9766
1743668224.7978 1182.2344
1743668224.9015 1183.0078
1743668225.0051 1186.6172
1743668225.1088 1187.1328
1743668225.2124 1187.1328
1743668225.3162 1190.7422
1743668225.4198 1191.2578
1743668225.5234 1191.2578
1743668225.6270 1194.8672
1743668225.7306 1195.3828
1743668225.8344 1195.3828
1743668225.9380 1199.2500
1743668226.0416 1199.5078
1743668226.1453 1200.0234
1743668226.2490 1203.8906
1743668226.3527 1204.1484
1743668226.4564 1204.1484
1743668226.5600 1207.7578
1743668226.6636 1208.0156
1743668226.7672 1208.2734
1743668226.8708 1212.1406
1743668226.9744 1212.6562
1743668227.0780 1212.6562
1743668227.1815 1214.2031
1743668227.2851 1218.0703
1743668227.3887 1218.0703
1743668227.4925 1218.0703
1743668227.5961 1220.6484
1743668227.6997 1221.4219
1743668227.8033 1221.4219
1743668227.9068 1225.0312
1743668228.0105 1225.5469
1743668228.1140 1225.5469
1743668228.2177 1227.3516
1743668228.3213 1230.9609
1743668228.4249 1231.7344
1743668228.5286 1231.7344
1743668228.6323 1233.0234
1743668228.7359 1235.8594
1743668228.8395 1235.8594
1743668228.9431 1239.2109
1743668229.0467 1239.7266
1743668229.1505 1239.7266
1743668229.2541 1243.5938
1743668229.3578 1243.8516
1743668229.4616 1244.6250
1743668229.5652 1248.4922
1743668229.6689 1248.7500
1743668229.7727 1251.8438
1743668229.8763 1254.4219
1743668229.9800 1254.4219
1743668230.0837 1257.5156
1743668230.1874 1259.8359
1743668230.2911 1259.8359
1743668230.3948 1262.9297
1743668230.4986 1265.7656
1743668230.6022 1265.7656
1743668230.7059 1268.6016
1743668230.8096 1271.1797
1743668230.9132 1271.1797
1743668231.0169 1274.2734
1743668231.1205 1276.0781
1743668231.2243 1276.0781
1743668231.3279 1279.1719
1743668231.4315 1281.7500
1743668231.5352 1281.7500
1743668231.6389 1281.7500
1743668231.7425 1287.4219
1743668231.8461 1287.4219
1743668231.9497 1287.4219
1743668232.0533 1291.5469
1743668232.1569 1291.8047
1743668232.2632 1294.8984
1743668232.3643 1298.2500
1743668232.4680 1298.5078
1743668232.5715 1301.8594
1743668232.6757 1304.4375
1743668232.7791 1304.4375
1743668232.8825 1308.5625
1743668232.9861 1308.5625
1743668233.0901 1311.6562
1743668233.1932 1311.6562
1743668233.2968 1315.7812
1743668233.4006 1315.7812
1743668233.5041 1320.1641
1743668233.6077 1324.2891
1743668233.7113 1328.4141
1743668233.8148 1328.4141
1743668233.9184 1328.4141
1743668234.0220 1329.9609
1743668234.1256 1333.3125
1743668234.2291 1335.6328
1743668234.3327 1336.4062
1743668234.4363 1338.7266
1743668234.5398 1341.5625
1743668234.6434 1345.9453
1743668234.7471 1345.9453
1743668234.8507 1348.7812
1743668234.9543 1351.1016
1743668235.0578 1351.8750
1743668235.1617 1352.3906
1743668235.2650 1356.7734
1743668235.3687 1360.6406
1743668235.4722 1360.6406
1743668235.5759 1364.5078
1743668235.6795 1364.5078
1743668235.7832 1365.5391
1743668235.8868 1370.4375
1743668235.9905 1374.5625
1743668236.0941 1374.5625
1743668236.1984 1374.5625
1743668236.3015 1381.0078
1743668236.4052 1381.0078
1743668236.5089 1384.6172
1743668236.6125 1387.9688
1743668236.7163 1388.7422
1743668236.8200 1392.8672
1743668236.9236 1392.8672
1743668237.0273 1396.4766
1743668237.1310 1396.4766
1743668237.2346 1400.0859
1743668237.3382 1404.4688
1743668237.4418 1404.4688
1743668237.5454 1407.5625
1743668237.6491 1409.8828
1743668237.7527 1409.8828
1743668237.8563 1414.0078
1743668237.9599 1414.0078
1743668238.0634 1418.6484
1743668238.1670 1419.4219
1743668238.2706 1422.7734
1743668238.3742 1423.2891
1743668238.4778 1427.9297
1743668238.5814 1428.7031
1743668238.6850 1432.0547
1743668238.7886 1432.3125
1743668238.8921 1437.2109
1743668238.9957 1437.9844
1743668239.0993 1441.3359
1743668239.2028 1444.9453
1743668239.3064 1447.2656
1743668239.4100 1448.0391
1743668239.5135 1451.1328
1743668239.6171 1454.7422
1743668239.7207 1457.5781
1743668239.8243 1458.3516
1743668239.9280 1461.7031
1743668240.0316 1465.0547
1743668240.1352 1468.1484
1743668240.2388 1468.9219
1743668240.3424 1472.2734
1743668240.4459 1475.6250
1743668240.5496 1478.7188
1743668240.6531 1479.4922
1743668240.7568 1482.5859
1743668240.8605 1486.9688
1743668240.9641 1490.5781
1743668241.0679 1493.6719
1743668241.1715 1495.4766
1743668241.2751 1504.5000
1743668241.3789 1506.8203
1743668241.4824 1511.4609
1743668241.5863 1515.8438
1743668241.6899 1517.3906
1743668241.7934 1523.5781
1743668241.8972 1526.4141
1743668242.0009 1527.7031
1743668242.1045 1532.0859
1743668242.2082 1536.4688
1743668242.3120 1540.8516
1743668242.4156 1542.1406
1743668242.5193 1548.3281
1743668242.6231 1548.8438
1743668242.7267 1552.7109
1743668242.8305 1557.0938
1743668242.9341 1561.2188
1743668243.0377 1562.7656
1743668243.1414 1566.8906
1743668243.2452 1571.2734
1743668243.3488 1575.6562
1743668243.4525 1580.0391
1743668243.5563 1584.1641
1743668243.6599 1584.1641
1743668243.7635 1584.4219
1743668243.8672 1588.5469
1743668243.9708 1592.6719
1743668244.0745 1593.7031
1743668244.1781 1593.7031
1743668244.2818 1595.7656
1743668244.3854 1599.8906
1743668244.4892 1599.8906
1743668244.5928 1601.9531
1743668244.6965 1605.5625
1743668244.8001 1609.6875
1743668244.9038 1609.6875
1743668245.0075 1617.1641
1743668245.1111 1617.1641
1743668245.2149 1617.6797
1743668245.3185 1621.8047
1743668245.4221 1621.8047
1743668245.5258 1623.0938
1743668245.6294 1627.2188
1743668245.7331 1631.3438
1743668245.8368 1635.2109
1743668245.9405 1635.2109
1743668246.0441 1637.2734
1743668246.1479 1640.6250
1743668246.2515 1644.2344
1743668246.3553 1644.2344
1743668246.4589 1646.5547
1743668246.5623 1649.1328
1743668246.6660 1649.3906
1743668246.7696 1652.2266
1743668246.8732 1653.0000
1743668246.9767 1657.3828
1743668247.0803 1661.2500
1743668247.1840 1661.2500
1743668247.2875 1663.5703
1743668247.3910 1667.6953
1743668247.4946 1667.6953
1743668247.5983 1669.2422
1743668247.7019 1673.3672
1743668247.8055 1673.3672
1743668247.9091 1673.8828
1743668248.0127 1678.0078
1743668248.1163 1682.1328
1743668248.2200 1682.1328
1743668248.3236 1682.1328
1743668248.4274 1686.0000
1743668248.5309 1689.8672
1743668248.6345 1689.8672
1743668248.7383 1691.9297
1743668248.8419 1695.7969
1743668248.9455 1699.6641
1743668249.0491 1699.6641
1743668249.1529 1699.6641
1743668249.2565 1702.7578
1743668249.3601 1702.7578
1743668249.4637 1705.3359
1743668249.5673 1708.9453
1743668249.6709 1708.9453
1743668249.7747 1709.4609
1743668249.8783 1713.3281
1743668249.9819 1713.3281
1743668250.0855 1713.3281
1743668250.1892 1716.9375
1743668250.2929 1716.9375
1743668250.3965 1720.2891
1743668250.5001 1720.2891
1743668250.6037 1723.1250
1743668250.7075 1725.1875
1743668250.8111 1725.1875
1743668250.9147 1725.1875
1743668251.0184 1728.5391
1743668251.1221 1728.7969
1743668251.2258 1729.3125
1743668251.3294 1731.8906
1743668251.4332 1732.9219
1743668251.5368 1734.9844
1743668251.6405 1737.5625
1743668251.7441 1737.8203
1743668251.8479 1740.6562
1743668251.9515 1742.4609
1743668252.0551 1742.4609
1743668252.1587 1743.2344
1743668252.2622 1745.0391
1743668252.3658 1748.3906
1743668252.4694 1748.6484
1743668252.5730 1748.6484
1743668252.6767 1750.4531
1743668252.7803 1753.8047
1743668252.8840 1753.8047
1743668252.9876 1755.3516
1743668253.0913 1758.7031
1743668253.1950 1758.7031
1743668253.2986 1758.9609
1743668253.4022 1761.5391
1743668253.5060 1761.5391
1743668253.6096 1763.3438
1743668253.7133 1763.6016
1743668253.8170 1764.6328
1743668253.9207 1767.9844
1743668254.0243 1767.9844
1743668254.1279 1769.2734
1743668254.2316 1771.0781
1743668254.3354 1771.5938
1743668254.4391 1771.5938
1743668254.5427 1771.5938
1743668254.6465 1774.1719
1743668254.7501 1775.9766
1743668254.8542 1775.9766
1743668254.9575 1777.0078
1743668255.0612 1777.0078
1743668255.1648 1779.0703
1743668255.2685 1779.0703
1743668255.3723 1780.1016
1743668255.4759 1782.4219
1743668255.5796 1782.4219
1743668255.6832 1783.4531
1743668255.7868 1785.5156
1743668255.8905 1788.3516
1743668255.9941 1789.3828
1743668256.0979 1792.4766
1743668256.2022 1792.9922
1743668256.3056 1792.9922
1743668256.4089 1795.8281
1743668256.5128 1799.1797
1743668256.6165 1799.1797
1743668256.7199 1799.1797
1743668256.8236 1802.2734
1743668256.9275 1802.2734
1743668257.0310 1803.3047
1743668257.1347 1805.8828
1743668257.2385 1808.9766
1743668257.3421 1808.9766
1743668257.4460 1810.5234
1743668257.5496 1813.8750
1743668257.6532 1813.8750
1743668257.7574 1815.1641
1743668257.8608 1818.5156
1743668257.9644 1818.5156
1743668258.0681 1820.0625
1743668258.1718 1820.0625
1743668258.2754 1822.8984
1743668258.3792 1824.9609
1743668258.4829 1828.5703
1743668258.5865 1828.5703
1743668258.6907 1830.3750
1743668258.7941 1833.9844
1743668258.8976 1837.5938
1743668259.0014 1837.5938
1743668259.1051 1837.5938
1743668259.2089 1842.2344
1743668259.3126 1842.2344
1743668259.4164 1842.7500
1743668259.5201 1846.1016
1743668259.6237 1849.7109
1743668259.7273 1853.0625
1743668259.8310 1853.0625
1743668259.9346 1853.0625
1743668260.0382 1856.1562
1743668260.1419 1856.1562
1743668260.2456 1858.7344
1743668260.3494 1861.3125
1743668260.4531 1864.9219
1743668260.5567 1864.9219
1743668260.6604 1864.9219
1743668260.7642 1868.5312
1743668260.8679 1868.5312
1743668260.9715 1871.3672
1743668261.0753 1873.9453
1743668261.1790 1877.8125
1743668261.2826 1877.8125
1743668261.3864 1877.8125
1743668261.4901 1881.4219
1743668261.5937 1882.4531
1743668261.6975 1882.7109
1743668261.8012 1886.8359
1743668261.9049 1890.7031
1743668262.0087 1890.7031
1743668262.1123 1890.7031
1743668262.2160 1894.3125
1743668262.3198 1895.0859
1743668262.4235 1895.3438
1743668262.5273 1899.7266
1743668262.6310 1899.7266
1743668262.7347 1902.5625
1743668262.8385 1904.6250
1743668262.9422 1904.6250
1743668263.0460 1907.7188
1743668263.1496 1910.8125
1743668263.2533 1914.6797
1743668263.3571 1914.6797
1743668263.4608 1914.6797
1743668263.5645 1918.5469
1743668263.6683 1918.5469
1743668263.7720 1922.1562
1743668263.8756 1922.1562
1743668263.9794 1926.2812
1743668264.0831 1930.4062
1743668264.1868 1930.4062
1743668264.2905 1930.4062
1743668264.3942 1934.2734
1743668264.4980 1934.2734
1743668264.6016 1937.1094
1743668264.7054 1941.4922
1743668264.8089 1941.4922
1743668264.9127 1949.7422
1743668265.0163 1949.7422
1743668265.1199 1949.7422
1743668265.2236 1952.5781
1743668265.3274 1952.5781
1743668265.4310 1952.5781
1743668265.5348 1957.2188
1743668265.6385 1961.3438
1743668265.7422 1961.3438
1743668265.8458 1962.1172
1743668265.9496 1966.5000
1743668266.0532 1970.8828
1743668266.1569 1970.8828
1743668266.2607 1973.2031
1743668266.3643 1976.0391
1743668266.4679 1976.2969
1743668266.5716 1977.0703
1743668266.6753 1981.7109
1743668266.7789 1986.0938
1743668266.8825 1986.0938
1743668266.9862 1988.6719
1743668267.0900 1991.7656
1743668267.1936 1991.7656
1743668267.2973 1992.0234
1743668267.4009 1996.9219
1743668267.5047 2001.3047
1743668267.6084 2001.3047
1743668267.7122 2003.8828
1743668267.8159 2006.7188
1743668267.9195 2006.9766
1743668268.0233 2010.3281
1743668268.1270 2011.3594
1743668268.2307 2016.0000
1743668268.3343 2016.2578
1743668268.4381 2019.6094
1743668268.5418 2019.6094
1743668268.6456 2024.2500
1743668268.7492 2028.6328
1743668268.8529 2028.6328
1743668268.9565 2032.2422
1743668269.0602 2036.3672
1743668269.1639 2036.3672
1743668269.2675 2038.6875
1743668269.3712 2038.6875
1743668269.4749 2042.0391
1743668269.5786 2042.0391
1743668269.6822 2045.3906
1743668269.7858 2045.9062
1743668269.8895 2048.2266
1743668269.9931 2051.0625
1743668270.0968 2051.0625
1743668270.2004 2054.9297
1743668270.3042 2054.9297
1743668270.4078 2058.2812
1743668270.5115 2058.2812
1743668270.6153 2062.1484
1743668270.7189 2062.4062
1743668270.8226 2067.0469
1743668270.9262 2071.4297
1743668271.0299 2071.4297
1743668271.1335 2071.4297
1743668271.2371 2075.2969
1743668271.3407 2079.6797
1743668271.4443 2079.6797
1743668271.5479 2082.0000
1743668271.6515 2086.3828
1743668271.7553 2086.3828
1743668271.8589 2086.3828
1743668271.9625 2091.0234
1743668272.0661 2091.0234
1743668272.1697 2094.8906
1743668272.2734 2094.8906
1743668272.3770 2099.2734
1743668272.4807 2103.6562
1743668272.5843 2103.6562
1743668272.6880 2103.6562
1743668272.7917 2107.7812
1743668272.8953 2107.7812
1743668272.9991 2108.2969
1743668273.1027 2113.1953
1743668273.2064 2117.8359
1743668273.3100 2117.8359
1743668273.4138 2117.8359
1743668273.5174 2122.2188
1743668273.6211 2126.8594
1743668273.7248 2126.8594
1743668273.8285 2129.6953
1743668273.9321 2135.3672
1743668274.0358 2141.0391
1743668274.1394 2142.0703
1743668274.2432 2146.7109
1743668274.3468 2148.2578
1743668274.4504 2152.8984
1743668274.5542 2157.5391
1743668274.6578 2162.1797
1743668274.7614 2162.1797
1743668274.8651 2162.1797
1743668274.9689 2166.3047
1743668275.0725 2171.2031
1743668275.1764 2175.8438
1743668275.2800 2180.4844
1743668275.3837 2185.1250
1743668275.4875 2185.3828
1743668275.5912 2186.4141
1743668275.6950 2191.3125
1743668275.7985 2197.2422
1743668275.9023 2201.1094
1743668276.0060 2205.4922
1743668276.1098 2207.2969
1743668276.2135 2211.9375
1743668276.3172 2220.9609
1743668276.4210 2225.6016
1743668276.5247 2230.2422
1743668276.6285 2234.6250
1743668276.7322 2239.2656
1743668276.8361 2242.3594
1743668276.9399 2243.6484
1743668277.0436 2246.7422
1743668277.1473 2254.9922
1743668277.2510 2257.5703
1743668277.3548 2262.2109
1743668277.4584 2266.8516
1743668277.5623 2275.8750
1743668277.6660 2280.5156
1743668277.7696 2285.1562
1743668277.8734 2285.1562
1743668277.9771 2289.5391
1743668278.0807 2292.3750
1743668278.1845 2297.0156
1743668278.2882 2298.5625
1743668278.3919 2305.0078
1743668278.4955 2307.5859
1743668278.5993 2311.9688
1743668278.7030 2311.9688
1743668278.8067 2316.3516
1743668278.9103 2320.7344
1743668279.0140 2325.1172
1743668279.1179 2329.5000
1743668279.2217 2333.8828
1743668279.3250 2333.8828
1743668279.4288 2336.7188
1743668279.5323 2336.7188
1743668279.6360 2338.0078
1743668279.7396 2339.2969
1743668279.8435 2343.6797
1743668279.9470 2343.6797
1743668280.0507 2348.0625
1743668280.1544 2348.0625
1743668280.2582 2348.0625
1743668280.3618 2348.0625
1743668280.4655 2348.0625
1743668280.5692 2351.9297
1743668280.6730 2351.9297
1743668280.7767 2351.9297
1743668280.8805 2356.0547
1743668280.9842 2356.0547
1743668281.0880 2356.0547
1743668281.1916 2356.0547
1743668281.2953 2356.0547
1743668281.3991 2356.0547
1743668281.5027 2356.0547
1743668281.6064 2356.0547
1743668281.7101 2360.1797
1743668281.8138 2360.4375
1743668281.9175 2364.8203
1743668282.0211 2365.0781
1743668282.1249 2365.0781
1743668282.2285 2365.0781
1743668282.3321 2369.4609
1743668282.4357 2373.8438
1743668282.5393 2373.8438
1743668282.6429 2378.2266
1743668282.7475 2378.2266
1743668282.8500 2382.6094
1743668282.9537 2382.6094
1743668283.0573 2386.9922
1743668283.1608 2386.9922
1743668283.2647 2391.3750
1743668283.3689 2396.0156
1743668283.4715 2398.0781
1743668283.5751 2400.3984
1743668283.6787 2404.5234
1743668283.7823 2409.1641
1743668283.8864 2409.1641
1743668283.9896 2412.0000
1743668284.0933 2413.2891
1743668284.1970 2413.2891
1743668284.3029 2413.5469
1743668284.4043 2413.5469
1743668284.5079 2413.5469
