1743668170.479094 0.012426 0.000000 0.000000 0.000000 0.000000 0.000000
1743668170.582854 0.182287 3.921439 26.664516 43.274533 7.478002 81.520777
1743668170.686684 0.005839 3.824827 25.072518 37.695213 6.844453 73.442850
1743668170.790699 0.012053 4.652224 31.203261 41.094827 11.605146 88.567511
1743668170.894180 0.005871 3.919790 28.039371 38.963741 7.395303 78.324076
1743668170.997963 0.010283 4.798324 30.336496 40.969636 11.815434 87.930173
1743668171.101782 0.006534 3.628930 28.531259 45.908090 6.704234 84.779047
1743668171.205526 0.007770 3.735457 32.211477 42.199556 8.701343 86.855603
1743668171.309265 0.006840 3.633397 29.585995 45.782840 6.710944 85.720016
1743668171.413047 0.005696 3.596199 30.293413 50.241354 6.612711 90.749373
1743668171.516789 0.006670 3.582781 30.964478 45.411584 6.616440 86.581953
1743668171.620577 0.006861 3.576773 31.888316 50.774487 6.618661 92.865098
1743668171.724230 0.006556 3.552870 30.869732 47.767092 6.592695 88.788945
1743668171.827965 0.006782 3.542664 31.133665 51.592839 6.585629 92.861579
1743668171.931828 0.006499 3.521572 32.691994 49.964972 6.611630 92.796667
1743668172.035469 0.006885 3.537534 32.601070 52.283627 6.623494 95.052610
1743668172.139189 0.006713 3.511336 33.321581 54.293219 6.653404 97.786253
1743668172.242931 0.006386 3.705920 33.349885 56.344218 6.713977 100.120386
1743668172.346808 0.007018 3.703911 34.087655 62.141496 6.858565 106.798645
1743668172.450417 0.006765 3.715412 38.211090 64.133346 6.833308 112.899921
1743668172.554031 0.006588 3.710498 37.002468 62.229599 6.910716 109.859869
1743668172.657773 0.007012 3.793014 40.659407 62.180465 6.911781 113.551679
1743668172.761522 0.006957 3.585751 37.536755 62.556787 6.767315 110.453565
1743668172.865128 0.006899 3.587121 38.115057 60.301439 6.733917 108.744433
1743668172.968743 0.006687 3.598706 39.536303 62.801128 6.775667 112.718491
1743668173.072481 0.006339 3.657039 38.216405 60.607839 6.817917 109.305539
1743668173.176100 0.007002 3.641047 40.030315 64.238315 6.825810 114.742489
1743668173.279714 0.006998 3.642003 38.420452 68.424702 6.915759 117.409914
1743668173.383481 0.006993 3.700187 38.363309 67.259545 6.873332 116.203366
1743668173.487205 0.006179 3.707413 40.493987 67.619715 6.871374 118.698668
1743668173.590811 0.007154 3.723943 38.971571 66.254246 6.852181 115.809095
1743668173.694428 0.006722 3.730315 40.522996 64.525035 6.871459 115.656527
1743668173.798168 0.006547 3.867727 39.382546 66.227196 6.870012 116.354028
1743668173.901905 0.007153 3.778263 40.063572 67.721378 6.909754 118.480120
1743668174.005645 0.011015 3.772986 40.186488 66.568267 6.994288 117.533044
1743668174.109380 0.006914 3.849062 40.874240 65.985628 6.886076 117.601920
1743668174.213018 0.006578 3.803723 41.947318 68.336553 7.037414 121.131586
1743668174.316618 0.006169 3.780990 37.824344 64.463022 6.886690 112.961215
1743668174.420384 0.011525 3.839123 41.162561 65.381332 6.861195 117.255736
1743668174.523995 0.007054 3.855382 39.121007 60.633814 6.921576 110.538833
1743668174.627719 0.006866 3.825232 45.835145 64.249951 7.077878 120.995072
1743668174.731387 0.006763 3.843508 35.609372 61.643131 7.076875 108.179649
1743668174.835068 0.006778 3.834056 36.253842 58.878149 6.870636 105.843461
1743668174.938703 0.006546 3.784845 37.188334 57.065375 6.920388 104.965488
1743668175.042311 0.006750 3.763388 35.856813 56.026923 6.854738 102.508612
1743668175.146041 0.006986 3.786403 36.295397 52.291310 6.707878 99.087974
1743668175.249653 0.006715 3.854433 37.122255 49.836882 6.759660 97.579945
1743668175.353413 0.006334 3.739563 35.175275 50.443408 6.705755 96.070335
1743668175.457061 0.007511 3.773718 34.838218 49.972300 6.542471 95.134218
1743668175.560750 0.007438 3.789628 31.618416 48.209374 6.591728 90.216584
1743668175.664363 0.007016 3.822965 30.292798 45.801851 6.404849 86.329479
1743668175.768037 0.007080 3.758146 29.992764 44.219172 6.487072 84.464234
1743668175.871716 0.006491 3.837504 31.279272 42.795506 6.409549 84.328322
1743668175.975408 0.007168 3.798464 30.190844 43.834846 6.646366 84.477688
1743668176.079120 0.007128 3.796842 31.901125 42.584841 6.314753 84.604689
1743668176.182735 0.006556 3.806639 29.831448 38.608978 6.338580 78.592201
1743668176.286434 0.006733 3.889926 28.147103 40.699119 6.352652 79.095533
1743668176.390049 0.007057 3.771170 29.466399 35.487074 6.379136 75.110836
1743668176.493809 0.006508 3.860219 29.435396 35.313330 6.515631 75.131084
1743668176.597541 0.019070 3.865191 26.825585 34.745441 6.279403 71.734690
1743668176.701021 0.006766 3.758984 30.310126 37.832296 6.227917 78.136089
1743668176.804763 0.006807 3.823723 30.724015 38.572019 6.252317 79.378881
1743668176.908374 0.006904 3.984890 30.613121 33.951946 6.978609 75.535470
1743668177.012115 0.006376 3.790843 30.655669 30.429644 6.158980 71.041512
1743668177.115767 0.006680 3.794889 25.355812 30.822853 6.169238 66.149472
1743668177.219493 0.007330 3.818416 25.955798 30.598012 6.195547 66.575103
1743668177.323191 0.010112 3.704732 25.259476 30.119957 7.474737 66.569014
1743668177.426849 0.008758 5.121735 26.425632 32.292353 10.660699 74.509177
1743668177.530565 0.009442 3.764765 24.271664 32.857548 7.297759 68.201178
1743668177.634303 0.008891 3.759422 23.954960 28.567763 7.013664 63.304700
1743668177.738017 0.006547 4.673922 25.067950 28.738100 6.388022 64.874541
1743668177.841662 0.011267 4.258226 24.501265 32.139304 10.348518 71.258580
1743668177.945304 0.006530 5.346710 29.211270 33.640456 6.503537 74.708503
1743668178.049019 0.007359 3.961556 26.596582 31.074077 6.497512 68.137086
1743668178.152666 0.012870 3.823003 25.746171 28.714582 8.711455 67.008081
1743668178.256380 0.009252 3.885244 25.220160 30.601899 7.069060 66.785615
1743668178.360118 0.007265 4.197523 25.776506 31.596708 6.550667 68.128669
1743668178.463790 0.011468 3.831936 26.104483 33.624302 8.048275 71.620464
1743668178.567494 0.009714 5.964790 29.306940 31.046899 8.807253 75.135596
1743668178.671212 0.006369 6.046448 28.303745 37.110355 7.202336 78.669253
1743668178.774957 0.006712 4.473153 28.432073 32.330992 6.437925 71.680855
1743668178.878640 0.006289 5.123809 42.091653 39.590311 10.502866 97.314928
1743668178.982329 0.006936 3.974449 28.488572 37.148089 6.254439 75.872485
1743668179.086072 0.008901 3.924371 27.808718 33.950201 6.863485 72.555676
1743668179.189792 0.005856 6.284096 29.182707 36.080775 10.877891 82.431325
1743668179.293530 0.005742 4.198782 32.655532 35.305768 6.784886 78.950710
1743668179.397201 0.009211 4.358490 28.521704 38.268570 10.530504 81.688479
1743668179.500961 0.006471 3.837325 28.098136 33.269202 6.204029 71.415163
1743668179.604642 0.010517 3.919496 29.625655 36.501921 8.035295 78.092884
1743668179.708242 0.007051 3.938113 29.818935 37.706879 6.259284 77.730262
1743668179.811877 0.008215 3.991301 29.072213 38.564153 6.800018 78.435900
1743668179.915601 0.007070 4.164769 32.687421 41.132304 6.972921 84.964485
1743668180.019220 0.006399 3.986859 29.861905 37.158569 6.300662 77.314394
1743668180.122950 0.006839 4.031553 29.737604 39.439191 6.900305 80.115492
1743668180.226660 0.014358 4.277039 31.117403 35.285293 10.492721 81.186814
1743668180.330310 0.006488 3.842819 29.765992 44.177541 6.207916 84.000756
1743668180.433948 0.009130 4.507995 29.926017 43.734131 10.362051 88.539324
1743668180.537544 0.006232 4.661529 32.608713 37.112348 6.872521 81.261343
1743668180.641364 0.007491 4.093919 30.554584 44.348812 6.603749 85.608555
1743668180.745044 0.006591 4.581323 34.057641 39.960248 6.971180 85.576983
1743668180.848634 0.006192 4.056408 29.155849 38.390115 6.388034 77.996598
1743668180.952424 0.008132 3.874364 28.089906 37.763383 6.707193 76.442978
1743668181.056104 0.008225 3.914569 27.704702 36.733254 6.812087 75.172837
1743668181.159894 0.006553 3.831907 27.580738 36.963437 6.457813 74.840448
1743668181.263584 0.008734 3.724029 31.466932 40.961292 7.172657 83.333644
1743668181.367474 0.006527 3.852583 29.147138 37.661590 6.589990 77.257828
1743668181.471194 0.008489 3.529507 24.227120 33.376598 6.742337 67.884051
1743668181.575374 0.012008 3.557359 25.252387 34.245396 8.246325 71.313475
1743668181.678744 0.008991 3.453850 24.717735 33.654754 6.805132 68.640462
1743668181.782454 0.009938 3.418301 23.173743 35.886939 7.400238 69.889159
1743668181.886174 0.012385 6.563923 23.947229 35.422035 12.277785 78.223357
1743668181.989664 0.008172 3.854637 22.493901 34.713018 9.411054 70.480782
1743668182.093274 0.007130 3.908151 30.544805 40.498855 6.653251 81.612192
1743668182.197114 0.012796 4.338902 24.531202 35.574633 11.399065 75.856598
1743668182.300524 0.007037 3.624995 23.095057 35.064501 6.141156 67.932746
1743668182.404154 0.010832 3.680265 25.335633 39.284062 7.673981 75.984773
1743668182.507744 0.006739 3.731457 26.985503 38.338887 6.143714 75.206300
1743668182.611234 0.009648 3.786315 24.296058 44.075772 7.072794 79.240587
1743668182.715044 0.006529 3.862028 25.912443 39.847184 6.199081 75.827265
1743668182.818714 0.007885 3.910898 26.128551 41.781864 6.631301 78.460499
1743668182.922324 0.006703 3.898571 26.001432 41.812192 6.250656 77.969554
1743668183.025944 0.008604 3.917208 28.588673 47.698772 6.716393 86.929650
1743668183.129684 0.006630 3.919969 28.444416 44.827679 6.276151 83.474845
1743668183.233304 0.006691 4.013557 28.725022 45.347376 6.340944 84.433590
1743668183.336914 0.007109 3.919529 29.440771 48.618716 6.311879 88.298004
1743668183.440544 0.006639 3.975570 29.682009 47.639034 6.345169 87.648421
1743668183.544144 0.006273 3.996005 29.211962 46.511408 6.316520 86.042168
1743668183.647884 0.006914 3.970004 30.330207 47.623561 6.360782 88.291468
1743668183.751504 0.006632 3.966588 30.700103 47.844140 6.341773 88.859236
1743668183.855264 0.006428 3.982129 32.252724 49.077463 6.366415 91.685159
1743668183.958864 0.006598 3.983923 31.669093 46.458677 6.354527 88.472818
1743668184.062474 0.006769 4.006577 32.697595 52.286930 6.370494 95.368365
1743668184.166094 0.006725 4.070945 32.245681 49.913246 6.371679 92.608276
1743668184.269824 0.006585 4.073867 34.656000 50.247548 6.539953 95.523953
1743668184.373534 0.006901 3.953945 34.811054 47.869934 6.615511 93.257345
1743668184.477544 0.007052 3.957619 32.992411 51.952900 6.545033 95.455015
1743668184.580894 0.006863 4.678276 35.805159 52.648166 8.129811 101.268275
1743668184.685014 0.005974 4.106120 35.835536 48.164354 6.765405 94.877389
1743668184.788294 0.006778 3.952796 34.420965 52.287981 6.678572 97.347092
1743668184.891964 0.006295 4.105924 36.433072 51.600960 6.754966 98.901217
1743668184.995634 0.006381 4.110416 35.069297 56.593696 6.774922 102.554712
1743668185.099424 0.006968 4.152475 35.577270 53.874329 6.820494 100.431536
1743668185.202774 0.006716 4.201771 34.517996 54.862764 6.774318 100.363565
1743668185.306484 0.006981 4.386955 39.853254 56.602789 6.896558 107.746537
1743668185.410724 0.007040 4.197763 36.259845 53.898288 6.884911 101.247847
1743668185.513944 0.012194 4.239567 36.225394 54.919042 6.813840 102.210037
1743668185.617644 0.007126 4.303153 36.447924 56.535277 6.914971 104.208451
1743668185.721274 0.006791 4.198547 38.398357 50.333512 6.776771 99.713978
1743668185.824824 0.006816 4.042772 33.851984 53.255359 6.709851 97.866782
1743668185.928594 0.006805 4.027790 34.223601 51.036327 6.653191 95.947714
1743668186.032164 0.007445 4.009947 36.439627 52.835893 6.639366 99.932278
1743668186.135774 0.006868 3.986833 34.172580 49.374696 6.635876 94.176853
1743668186.239514 0.006358 3.976800 34.580878 60.490167 7.039285 106.093488
1743668186.343134 0.007750 4.215516 37.817159 52.930501 7.595779 102.566705
1743668186.446874 0.007153 3.979122 33.000209 51.860596 6.772822 95.619902
1743668186.550494 0.006778 3.903036 35.245129 51.826872 6.763795 97.745610
1743668186.654264 0.006576 3.881698 31.301415 50.530294 6.688286 92.408269
1743668186.757854 0.006857 3.932471 30.685273 51.789561 6.806614 93.220776
1743668186.861464 0.006913 3.785632 33.829905 51.758681 6.736797 96.117928
1743668186.965304 0.006778 3.780699 33.629460 50.259362 6.705456 94.381755
1743668187.068824 0.006972 3.776966 34.151171 55.832947 6.642191 100.410247
1743668187.172474 0.006644 3.855568 32.509365 54.241655 6.770739 97.383971
1743668187.276054 0.006796 3.721041 34.584025 51.214329 6.734392 96.260583
1743668187.379784 0.010758 6.128114 52.372156 55.752937 14.365501 128.629466
1743668187.483414 0.006570 3.764400 35.340042 54.415336 6.739891 100.266239
1743668187.587024 0.007537 3.860194 34.274263 56.650694 6.881837 101.674525
1743668187.691354 0.007347 3.818225 32.756253 55.948508 6.758911 99.289244
1743668187.794424 0.007047 3.705175 33.341270 57.327532 6.799025 101.180049
1743668187.898044 0.007051 3.828930 34.804272 53.801666 6.856656 99.298575
1743668188.001834 0.006534 3.751161 33.757151 57.469805 6.971993 101.956644
1743668188.105374 0.006060 3.906800 33.479774 51.413504 6.733556 95.539694
1743668188.209114 0.007269 4.496929 38.958226 54.678083 7.362164 105.502671
1743668188.312704 0.006878 3.753608 33.883773 53.238386 6.777370 97.660015
1743668188.416914 0.006728 3.766873 33.060005 56.390217 6.820383 100.044206
1743668188.520114 0.006487 3.731248 32.865924 60.506132 6.694308 103.804099
1743668188.623704 0.006705 3.726515 33.170089 50.769734 6.728785 94.401828
1743668188.727314 0.006804 3.722799 33.135541 54.394675 6.788054 98.047873
1743668188.830914 0.012038 3.816727 35.739042 54.672706 6.772328 101.012841
1743668188.934764 0.006737 3.843670 34.271822 55.242925 6.924634 100.289788
1743668189.038234 0.006069 3.763892 38.145912 54.631945 6.801474 103.349292
1743668189.142144 0.006690 3.862508 32.766017 57.798268 6.894446 101.327929
1743668189.245374 0.006635 3.790303 34.675241 56.667378 6.802572 101.942129
1743668189.349014 0.007141 3.777969 35.034488 54.628123 6.786072 100.233793
1743668189.452624 0.006632 3.753300 35.889285 57.089170 6.755863 103.494250
1743668189.556234 0.006780 3.736602 33.133850 53.696602 6.767752 97.341586
1743668189.659964 0.006790 3.710006 33.023402 60.538068 6.756104 104.034370
1743668189.763624 0.006713 3.720835 32.987856 59.874696 6.671895 103.261995
1743668189.867314 0.008504 3.764356 33.658425 58.153495 6.720496 102.305276
1743668189.970934 0.006536 3.747161 30.063822 59.677438 6.487565 99.982522
1743668190.074554 0.012154 3.864918 33.594840 52.993876 7.249103 97.714891
1743668190.178164 0.006996 3.793986 30.602127 52.113033 6.391668 92.907810
1743668190.281934 0.006861 3.711552 27.636918 49.698703 6.339807 87.393841
1743668190.385514 0.006459 3.753554 26.131226 47.268109 6.235081 83.394429
1743668190.489124 0.007343 3.649515 25.677934 46.432431 6.139955 81.907178
1743668190.592744 0.007121 3.603507 25.673254 47.703317 6.124788 83.111987
1743668190.696364 0.007224 3.587739 24.329510 44.318105 5.980755 78.223333
1743668190.799974 0.008678 3.531971 23.581166 41.818568 6.321035 75.261418
1743668190.903594 0.006258 7.605011 27.450599 48.544443 10.600905 94.207216
1743668191.007214 0.006068 3.836081 23.937859 42.422550 6.258178 76.460736
1743668191.110824 0.007749 3.471722 22.180112 39.431178 5.937681 71.028442
1743668191.214444 0.010875 3.453462 21.773569 39.405809 7.675891 72.319606
1743668191.318054 0.009245 3.426573 21.696404 36.708627 6.658565 68.499414
1743668191.421674 0.010534 3.856198 21.086316 37.511074 9.901800 72.365922
1743668191.525414 0.009661 3.447880 22.113396 37.565198 7.230958 70.367093
1743668191.629034 0.009722 3.428643 21.397536 32.655356 7.031960 64.523217
1743668191.732644 0.012212 3.480209 21.210871 32.116615 8.773891 65.593798
1743668191.836264 0.011777 3.431967 20.583882 29.167454 7.842197 61.037277
1743668191.939914 0.012406 4.186914 20.078471 30.627153 10.307936 65.212880
1743668192.043714 0.010498 3.338925 21.300934 32.747792 7.132106 64.530255
1743668192.147234 0.011734 3.311905 19.768872 31.755455 7.879415 62.727381
1743668192.250884 0.011057 3.481242 20.786721 33.329060 8.533027 66.141107
1743668192.354454 0.010885 3.324780 22.944965 34.509227 7.590891 68.380748
1743668192.458134 0.008980 3.312044 21.090288 32.453761 6.542662 63.407735
1743668192.561744 0.011625 3.439819 23.166297 33.418593 8.610874 68.647208
1743668192.665304 0.012045 3.754905 27.391958 33.885322 9.044207 74.088437
1743668192.769344 0.009385 4.177040 26.439456 38.915509 10.189397 79.730787
1743668192.872664 0.007473 3.360329 26.869456 38.001219 5.924812 74.163289
1743668192.976344 0.010049 3.373862 28.212147 36.816367 6.657737 75.070162
1743668193.079944 0.008081 3.439924 30.827663 42.117214 6.096552 82.489434
1743668193.183534 0.006802 3.340065 31.526217 39.782294 5.800400 80.455778
1743668193.287194 0.008561 3.283773 29.433824 42.742523 6.173844 81.642525
1743668193.390864 0.007892 3.185466 27.139998 44.866708 5.901238 81.101302
1743668193.494484 0.007217 3.187328 26.455092 39.493160 5.814284 74.957081
1743668193.598104 0.008663 3.189339 27.266728 46.463344 6.477940 83.406014
1743668193.701744 0.006967 3.155926 28.766108 46.338924 5.628952 83.896877
1743668193.805464 0.011191 3.169676 30.291738 41.496476 5.639087 80.608168
1743668193.909164 0.008380 3.157432 28.657465 47.538529 6.092521 85.454327
1743668194.012804 0.006255 3.163170 28.310554 43.144737 5.642953 80.267669
1743668194.116414 0.010537 4.168548 29.184383 43.771495 9.773844 86.908807
1743668194.220174 0.006935 3.462176 32.280134 45.971557 6.474771 88.195573
1743668194.323774 0.006832 3.125674 29.587995 45.659072 5.628857 84.008430
1743668194.427524 0.006962 3.094471 28.666582 43.945593 5.814262 81.527870
1743668194.531214 0.006454 3.068756 29.263288 48.192454 5.726633 86.257585
1743668194.634744 0.006396 3.200010 30.499881 42.866002 5.663515 82.235804
1743668194.738484 0.006140 4.644442 29.978621 42.957520 7.472986 85.059709
1743668194.842094 0.006118 4.648209 28.633553 51.062909 7.489402 91.840191
1743668194.945714 0.005956 3.182135 28.900256 43.448404 5.699518 81.236269
1743668195.049334 0.006685 3.123443 29.187207 52.309513 5.634123 90.260971
1743668195.152964 0.006709 3.118035 29.560518 45.987336 5.657269 84.329867
1743668195.256684 0.005826 4.323603 34.410190 49.129416 6.406687 94.275722
1743668195.360304 0.006882 3.085211 30.496194 49.522486 5.636208 88.746981
1743668195.463974 0.005866 3.911657 30.723311 44.639304 5.976552 85.256690
1743668195.567414 0.006036 5.011337 33.642436 55.201502 7.228951 101.090262
1743668195.671044 0.009042 3.384482 27.205696 48.054264 6.357382 85.010866
1743668195.774654 0.006623 2.976426 27.273500 43.703622 5.368172 79.328343
1743668195.878254 0.008002 2.964215 25.032438 45.369796 5.914497 79.288948
1743668195.981874 0.008102 2.922261 23.764491 45.792434 5.853179 78.340467
1743668196.085484 0.008932 2.899957 25.704443 45.377785 6.009771 80.000888
1743668196.189104 0.006644 2.904373 29.148102 46.381961 5.446914 83.887994
1743668196.292714 0.006013 4.107634 25.992851 47.480901 5.995980 83.583379
1743668196.396354 0.006175 4.184170 25.688269 42.524237 5.789124 78.191975
1743668196.499944 0.008904 2.854015 25.104334 47.254104 5.733162 80.954519
1743668196.603574 0.007574 2.950289 24.340856 40.743647 5.629854 73.672220
1743668196.707194 0.015620 3.844824 24.041375 48.098599 9.454207 85.454625
1743668196.810824 0.006197 2.852696 24.365706 44.810055 5.062347 77.097001
1743668196.914534 0.010107 2.785417 23.442961 37.859884 6.542873 70.641242
1743668197.018154 0.011062 2.815148 23.463479 38.243624 7.105337 71.638650
1743668197.121764 0.013680 3.994032 21.357097 34.188082 9.040776 68.593667
1743668197.225404 0.012279 3.042651 25.152057 37.255851 7.869292 73.332130
1743668197.329014 0.009198 2.607876 18.623265 30.276452 5.760506 57.277297
1743668197.432624 0.006342 4.927911 17.713082 28.431509 8.302813 59.381657
1743668197.536354 0.011532 3.319393 16.457255 31.380697 7.206762 58.375639
1743668197.639984 0.012255 3.444659 15.598191 25.227807 8.158754 52.441666
1743668197.743624 0.010918 4.210049 16.081607 30.643552 8.937230 59.883356
1743668197.847324 0.012172 3.047497 16.432316 28.289591 8.049207 55.830783
1743668197.950944 0.013101 3.522505 14.998093 30.071639 8.761177 57.366515
1743668198.054574 0.006598 3.032243 15.040485 27.441066 4.872152 50.392544
1743668198.158294 0.012061 3.695126 15.118700 30.106292 8.465677 57.397856
1743668198.261934 0.011407 2.612246 18.996325 30.230774 6.548673 58.399425
1743668198.365654 0.012185 3.613181 15.413055 27.625269 8.574910 55.238600
1743668198.469264 0.011345 3.683777 15.481722 28.206577 8.083467 55.466888
1743668198.572884 0.011547 3.602306 14.400989 29.470024 8.270778 55.755644
1743668198.676504 0.011918 3.757158 16.548578 28.942954 8.558982 57.819590
1743668198.780114 0.012244 3.385815 14.080281 26.959671 8.149546 52.587557
1743668198.883734 0.011749 3.324709 15.096649 30.601425 7.950601 56.985133
1743668198.987344 0.012765 3.396329 15.888158 31.837732 8.513842 59.648826
1743668199.090964 0.016305 2.922157 20.492180 27.303105 10.564237 61.297984
1743668199.194724 0.011842 3.260134 16.589557 32.877111 7.766457 60.505101
1743668199.298324 0.012535 3.213577 15.603405 28.205185 7.993844 55.028546
1743668199.401934 0.012012 3.554688 15.676039 29.022440 7.904243 56.169422
1743668199.505554 0.012593 3.389728 16.238440 27.909248 8.414597 55.964606
1743668199.609164 0.011545 3.454317 16.306793 30.621046 8.145449 58.539150
1743668199.712934 0.012361 3.132975 15.885446 25.849252 7.799063 52.679097
1743668199.816524 0.011121 3.524228 16.550858 29.873078 8.248052 58.207337
1743668199.920134 0.013840 3.164064 16.239429 29.163710 7.919460 56.500503
1743668200.023754 0.011694 3.555317 16.453751 29.424486 7.018514 56.463762
1743668200.127354 0.012485 3.520496 15.093668 28.397553 8.096127 55.120329
1743668200.231104 0.012112 3.537610 14.827792 27.346582 8.123807 53.847903
1743668200.334714 0.012581 3.923916 14.749264 28.221530 8.129742 55.037033
1743668200.438214 0.013330 3.449033 14.790134 25.097804 8.028418 51.378719
1743668200.541824 0.012992 3.651439 14.445980 27.328376 8.146144 53.584931
1743668200.645444 0.011646 3.430744 15.247748 28.670705 7.941672 55.302515
1743668200.749054 0.011760 5.200386 20.342597 29.633455 9.322158 64.510356
1743668200.852674 0.011383 4.340816 16.187586 27.516812 8.603907 56.660504
1743668200.956314 0.012511 3.462191 15.313620 26.828809 8.342664 53.959795
1743668201.059904 0.011660 3.284402 16.448460 29.185983 7.963507 56.894012
1743668201.163564 0.011801 3.413383 16.197487 28.293483 7.994528 55.910682
1743668201.267264 0.011328 4.365584 16.737909 33.040973 8.222203 62.377997
1743668201.370874 0.011154 3.693814 17.360206 29.694902 8.103644 58.863720
1743668201.474654 0.012740 3.113321 14.960497 27.478269 7.742692 53.307519
1743668201.578234 0.011486 3.224331 14.746872 27.098145 7.765155 52.845989
1743668201.681854 0.011585 3.781052 17.291297 30.106049 8.144007 59.333990
1743668201.785614 0.013619 3.318531 15.870496 27.082014 8.414886 54.699546
1743668201.889204 0.009735 2.253833 16.232061 28.983673 5.212483 52.691785
1743668201.992944 0.008881 2.483866 17.828125 30.923393 5.746686 56.990951
1743668202.096564 0.012426 3.537792 17.882704 27.735864 8.299201 57.467987
1743668202.200344 0.012402 3.276423 17.593703 28.054369 7.679044 56.615941
1743668202.303914 0.006632 3.521048 17.048028 28.360365 7.204103 56.140176
1743668202.407664 0.012709 3.482553 15.641654 28.962547 7.908928 56.008391
1743668202.511284 0.012082 3.438696 15.992616 26.493079 8.138414 54.074887
1743668202.615024 0.010720 4.294237 15.051812 31.373460 8.728943 59.459172
1743668202.718634 0.007354 3.339234 16.062844 29.870515 6.023358 55.303305
1743668202.822424 0.011796 3.660411 15.359518 29.013450 7.929420 55.974595
1743668202.926124 0.012079 3.308089 15.328589 32.819791 7.687895 59.156443
1743668203.029874 0.010982 3.274127 15.740343 30.921958 7.662429 57.609839
1743668203.133464 0.014164 3.045987 14.982842 26.279376 7.676009 51.998378
1743668203.237224 0.013018 3.655023 15.251955 30.433262 8.763649 58.116907
1743668203.340834 0.007495 3.757262 16.691662 27.673417 6.151189 54.281025
1743668203.444794 0.010935 3.905636 17.687858 32.483426 8.115784 62.203639
1743668203.549594 0.011923 3.894915 16.580024 34.823212 8.099633 63.409707
1743668203.652014 0.011212 3.625346 17.798398 39.191098 8.371019 68.997073
1743668203.755544 0.010267 3.908011 18.855476 35.756451 7.771871 66.302076
1743668203.859144 0.011115 3.982551 18.598869 32.653443 8.119679 63.365657
1743668203.962904 0.012131 2.458518 18.504882 31.393434 6.572329 58.941294
1743668204.066714 0.012244 3.059473 18.200195 32.883489 7.783964 61.939365
1743668204.170314 0.012097 3.102520 19.906068 36.981161 8.338390 68.340236
1743668204.274034 0.005952 2.677995 20.951806 34.584388 4.605223 62.825364
1743668204.377734 0.009164 2.545857 18.366375 35.682246 6.295653 62.899295
1743668204.481474 0.013927 2.979144 20.264543 33.617193 7.713342 64.588149
1743668204.585084 0.012077 3.048821 21.227663 34.016673 7.695533 66.000767
1743668204.688824 0.011422 2.824609 22.299139 33.979465 7.484022 66.598657
1743668204.792624 0.012526 2.929409 22.319913 36.955687 7.648182 69.865717
1743668204.896194 0.011541 3.455976 23.517277 42.733927 8.269400 77.988121
1743668204.999924 0.012610 2.624951 22.646433 33.818940 5.063663 64.166597
1743668205.103544 0.011469 3.291499 23.402760 37.092609 8.110551 71.908888
1743668205.207154 0.009758 2.561975 23.504632 40.381906 6.020399 72.478670
1743668205.310894 0.010113 2.621686 23.846539 38.819893 5.960956 71.259187
1743668205.414514 0.011612 2.726959 23.358965 36.968250 6.979182 70.044968
1743668205.518244 0.010210 2.572360 24.093405 35.760268 6.262005 68.698248
1743668205.621874 0.011792 2.754432 24.684115 38.979515 7.241118 73.670972
1743668205.725614 0.009264 2.624270 24.920536 37.932372 6.066687 71.553129
1743668205.829224 0.010736 2.712001 27.317917 41.404510 6.704145 78.149309
1743668205.933094 0.007995 2.618407 26.272821 38.661529 5.119462 72.680214
1743668206.036524 0.010973 2.712688 25.800767 43.350254 6.691911 78.566593
1743668206.140184 0.007204 2.671157 26.890298 40.952242 4.977227 75.498128
1743668206.243864 0.010563 2.719794 27.393691 39.762776 6.586223 76.473047
1743668206.347424 0.013583 2.649035 27.428690 38.962663 5.591739 74.645710
1743668206.451164 0.011128 2.688400 27.298734 40.594649 6.835906 77.428817
1743668206.554934 0.008336 2.607419 27.547733 38.097584 5.271807 73.532879
1743668206.658624 0.010040 2.711822 28.127424 40.279779 6.596007 77.725072
1743668206.762374 0.015755 5.388331 29.112464 42.415980 9.741883 86.674413
1743668206.865934 0.006447 2.704814 28.170051 39.888014 4.938788 75.708114
1743668206.969644 0.010280 2.599526 27.985277 38.922006 7.031811 76.548900
1743668207.073234 0.008163 2.580139 27.085538 43.870613 5.312020 78.856473
1743668207.176854 0.008535 2.608863 28.831667 39.235808 5.524968 76.209841
1743668207.280594 0.009912 2.643684 28.649697 43.606719 6.288850 81.198862
1743668207.384304 0.007621 2.593968 27.069619 37.499090 5.055699 72.225997
1743668207.487944 0.011901 2.674417 25.867728 38.502819 7.055097 74.111962
1743668207.591684 0.013565 2.541853 26.684185 42.928582 5.627614 77.795799
1743668207.695424 0.008357 2.527588 26.209531 36.017117 5.633369 70.395962
1743668207.799044 0.012089 2.752704 25.358061 39.550758 7.290759 74.964371
1743668207.902814 0.009342 2.537606 23.695302 38.427068 5.845363 70.514681
1743668208.006394 0.011218 2.649940 25.191439 36.382847 7.039206 71.274650
1743668208.110144 0.009686 2.597501 25.697197 35.957380 6.377957 70.639721
1743668208.213754 0.011042 2.626837 25.297661 42.145013 6.703751 76.784304
1743668208.317494 0.007897 2.564001 25.676674 34.992264 5.541483 68.782319
1743668208.421114 0.012250 2.700405 26.988539 37.412079 7.061075 74.174348
1743668208.524724 0.008727 2.656131 26.080206 40.068719 5.956502 74.770285
1743668208.628344 0.008590 2.663288 26.578614 42.414716 5.994891 77.660099
1743668208.731964 0.008044 2.683617 28.559656 38.520040 5.592406 75.363763
1743668208.835574 0.009226 2.649624 27.371239 40.434089 5.980734 76.444912
1743668208.939194 0.009363 2.623157 27.592962 38.527194 5.929048 74.681724
1743668209.042804 0.010545 2.663956 26.892552 41.801315 6.461256 77.829624
1743668209.146404 0.008065 2.595455 25.819108 41.507652 5.500502 75.430782
1743668209.250154 0.008925 2.681268 26.616470 38.594627 6.098493 73.999783
1743668209.353854 0.008467 2.628356 25.721603 41.602758 5.663378 75.624562
1743668209.457394 0.008159 2.695606 28.554271 41.174882 5.856710 78.289628
1743668209.561114 0.008035 2.687500 28.441719 43.435219 5.813780 80.386253
1743668209.664744 0.007997 2.683121 28.960431 39.179249 5.436050 76.266848
1743668209.768354 0.010482 2.665037 28.033340 39.397266 6.278652 76.384777
1743668209.871974 0.008748 2.648365 27.348371 40.562866 5.610157 76.178507
1743668209.975594 0.009391 2.642832 28.493686 39.992110 5.848409 76.986428
1743668210.079334 0.008958 2.621025 28.347217 38.255360 5.981216 75.213776
1743668210.182944 0.009520 2.601312 28.880397 36.792649 6.309206 74.593084
1743668210.286694 0.010513 2.670212 27.663784 40.907028 6.669084 77.920621
1743668210.390434 0.007938 2.586774 28.656785 38.874821 5.178778 75.305096
1743668210.494044 0.009528 2.609384 29.265560 40.407038 6.036648 78.328158
1743668210.597784 0.009230 2.589701 28.710579 35.299142 6.003532 72.612184
1743668210.701424 0.011032 2.699881 27.930102 39.420469 6.812673 76.874157
1743668210.805014 0.008781 2.567693 27.672262 34.798250 5.480798 70.527784
1743668210.908754 0.013037 2.719329 29.213840 34.327542 7.168853 73.442601
1743668211.012374 0.010808 2.613326 28.764990 38.402265 6.324879 76.116268
1743668211.116114 0.010342 4.489509 29.768429 47.449014 8.683351 90.400645
1743668211.219724 0.006100 2.571699 27.670248 31.291039 4.832507 66.371593
1743668211.323364 0.013376 3.166190 23.616564 32.644383 8.061524 67.502037
1743668211.427084 0.005844 3.785688 26.194827 33.941243 5.111879 69.039481
1743668211.530694 0.012963 2.613127 28.806941 36.472464 7.645386 75.550881
1743668211.634314 0.006148 2.554964 25.806816 35.111706 4.704091 68.183725
1743668211.738054 0.013330 3.211843 24.435516 32.788795 8.079241 68.528725
1743668211.841664 0.010448 2.619394 25.201286 34.856078 6.768772 69.455978
1743668211.945414 0.012853 2.663206 26.163368 31.776429 7.113349 67.729205
1743668212.049014 0.011994 2.705666 26.238942 34.904993 7.400179 71.261774
1743668212.152644 0.010985 2.577102 25.886429 35.632131 6.625518 70.732165
1743668212.256384 0.011177 2.599746 25.121948 31.780586 6.696318 66.209775
1743668212.359994 0.012599 2.964336 23.899751 35.293026 7.863938 70.033650
1743668212.463734 0.009897 3.787043 23.441038 36.342738 9.036043 72.616759
1743668212.567474 0.011896 2.539164 23.494075 34.366938 6.545558 66.957631
1743668212.671094 0.011150 2.503711 23.369031 32.991613 6.258084 65.133589
1743668212.774734 0.012655 3.013301 21.383054 33.481748 7.949584 65.840342
1743668212.878444 0.012732 2.812181 19.326835 31.188730 7.521238 60.861716
1743668212.982064 0.012670 3.285344 19.103065 30.601379 7.871076 60.873534
1743668213.085674 0.012065 3.200252 18.543547 30.895209 7.958474 60.609547
1743668213.189294 0.013333 2.896398 19.608926 32.527652 7.653646 62.699955
1743668213.292904 0.012484 3.051269 17.814497 30.798828 7.708785 59.385863
1743668213.396524 0.013498 3.155740 18.073616 33.764408 8.173946 63.181208
1743668213.500264 0.011519 3.047439 15.663235 30.504603 7.885897 57.112693
1743668213.603884 0.012428 3.157857 16.360673 31.338848 7.540765 58.410571
1743668213.707494 0.012319 3.272388 16.408336 27.522626 7.886760 55.102429
1743668213.811124 0.012320 3.492746 16.067204 30.445386 7.600834 57.618490
1743668213.914734 0.012499 4.407023 17.909822 27.115894 7.101797 56.547035
1743668214.018344 0.011596 4.194942 14.304905 27.758233 8.266852 54.536528
1743668214.121964 0.011404 3.807226 14.297921 28.012171 8.141834 54.270556
1743668214.225574 0.013048 3.369345 11.624019 25.064752 7.698674 47.769838
1743668214.329184 0.010995 3.648290 11.787226 25.497855 7.521348 48.465714
1743668214.432824 0.011880 3.575587 12.375002 24.035036 7.347273 47.344778
1743668214.536544 0.012684 3.557513 11.963328 25.513842 7.506490 48.553857
1743668214.640164 0.012674 3.515054 12.473775 24.804074 7.719017 48.524594
1743668214.743774 0.012842 3.599818 13.419936 27.374938 7.689071 52.096605
1743668214.847384 0.012157 4.091770 12.735275 25.554029 8.177479 50.570710
1743668214.951024 0.014002 2.080474 11.270933 28.605186 5.566202 47.536797
1743668215.054624 0.012637 3.645149 11.814625 24.141723 8.015770 47.629904
1743668215.158234 0.011207 3.549800 12.504084 24.133898 7.668525 47.867514
1743668215.262004 0.011506 4.167311 12.262848 26.148766 7.935319 50.525750
1743668215.365594 0.011452 3.697086 11.980261 24.076012 7.622780 47.387591
1743668215.469204 0.011906 3.902711 12.583912 26.847824 7.992084 51.338437
1743668215.572834 0.010163 3.324693 11.510629 23.049757 7.318150 45.213392
1743668215.676444 0.011228 4.016819 13.328706 26.166534 7.753692 51.276979
1743668215.780074 0.012270 4.344972 14.169668 24.376889 8.642332 51.546131
1743668215.883804 0.010696 4.471357 17.316141 23.043754 8.241185 53.083133
1743668215.987414 0.011647 3.023031 11.291664 22.363329 7.232664 43.922335
1743668216.091164 0.012818 3.672064 11.843675 22.976156 7.575557 46.080270
1743668216.194764 0.011610 3.609079 10.980083 21.552687 7.343145 43.496604
1743668216.298514 0.012863 3.780799 10.806540 21.949498 7.743348 44.293048
1743668216.402124 0.010599 3.528609 10.308208 20.346788 7.475516 41.669720
1743668216.505744 0.008814 3.715196 10.830549 20.405132 7.086139 42.045830
1743668216.609374 0.011328 3.411168 10.751364 20.528468 7.319245 42.021573
1743668216.712994 0.012034 4.097432 13.501044 22.426933 8.094609 48.132052
1743668216.816584 0.013218 3.389220 10.790070 21.127488 6.261626 41.581622
1743668216.920224 0.012707 3.357863 10.786915 22.021820 7.906588 44.085893
1743668217.023814 0.012344 3.520775 11.113196 21.073860 7.639201 43.359376
1743668217.127434 0.012288 3.377271 11.223418 20.151991 7.428101 42.193069
1743668217.231184 0.012344 3.552818 10.881309 21.471108 7.554943 43.472522
1743668217.334794 0.011664 3.626185 11.808513 23.186433 7.722737 46.355532
1743668217.438534 0.007190 3.744940 11.649828 21.611568 5.700565 42.714091
1743668217.542154 0.012539 3.022052 11.289549 20.489627 7.294557 42.108324
1743668217.645644 0.013610 3.249152 11.530695 22.749906 8.257513 45.800876
1743668217.749254 0.011596 3.656770 12.396293 24.090815 7.650494 47.805968
1743668217.852864 0.012352 3.154045 12.276451 24.299034 7.719005 47.460887
1743668217.956484 0.012956 3.606294 12.613715 23.494664 8.027475 47.755104
1743668218.060124 0.009165 3.713403 15.308748 24.865054 8.105654 52.002024
1743668218.163864 0.016543 4.529456 20.322205 26.492473 9.354656 60.715333
1743668218.268404 0.012939 2.833037 12.912325 23.588302 7.698396 47.044999
1743668218.371184 0.012898 3.582673 13.517803 24.280165 8.136201 49.529740
1743668218.474934 0.012053 3.698139 14.182861 31.875312 8.066936 57.835301
1743668218.578584 0.012014 3.756746 13.376963 24.487108 8.178210 49.811041
1743668218.682294 0.012508 3.699443 17.233505 25.012613 8.505564 54.463633
1743668218.785914 0.012780 3.415289 13.257261 26.805097 8.531168 52.021595
1743668218.889544 0.011125 3.180234 13.549783 24.288118 8.039263 49.068523
1743668218.993264 0.011234 3.569495 14.021324 29.614171 7.914589 55.130813
1743668219.096894 0.012120 3.248271 13.897662 23.820133 7.806701 48.784887
1743668219.200754 0.009835 2.250666 14.396553 28.255297 6.939230 51.851581
1743668219.304254 0.010966 3.425222 14.838496 26.512318 8.220310 53.007312
1743668219.407874 0.012110 3.539171 15.834286 24.139940 8.054273 51.579780
1743668219.511464 0.011074 3.907705 15.600910 22.108313 8.162145 49.790147
1743668219.615094 0.011935 3.918426 13.863988 24.457646 8.444845 50.696840
1743668219.718574 0.010970 3.131448 13.225342 20.999318 8.013133 45.380211
1743668219.822314 0.011729 3.439877 11.732230 21.190507 8.150151 44.524494
1743668219.925804 0.011126 3.658567 10.949475 21.168172 8.290000 44.077340
1743668220.029674 0.011086 3.562623 11.592650 19.681961 8.013025 42.861345
1743668220.133204 0.009929 3.675874 11.633327 18.845843 8.002009 42.166982
1743668220.236654 0.010240 2.328903 10.395641 19.599606 6.125074 38.459464
1743668220.340254 0.010302 2.451577 10.425242 18.677204 5.473085 37.037410
1743668220.443874 0.010550 3.604466 9.793103 19.539403 8.176260 41.123782
1743668220.547624 0.006964 2.591664 9.186967 18.902710 4.532638 35.220943
1743668220.651104 0.011051 3.522326 9.620548 19.432545 8.222578 40.809048
1743668220.754744 0.012223 3.685988 9.195636 18.111650 8.630890 39.636387
1743668220.858464 0.011694 4.008169 10.093412 19.669642 7.575912 41.358829
1743668220.962094 0.010376 2.345164 8.526639 18.453080 4.976883 34.312142
1743668221.065704 0.011749 4.693547 9.577400 18.589325 8.761245 41.633266
1743668221.169324 0.012107 3.717904 8.579201 20.203227 8.327170 40.839609
1743668221.273044 0.012227 3.478081 8.103881 18.179585 8.046128 37.819902
1743668221.376664 0.011747 3.711406 8.546262 17.779042 7.801605 37.850062
1743668221.480404 0.012734 3.876538 8.319009 18.017750 8.124028 38.350059
1743668221.584164 0.012275 3.572842 8.431198 17.834688 8.142193 37.993196
1743668221.687764 0.011242 3.855697 9.261465 18.217553 8.396097 39.742054
1743668221.791544 0.012340 3.985098 8.981634 20.415901 8.238347 41.633320
1743668221.895134 0.010886 3.350457 8.553653 17.584308 8.129787 37.629091
1743668221.998854 0.011589 3.773402 8.845202 19.333892 8.840247 40.804332
1743668222.102474 0.012899 3.602894 8.678158 19.002590 8.621609 39.918150
1743668222.206214 0.010979 3.062825 8.344244 18.960675 7.698013 38.076736
1743668222.309824 0.011327 3.018617 8.521348 18.419807 7.810884 37.781983
1743668222.413594 0.012693 3.751051 8.264187 19.109827 8.550459 39.688217
1743668222.517184 0.011653 3.548225 8.684075 18.021547 7.830710 38.096210
1743668222.620924 0.011572 3.807570 9.227164 17.315545 7.942609 38.304460
1743668222.724534 0.011619 3.809695 9.129490 20.160943 7.947469 41.059216
1743668222.828274 0.011847 3.813354 9.362861 19.191638 7.894883 40.274583
1743668222.932044 0.012675 4.744671 10.865636 22.226189 8.833442 46.682613
1743668223.035754 0.011446 2.324329 10.918370 21.768878 8.606728 43.629751
1743668223.139374 0.013577 3.749120 10.835904 20.768081 9.020484 44.387166
1743668223.242994 0.011372 3.668171 11.495438 21.795644 8.412359 45.382984
1743668223.346734 0.010378 4.309443 14.256356 23.627650 8.506626 50.710453
1743668223.450364 0.012370 3.893830 13.413368 22.810946 8.592356 48.722870
1743668223.553964 0.011842 4.674297 14.066353 23.522194 9.380383 51.655069
1743668223.657574 0.012825 3.740695 12.667488 24.263741 8.529671 49.214420
1743668223.761334 0.011740 3.625619 13.484994 23.221253 8.017189 48.360795
1743668223.864934 0.010779 3.635210 12.624333 24.658661 8.131947 49.060930
1743668223.968554 0.011750 3.821701 12.610736 24.317423 8.292513 49.054123
1743668224.072184 0.011687 3.917240 13.732301 26.445233 9.087431 53.193892
1743668224.175774 0.010720 4.234519 16.700328 26.213950 8.948638 56.108155
1743668224.279414 0.011760 2.878019 12.164260 24.666186 7.574912 47.295137
1743668224.383134 0.011303 3.809347 12.025527 23.881053 8.314463 48.041693
1743668224.486744 0.010963 4.037018 11.685823 24.632968 8.478111 48.844883
1743668224.590534 0.011796 3.775491 11.957294 24.922131 8.307719 48.974431
1743668224.694124 0.011555 4.907396 15.061061 25.379961 9.156480 54.516453
1743668224.797844 0.010799 3.388161 11.749455 25.273769 8.196409 48.618593
1743668224.901464 0.009471 4.728702 12.244019 24.654594 6.986854 48.623640
1743668225.005074 0.013492 3.265479 11.821502 27.070163 8.129276 50.299912
1743668225.108814 0.010143 3.851734 11.038455 23.884624 8.086138 46.871094
1743668225.212434 0.011733 3.883676 11.490059 24.419823 8.668856 48.474147
1743668225.316174 0.010510 4.362311 16.662053 25.629600 9.191318 55.855792
1743668225.419794 0.011951 3.308863 11.832321 26.510244 8.433664 50.097043
1743668225.523404 0.011028 4.635098 13.033486 25.273717 9.067487 52.020816
1743668225.627044 0.006835 4.331425 13.169027 25.671621 6.216550 49.395458
1743668225.730634 0.012374 3.990897 14.356055 30.379268 9.121133 57.859727
1743668225.834394 0.005997 2.676380 12.854588 27.474634 4.993588 48.005187
1743668225.937994 0.011632 2.733325 14.280400 30.916563 5.789809 53.731729
1743668226.041634 0.012105 3.580315 12.687989 27.406604 8.977716 52.664729
1743668226.145344 0.012470 3.650186 13.307560 29.545962 9.008398 55.524576
1743668226.248984 0.010664 2.906165 14.649730 30.641421 7.289268 55.497248
1743668226.352704 0.010881 4.205691 13.656755 33.300219 8.968516 60.142062
1743668226.456384 0.010440 2.932455 12.928424 28.487785 7.662542 52.021646
1743668226.559954 0.011258 3.751492 13.794389 29.990568 8.477558 56.025265
1743668226.663564 0.012340 3.472061 12.621403 27.765279 8.613103 52.484186
1743668226.767224 0.010177 3.843475 13.652314 37.206906 7.195602 61.908474
1743668226.870794 0.010766 2.923908 14.199495 31.962041 6.007345 55.103555
1743668226.974404 0.005975 5.040851 13.528820 31.506571 8.805436 58.887653
1743668227.078014 0.011281 4.257311 12.515475 30.131642 9.003942 55.919651
1743668227.181514 0.011805 4.103890 13.123882 29.885898 9.120921 56.246396
1743668227.285124 0.012100 3.038325 12.529159 28.023601 8.253172 51.856357
1743668227.388734 0.011473 3.627442 11.910100 29.860112 8.740350 54.149477
1743668227.492474 0.012247 3.347003 11.786377 29.629332 8.800354 53.575313
1743668227.596094 0.012810 3.324187 12.311842 29.712015 8.737945 54.098799
1743668227.699714 0.012112 3.352554 12.164894 31.393598 9.052640 55.975798
1743668227.803324 0.012511 3.306626 11.517207 29.671123 8.427371 52.934838
1743668227.906814 0.011961 3.460812 12.254596 30.917345 8.710107 55.354821
1743668228.010454 0.012988 3.257778 11.984574 29.909069 8.361663 53.526072
1743668228.114044 0.011501 4.114914 11.932144 30.557491 9.294025 55.910075
1743668228.217684 0.012667 3.466305 12.155072 31.932588 8.860466 56.427098
1743668228.321274 0.012552 3.344031 12.519162 29.387232 8.591088 53.854065
1743668228.424894 0.010694 4.098874 12.347023 31.602386 9.025512 57.084489
1743668228.528624 0.011589 3.392621 12.511231 31.360505 8.774029 56.049975
1743668228.632274 0.011681 3.252693 11.786197 28.583370 8.271987 51.905928
1743668228.735904 0.011487 3.217604 11.690937 28.410591 8.320036 51.650655
1743668228.839494 0.007849 4.556928 12.114911 30.524019 6.289148 53.492855
1743668228.943094 0.011587 3.941539 12.613016 30.514923 8.931178 56.012243
1743668229.046714 0.011571 3.508101 12.159165 28.281776 8.334334 52.294947
1743668229.150454 0.011992 3.764125 12.636733 29.345974 8.483773 54.242597
1743668229.254064 0.012278 3.574477 13.061554 30.131453 8.574141 55.353903
1743668229.357804 0.012650 3.385904 13.943969 30.990085 8.317797 56.650405
1743668229.461554 0.011977 3.630688 13.369810 30.219749 8.574890 55.807114
1743668229.565164 0.011778 3.381870 14.205031 29.705162 8.360974 55.664815
1743668229.668904 0.013033 2.823285 13.912371 32.352360 7.041190 56.142239
1743668229.772664 0.011871 3.232050 14.614724 31.877435 8.050662 57.786742
1743668229.876264 0.012026 3.352720 15.032273 29.831207 8.295155 56.523381
1743668229.980004 0.011105 3.239015 14.699324 33.612009 6.261591 57.823044
1743668230.083744 0.015294 3.276523 14.661738 32.411377 7.971544 58.336476
1743668230.187354 0.011796 3.340916 16.387800 32.090788 8.473385 60.304685
1743668230.291094 0.011406 3.523544 15.694717 32.925858 8.518215 60.673740
1743668230.394834 0.010987 3.231525 16.698109 33.128301 7.828573 60.897495
1743668230.498574 0.011777 3.351067 17.686838 34.438729 8.415944 63.904355
1743668230.602194 0.012195 3.261698 15.986995 32.428494 8.148504 59.837886
1743668230.705934 0.010797 3.161241 17.520380 33.686894 8.003429 62.382741
1743668230.809554 0.012723 3.408741 16.657787 34.022764 8.509975 62.611990
1743668230.913164 0.011711 3.312300 17.761633 33.092245 8.409035 62.586924
1743668231.016924 0.013000 3.095716 15.901468 34.238218 8.188522 61.436924
1743668231.120524 0.011845 3.114871 16.344853 32.433124 8.324166 60.228859
1743668231.224264 0.011839 3.247190 15.859971 31.856875 8.267245 59.243120
1743668231.327874 0.010887 3.110593 16.713948 34.606389 7.917511 62.359328
1743668231.431494 0.012049 3.129490 16.659020 31.729428 8.048152 59.578139
1743668231.535234 0.012365 3.312116 16.083125 33.146375 8.581454 61.135435
1743668231.638854 0.010344 4.162503 17.083817 29.596498 8.717860 59.571022
1743668231.742464 0.011523 3.771335 16.463648 33.646090 8.974341 62.866937
1743668231.846074 0.011321 3.133722 15.532669 36.116219 8.175960 62.969891
1743668231.949724 0.012237 3.092733 15.003719 33.689088 8.258043 60.055820
1743668232.053314 0.011227 3.198183 15.618870 31.883167 8.273610 58.985057
1743668232.156944 0.011621 3.395649 15.504047 29.449341 8.719122 57.079780
1743668232.263214 0.010949 3.299857 15.792508 31.533723 8.249893 58.886930
1743668232.364334 0.012567 3.211492 17.501456 34.941699 8.124073 63.791287
1743668232.468004 0.010613 3.053966 16.164493 31.668295 7.315905 58.213272
1743668232.571514 0.011271 3.356531 16.457676 32.899982 8.427283 61.152743
1743668232.675664 0.011615 3.417856 17.908164 37.023402 8.696524 67.057561
1743668232.779104 0.010812 3.385455 17.208908 35.224305 7.862228 63.691708
1743668232.882504 0.010727 3.934386 17.173076 36.360266 9.378719 66.857174
1743668232.986114 0.012175 4.932822 18.237817 36.965385 10.684858 70.833057
1743668233.090144 0.014334 5.406992 18.598873 34.047170 9.383908 67.451277
1743668233.193214 0.010840 3.314624 17.682988 35.575403 8.045236 64.629091
1743668233.296824 0.011865 3.350504 18.301662 34.470567 7.293966 63.428564
1743668233.400644 0.012575 3.436116 19.286259 36.190988 8.305771 67.231709
1743668233.504054 0.012292 3.378215 19.697030 35.956361 7.785372 66.829270
1743668233.607664 0.015802 3.395325 20.275289 36.297074 7.814300 67.797790
1743668233.711304 0.010773 6.010192 21.882025 38.992387 10.597391 77.492768
1743668233.814784 0.007271 3.352421 19.039835 33.243876 5.633601 61.277004
1743668233.918394 0.012356 3.524301 19.220895 35.817558 8.563146 67.138256
1743668234.022004 0.012185 3.363786 20.330879 36.053690 8.125248 67.885788
1743668234.125614 0.010779 3.985166 22.016994 36.864984 9.870966 72.748889
1743668234.229124 0.010438 4.367606 20.860938 41.509254 10.722378 77.470614
1743668234.332724 0.013076 4.380126 19.388966 37.036125 10.431379 71.249672
1743668234.436334 0.009260 3.277361 19.515720 35.051104 7.098476 64.951921
1743668234.539824 0.010971 4.361393 20.888558 39.125267 9.825607 74.211796
1743668234.643444 0.008093 3.317986 21.659461 40.073548 6.083522 71.142610
1743668234.747064 0.010298 3.353940 20.149510 37.215720 7.272899 68.002367
1743668234.850674 0.010521 3.301679 19.711842 37.919364 7.661388 68.604794
1743668234.954294 0.010514 3.362333 22.536290 37.514405 7.363442 70.786984
1743668235.057804 0.010939 3.338890 21.145044 39.017675 7.156991 70.669539
1743668235.161674 0.009711 3.344129 20.987690 40.170609 7.082215 71.594354
1743668235.265034 0.010379 3.286687 21.041192 36.569617 6.841772 67.749647
1743668235.368714 0.012045 3.387764 20.439149 33.606696 8.100884 65.546538
1743668235.472244 0.011220 4.501490 20.152793 37.421872 9.529535 71.616910
1743668235.575864 0.009872 3.361405 20.510981 38.788030 6.493877 69.164165
1743668235.679504 0.011173 4.404479 20.053649 39.543357 10.051617 74.064275
1743668235.783224 0.008578 4.338726 22.004933 44.746456 9.625441 80.724134
1743668235.886834 0.010598 3.611068 22.936398 40.782150 8.188684 75.528898
1743668235.990464 0.011985 4.087533 21.818523 41.716026 10.005450 77.639517
1743668236.094064 0.007912 3.447381 21.123415 36.726621 5.998513 67.303842
1743668236.198394 0.010642 3.746908 21.314519 39.837587 8.621259 73.530915
1743668236.301544 0.013136 3.468821 22.431215 41.970625 6.406332 74.290129
1743668236.405174 0.009262 3.535565 21.742925 40.888595 6.701048 72.877395
1743668236.508904 0.009549 3.544824 21.939679 42.932928 6.918828 75.345808
1743668236.612524 0.007571 3.498055 22.266687 41.920705 5.990624 73.683642
1743668236.716274 0.010165 3.546054 22.354846 42.303831 7.178012 75.392908
1743668236.819994 0.005771 3.679282 22.898501 43.650905 5.916185 76.150644
1743668236.923614 0.011327 4.581375 20.956326 39.491699 10.393290 75.434017
1743668237.027344 0.012298 3.830752 20.178179 43.440500 9.730254 77.191983
1743668237.130974 0.008087 3.477688 19.888156 38.348315 5.848842 67.571088
1743668237.234584 0.013122 3.596225 20.479715 40.051808 8.516580 72.657450
1743668237.338194 0.011391 4.011716 21.614745 39.949992 9.960391 75.548235
1743668237.441814 0.006332 3.651576 20.490205 42.961646 5.941630 73.051389
1743668237.545434 0.008727 3.488183 19.114450 36.507460 6.521358 65.640178
1743668237.649054 0.012403 4.366273 22.424924 40.571166 9.794574 77.169340
1743668237.752664 0.012361 4.222365 20.203922 39.940670 9.415525 73.794843
1743668237.856284 0.009563 3.761573 20.052819 39.570616 8.360066 71.754637
1743668237.959894 0.011133 4.641320 21.144385 39.775879 9.988342 75.561059
1743668238.063384 0.008846 3.460254 20.137064 39.159929 6.252637 69.018730
1743668238.167004 0.006772 3.567503 19.475946 38.411723 6.408822 67.870766
1743668238.270614 0.011521 3.452069 19.773573 37.911486 7.539063 68.687712
1743668238.374234 0.009882 3.479697 20.436529 42.415241 6.897398 73.238747
1743668238.477834 0.006087 3.556726 27.887684 43.323403 5.746088 80.519988
1743668238.581354 0.006572 3.528666 19.700655 39.572248 5.719025 68.527166
1743668238.684954 0.011372 3.512632 19.415214 37.475479 8.009881 68.424578
1743668238.788594 0.010495 3.515032 19.665633 38.358935 6.918028 68.468123
1743668238.892054 0.011025 3.538113 20.600575 38.388594 7.327667 69.865974
1743668238.995694 0.011903 3.661851 19.804949 38.632000 6.243082 68.353785
1743668239.099294 0.011056 3.611781 21.255995 40.689187 7.345866 72.913885
1743668239.202794 0.011112 3.599410 20.902290 38.758528 6.047735 69.319075
1743668239.306394 0.011731 3.622932 22.872431 42.347138 8.301332 77.155564
1743668239.410014 0.007540 3.586169 23.149286 40.695315 6.018967 73.457277
1743668239.513514 0.009925 3.584261 22.966873 38.984298 7.073460 72.618817
1743668239.617134 0.009235 3.639557 24.558394 42.096890 5.824336 76.128412
1743668239.720734 0.006446 3.763444 26.481264 39.256572 5.878743 75.386469
1743668239.824344 0.005966 3.788580 25.229314 42.894503 5.860092 77.778455
1743668239.927964 0.005801 3.744313 27.826071 40.160227 5.807243 77.543655
1743668240.031624 0.006915 3.802359 28.645297 42.552291 6.010699 81.017561
1743668240.135194 0.005874 3.693567 32.529752 42.937182 5.872175 85.038550
1743668240.238814 0.007524 3.596922 26.917450 44.076814 5.806352 80.405062
1743668240.342424 0.006141 4.134048 25.828332 41.618031 6.057653 77.644205
1743668240.445914 0.008497 3.592576 28.763498 44.254848 6.692265 83.311684
1743668240.549554 0.006741 3.617156 28.033266 40.631167 5.871861 78.160191
1743668240.653144 0.009326 3.650383 26.960352 43.492386 6.770484 80.882931
1743668240.756774 0.008315 3.632774 27.828402 44.667270 5.942516 82.079277
1743668240.860504 0.007097 3.643877 26.549549 41.942738 5.993504 78.136765
1743668240.964144 0.008078 3.648555 26.897888 43.457434 6.220486 80.232441
1743668241.067854 0.007182 3.633494 28.287357 48.567393 6.087287 86.582713
1743668241.171474 0.006812 3.643707 27.645957 48.242292 5.987846 85.526614
1743668241.275084 0.006913 3.616724 29.599077 46.353822 6.181525 85.758061
1743668241.378854 0.006766 3.694420 29.138500 48.565278 6.152963 87.557927
1743668241.482444 0.006936 3.641746 30.140731 50.972385 6.196368 90.958166
1743668241.586294 0.006816 3.693706 31.769446 52.411654 6.232270 94.113892
1743668241.689914 0.006709 3.704122 31.208225 51.216977 6.277267 92.413300
1743668241.793434 0.006248 3.786791 34.202789 52.080136 6.465967 96.541931
1743668241.897174 0.006711 3.729219 32.113392 53.400225 6.275357 95.524904
1743668242.000894 0.006041 3.905433 34.358951 54.967846 6.410312 99.648583
1743668242.104504 0.011034 3.811127 35.416830 61.512231 6.473985 107.225207
1743668242.208244 0.006466 3.848273 35.557796 55.483686 6.428269 101.324490
1743668242.311994 0.010121 3.841812 36.533817 50.077503 6.408616 96.871869
1743668242.415624 0.006705 3.858018 37.732510 59.047506 6.556659 107.201398
1743668242.519344 0.006482 3.854433 38.261762 55.107638 6.437662 103.667977
1743668242.623084 0.006224 3.832362 37.276033 58.529876 6.357644 106.002139
1743668242.726694 0.006850 3.765392 37.732423 57.125286 6.482906 105.112857
1743668242.830464 0.006853 3.826401 38.533802 58.962133 6.471868 107.801057
1743668242.934054 0.006504 3.711170 37.882060 56.315099 6.453026 104.367859
1743668243.037704 0.006651 3.608274 36.068188 56.964585 6.370063 103.017761
1743668243.141414 0.006873 3.550836 37.627590 54.592537 6.246667 102.024503
1743668243.245154 0.006524 3.542061 36.389336 51.808503 6.237628 97.984052
1743668243.348784 0.006270 3.532578 39.134230 55.892324 6.268222 104.833624
1743668243.452514 0.006671 3.521328 39.051788 52.823187 6.210980 101.613954
1743668243.556254 0.006731 3.560823 38.415149 50.619592 6.284352 98.886647
1743668243.659904 0.006807 3.506763 36.888923 47.702210 6.165428 94.270131
1743668243.763494 0.006659 3.514755 36.202591 53.493008 6.215675 99.432688
1743668243.867224 0.006864 3.518778 36.331662 52.378532 6.138475 98.374311
1743668243.970834 0.006531 3.543186 36.127767 48.600714 6.102125 94.380323
1743668244.074454 0.006552 3.535465 33.902664 47.017214 6.019714 90.481609
1743668244.178074 0.011033 3.506749 31.759365 45.782161 5.885005 86.944313
1743668244.281814 0.006414 3.602534 31.554602 48.866047 5.858208 89.887805
1743668244.385424 0.006776 3.527002 31.356875 46.711694 5.808266 87.410613
1743668244.489184 0.006839 3.512785 30.048233 47.402792 5.696492 86.667141
1743668244.592774 0.006488 5.231517 30.301216 47.196329 7.792886 90.528436
1743668244.696524 0.006926 3.513046 29.502255 44.055976 5.769894 82.848097
1743668244.800134 0.006875 3.533657 31.234983 47.452744 5.801829 88.030088
1743668244.903794 0.005873 5.138320 28.444822 45.238421 6.453752 85.281188
1743668245.007514 0.007388 3.551608 32.495313 47.474681 5.900901 89.429891
1743668245.111104 0.006321 3.532778 27.430027 47.496022 5.715949 84.181097
1743668245.214874 0.006391 3.612726 27.591833 47.169982 5.734674 84.115606
1743668245.318464 0.006258 3.622360 27.521523 47.877452 5.699615 84.727208
1743668245.422074 0.007068 3.623049 26.077973 47.446266 5.709832 82.864188
1743668245.525834 0.006627 3.558247 26.748040 46.658689 5.778403 82.750006
1743668245.629434 0.006827 3.533915 26.567119 48.036632 5.691142 83.835635
1743668245.733054 0.007591 3.507784 25.747347 49.159446 5.720339 84.142507
1743668245.836794 0.007347 3.440668 24.882837 49.621078 5.615550 83.567480
1743668245.940524 0.007323 3.457739 23.529830 44.407584 5.660362 77.062838
1743668246.044144 0.009299 3.414488 22.915568 44.707618 6.709390 77.756363
1743668246.147884 0.008190 3.416133 23.376899 45.169212 6.052010 78.022444
1743668246.251504 0.012091 6.418349 86.757686 47.093780 10.606625 150.888531
1743668246.355254 0.006002 3.556280 21.625524 44.071150 5.701866 74.960822
1743668246.458854 0.006981 3.579263 21.252465 44.958102 5.729136 75.525947
1743668246.562344 0.007060 3.468451 22.876547 44.527955 5.633825 76.513838
1743668246.665964 0.008132 3.320549 21.560496 42.366720 5.754240 73.010137
1743668246.769574 0.010300 3.193025 20.782657 42.310154 7.032648 73.328784
1743668246.873194 0.008354 3.155978 20.143422 40.111788 6.111547 69.531089
1743668246.976704 0.012110 3.291792 22.098789 42.488438 7.881854 75.772983
1743668247.080304 0.009152 5.696488 21.067506 41.932810 10.345744 79.051700
1743668247.183954 0.008867 3.256826 20.220197 43.521697 5.854611 72.862198
1743668247.287544 0.010132 3.227077 21.242019 41.230288 6.997801 72.707317
1743668247.391044 0.009896 3.215887 21.344155 43.065994 6.898371 74.534303
1743668247.494644 0.008788 3.213129 20.485922 41.820471 6.304111 71.832421
1743668247.598274 0.010929 3.251217 20.304291 42.093197 7.171925 72.831559
1743668247.701864 0.009469 3.224324 20.474260 41.152526 6.326701 71.187280
1743668247.805484 0.010931 3.295134 20.729743 40.148893 7.078841 71.263542
1743668247.909104 0.010705 3.308003 20.445145 43.087967 7.177243 74.029063
1743668248.012724 0.010046 3.275803 20.890655 40.486980 6.597801 71.261285
1743668248.116334 0.011269 3.285316 21.605885 42.632138 7.454017 74.988625
1743668248.219954 0.008361 3.241621 19.678791 39.872058 5.851506 68.652337
1743668248.323564 0.011231 3.332858 19.484490 39.836215 7.874036 70.538830
1743668248.427354 0.011804 4.381156 20.309793 40.797433 9.536334 75.036520
1743668248.530924 0.011245 3.390885 19.591404 40.916083 8.344403 72.254020
1743668248.634544 0.007679 3.201413 18.178209 39.060955 6.002935 66.451191
1743668248.738284 0.011577 4.702371 19.705815 40.409938 9.378011 74.207712
1743668248.841894 0.008242 3.232600 19.729732 39.822739 5.967342 68.760655
1743668248.945514 0.011644 4.652497 19.261350 40.274658 9.309395 73.509544
1743668249.049144 0.008817 3.088614 19.742730 39.989779 6.474623 69.304563
1743668249.152864 0.012079 3.193952 17.392034 39.204593 7.674546 67.477204
1743668249.256474 0.011285 3.207743 18.705034 39.445710 7.699976 69.069748
1743668249.360104 0.010774 3.176279 17.626944 40.027712 7.308845 68.150554
1743668249.463704 0.011852 3.204816 17.825440 38.705119 7.529150 67.276377
1743668249.567344 0.011421 4.483542 18.255439 42.091538 9.030003 73.871943
1743668249.670934 0.008462 3.039980 16.864174 36.367132 5.830362 62.110110
1743668249.774674 0.008413 5.328463 17.979092 40.264324 7.272121 70.852413
1743668249.878294 0.008580 3.342960 18.713522 38.872189 6.311765 67.249016
1743668249.981924 0.010892 4.681271 16.981944 40.623568 9.423934 71.721609
1743668250.085524 0.010779 4.634154 18.737275 40.264018 9.360054 73.006280
1743668250.189164 0.009911 2.906744 16.758729 35.791255 6.025872 61.492511
1743668250.292884 0.011107 3.595930 16.532006 36.871688 8.281289 65.292020
1743668250.396494 0.016195 3.125593 16.586010 36.892848 7.668178 64.288824
1743668250.500134 0.012444 3.263336 16.434013 35.755784 8.167539 63.633116
1743668250.603724 0.011087 3.046998 15.706685 34.453171 7.295075 60.513016
1743668250.707484 0.010742 3.409799 15.566325 33.414249 8.175956 60.577071
1743668250.811084 0.008418 3.026481 15.403266 32.564088 5.613807 56.616060
1743668250.914694 0.010725 3.441463 15.277574 36.048562 8.390371 63.168695
1743668251.018444 0.005649 3.072750 14.782053 32.595745 4.813899 55.270096
1743668251.122054 0.012484 4.539635 13.750815 31.212734 9.470591 58.986259
1743668251.225794 0.010535 5.484928 17.066053 31.929794 9.127825 63.619135
1743668251.329414 0.012112 3.129508 13.796180 28.659774 7.750420 53.347994
1743668251.433154 0.011078 5.408813 15.455841 31.401535 9.382765 61.660032
1743668251.536784 0.024249 2.782445 13.243516 30.611260 6.928367 53.589837
1743668251.640524 0.012230 3.499252 13.677350 28.547459 8.024363 53.760654
1743668251.744124 0.011569 4.379975 14.365719 33.187410 8.431304 60.375977
1743668251.847864 0.010614 2.740036 13.403487 28.801387 7.778772 52.734296
1743668251.951484 0.006305 2.843440 14.082650 28.411766 4.811227 50.155388
1743668252.055094 0.017960 4.758102 27.190650 46.644854 11.822997 90.434563
1743668252.158704 0.006664 3.194305 15.692116 29.553438 5.424008 53.870531
1743668252.262204 0.006480 2.528284 14.389496 27.577940 4.524841 49.027041
1743668252.365814 0.009372 2.727694 14.369978 27.208148 5.027626 49.342818
1743668252.469444 0.005909 2.725309 13.678755 30.568442 4.625016 51.603431
1743668252.573044 0.006885 2.527220 13.857543 28.369919 4.492303 49.253870
1743668252.676674 0.006299 2.675394 14.632852 31.108517 4.686475 53.109537
1743668252.780274 0.006370 3.139156 16.429582 27.314550 5.697075 52.586733
1743668252.884014 0.007454 2.508721 13.912465 31.485394 4.518293 52.432327
1743668252.987634 0.006337 2.632795 14.675484 27.240441 4.588629 49.143686
1743668253.091254 0.006305 2.665973 15.373842 28.839361 4.767889 51.653370
1743668253.194984 0.006336 2.460454 13.066750 29.194209 4.468015 49.195764
1743668253.298614 0.006171 2.490568 12.893213 30.179311 4.565610 50.134873
1743668253.402224 0.012770 3.882689 12.759437 30.167984 8.573776 55.396656
1743668253.505974 0.015485 3.732840 11.959640 28.012438 8.793179 52.513582
1743668253.609574 0.011100 3.489045 12.478674 25.168458 8.103299 49.250576
1743668253.713314 0.011551 3.645673 15.409819 24.482075 8.980977 52.530095
1743668253.816954 0.008277 3.413056 11.281003 26.508236 7.300777 48.511349
1743668253.920734 0.011195 3.990742 12.095780 22.864216 8.002299 46.964232
1743668254.024324 0.012421 3.976563 11.912292 23.898770 8.193205 47.993251
1743668254.127934 0.011927 3.880724 11.682323 24.521813 7.887088 47.983875
1743668254.231644 0.011970 3.362512 11.316112 24.005511 7.665336 46.361441
1743668254.335384 0.011804 4.040381 10.767015 24.870813 8.092205 47.782218
1743668254.439124 0.005923 2.377019 10.497314 23.935794 4.184553 41.000603
1743668254.542744 0.006094 2.356556 11.366921 23.244718 4.216842 41.191131
1743668254.646504 0.006154 2.389035 11.170295 23.099651 4.283933 40.949068
1743668254.750094 0.006258 2.360109 10.867219 23.253590 4.151818 40.638994
1743668254.854194 0.006097 2.363450 12.617372 27.945940 4.232081 47.164940
1743668254.957524 0.012926 3.684808 10.623619 26.452664 7.807030 48.581047
1743668255.061224 0.013337 3.650519 10.240480 21.608348 8.037111 43.549795
1743668255.164814 0.011597 3.782765 10.574127 23.817331 7.810134 45.995954
1743668255.268504 0.013692 3.749758 10.489742 23.187769 7.759342 45.200303
1743668255.372264 0.012725 3.711099 10.187223 22.135359 7.888564 43.934970
1743668255.475934 0.012182 3.636281 10.198019 23.039510 7.301145 44.187137
1743668255.579584 0.010432 4.227317 12.813368 25.031608 7.756745 49.839470
1743668255.683164 0.012616 3.297622 10.132162 21.254283 7.540040 42.236723
1743668255.786774 0.012594 3.611315 10.087929 22.291629 7.492952 43.496419
1743668255.890534 0.012153 3.462076 10.398966 24.690319 7.313802 45.877316
1743668255.994114 0.012633 3.806960 11.029994 24.170612 7.992587 47.012786
1743668256.097874 0.012723 3.665339 11.770753 24.625121 7.930005 48.003941
1743668256.202184 0.012765 3.681170 10.930009 23.477658 7.655906 45.757508
1743668256.305594 0.012169 4.599764 15.739301 26.361385 8.907576 55.620195
1743668256.408864 0.012671 2.800704 11.917608 25.131183 7.122704 46.984870
1743668256.512784 0.011698 3.777640 11.952866 26.447861 7.880003 50.070068
1743668256.616484 0.013551 3.266298 11.455251 27.666788 7.448724 49.850612
1743668256.719854 0.015514 3.310393 11.843227 26.597020 8.607773 50.373927
1743668256.823564 0.012395 3.201045 12.812637 26.655994 7.627461 50.309532
1743668256.927544 0.012441 3.507846 12.333173 27.759782 7.723990 51.337232
1743668257.030954 0.006963 3.300616 12.849677 28.541911 4.799687 49.498854
1743668257.134724 0.015458 3.345231 14.255748 28.171525 8.968885 54.756847
1743668257.238474 0.010591 4.613362 14.591458 30.040866 8.240639 57.496916
1743668257.342104 0.013229 3.221112 12.586943 31.032820 7.833259 54.687363
1743668257.446014 0.008613 5.061047 15.650691 30.533054 8.717755 59.971160
1743668257.549644 0.010636 3.756058 14.842821 30.148334 8.173618 56.931467
1743668257.653204 0.010861 3.404494 12.814060 29.470257 7.730028 53.429700
1743668257.757414 0.011713 4.024521 13.279643 34.242821 8.548176 60.106874
1743668257.860754 0.010781 3.535638 13.753394 29.388472 8.136581 54.824866
1743668257.964444 0.013246 3.911042 13.289963 29.419899 8.172957 54.807107
1743668258.068054 0.019861 4.595914 15.184592 29.085436 8.947395 57.833198
1743668258.171794 0.010551 4.264906 13.376377 28.718003 8.114735 54.484572
1743668258.275394 0.012850 3.330083 13.437390 29.770827 7.989298 54.540448
1743668258.379214 0.011446 4.660811 19.880886 32.420363 9.285263 66.258769
1743668258.482934 0.011802 4.774656 18.179232 32.118353 7.580104 62.664147
1743668258.586494 0.010888 4.404660 14.570010 37.412059 8.577638 64.975255
1743668258.690694 0.011945 4.072454 16.018452 32.428537 8.432060 60.963448
1743668258.794054 0.011155 4.364336 17.052050 35.435632 8.485085 65.348258
1743668258.897624 0.012479 2.891278 16.854736 35.541123 7.153699 62.453315
1743668259.001424 0.013528 4.547567 16.314452 40.594154 9.838175 71.307876
1743668259.105074 0.011519 4.199043 17.260761 38.579567 8.610817 68.661707
1743668259.208874 0.013116 4.357865 19.416408 39.400879 8.913318 72.101586
1743668259.312564 0.013035 4.254312 17.409154 39.670841 8.887864 70.235206
1743668259.416354 0.011991 2.942182 17.717464 43.801980 7.319906 71.793523
1743668259.520064 0.009566 2.748303 17.778644 40.264742 6.436684 67.237939
1743668259.623654 0.010360 2.899325 18.148687 37.927356 6.934941 65.920669
1743668259.727264 0.012822 2.920268 18.295088 38.285337 7.088212 66.601727
1743668259.831004 0.012242 2.980719 16.884130 40.167016 7.204854 67.248961
1743668259.934624 0.012197 3.206026 17.196965 38.802771 7.022179 66.240138
1743668260.038244 0.011821 3.091751 17.821846 38.488676 7.286325 66.700419
1743668260.141854 0.011098 2.887305 16.699964 38.089144 6.686168 64.373679
1743668260.245604 0.012689 2.942739 17.216177 37.624360 7.065017 64.860982
1743668260.349354 0.013610 4.261272 17.977551 37.474630 9.113818 68.840881
1743668260.453074 0.011998 4.950167 18.299957 38.637986 9.284632 71.184740
1743668260.556694 0.010436 3.027616 16.289587 36.995797 6.381339 62.704775
1743668260.660434 0.012250 4.301568 17.841350 38.828760 8.800083 69.784011
1743668260.764174 0.008584 3.019387 17.535576 37.843756 5.979005 64.386308
1743668260.867914 0.010856 3.217030 17.710363 38.165299 7.309371 66.412919
1743668260.971524 0.007144 3.144921 16.874533 36.299382 5.259318 61.585298
1743668261.075264 0.006687 3.279239 17.553843 39.305146 5.155016 65.299931
1743668261.179004 0.011470 4.037079 18.827727 38.855097 9.001700 70.733073
1743668261.282624 0.014179 4.398547 20.435757 39.751969 9.510828 74.111280
1743668261.386364 0.012228 6.452514 18.642255 42.033254 10.106864 77.247115
1743668261.490104 0.010009 4.763688 18.799658 44.234281 9.210456 77.018092
1743668261.593744 0.011148 4.085331 18.431946 40.407961 9.087499 72.023885
1743668261.697464 0.012088 4.940436 18.240456 43.581576 9.395212 76.169768
1743668261.801224 0.012255 4.321618 19.285455 45.459519 9.491926 78.570773
1743668261.904944 0.010174 4.785352 19.560012 46.039199 9.805868 80.200605
1743668262.008684 0.007608 3.250886 17.681569 44.346929 5.568411 70.855403
1743668262.112324 0.007666 3.406489 17.869518 41.177549 5.764743 68.225965
1743668262.216044 0.011730 3.299982 18.751791 43.368846 7.212104 72.644453
1743668262.319784 0.012977 4.466222 19.575278 45.297597 9.543356 78.895430
1743668262.423514 0.015925 5.191711 19.387943 42.205699 9.124751 75.926029
1743668262.527254 0.008771 3.329259 18.777831 42.640531 5.916291 70.672683
1743668262.630994 0.011577 3.302738 17.692621 40.838776 6.759738 68.605450
1743668262.734744 0.010568 3.724275 18.695482 43.178543 8.227944 73.836812
1743668262.838484 0.009971 4.610030 19.425717 44.596299 9.600434 78.242451
1743668262.942214 0.008328 3.400050 18.291576 43.385150 5.554553 70.639657
1743668263.045984 0.009898 3.357701 18.466530 41.082078 6.554979 69.471186
1743668263.149574 0.012286 6.604838 24.210045 44.145059 11.067441 86.039669
1743668263.253344 0.005942 4.825981 21.131462 46.325328 5.726073 78.014786
1743668263.357064 0.011705 4.771182 19.921676 41.669484 9.592331 75.966378
1743668263.460794 0.008098 3.458346 18.560772 40.527783 5.924752 68.479751
1743668263.564544 0.010321 3.587922 20.552071 42.985800 7.288945 74.425059
1743668263.668304 0.010976 4.740728 19.945263 47.545219 9.473566 81.715752
1743668263.772024 0.006661 3.560025 19.951955 42.494500 5.559948 71.573089
1743668263.875634 0.012399 4.997899 20.898327 42.945035 9.622957 78.476617
1743668263.979374 0.006727 3.606392 21.323561 44.676788 5.573674 75.187142
1743668264.083114 0.013252 4.821255 22.496149 44.886135 9.987452 82.204243
1743668264.186764 0.006841 3.689276 20.243978 41.913067 5.532718 71.385880
1743668264.290474 0.011263 5.619286 22.053122 45.815665 9.388169 82.887505
1743668264.394214 0.006964 3.761899 22.467093 45.213064 5.656534 77.105554
1743668264.497994 0.008745 3.680833 21.989509 44.387308 6.071228 76.137623
1743668264.601574 0.008285 3.767698 21.780972 46.259406 5.961409 77.777770
1743668264.705384 0.006514 3.885733 24.759555 48.974985 5.745383 83.372170
1743668264.808924 0.006399 6.031297 23.142383 46.746377 7.438750 83.365206
1743668264.912664 0.006887 3.758080 23.235566 45.466974 5.623058 78.090565
1743668265.016294 0.007990 3.763519 22.553345 45.879378 6.191686 78.395918
1743668265.119894 0.008091 3.843095 23.531249 49.309288 5.846546 82.538269
1743668265.223634 0.007128 3.897489 25.052987 45.768134 5.680254 80.405992
1743668265.327384 0.007690 3.834070 22.874271 48.790863 6.063439 81.570333
1743668265.430984 0.007431 3.956932 22.945467 47.997975 5.840858 80.748663
1743668265.534754 0.007911 3.850163 24.469890 50.186939 6.005797 84.520700
1743668265.638464 0.006427 3.785692 24.453662 47.132453 5.706449 81.084683
1743668265.742214 0.008638 5.423587 25.070696 52.346883 9.901976 92.751780
1743668265.845824 0.007171 4.004562 24.420883 49.346369 5.890352 83.669337
1743668265.949564 0.006759 5.718372 26.988827 47.996282 8.757594 89.467834
1743668266.053184 0.007205 4.083236 26.574830 49.521717 6.006573 86.193561
1743668266.156924 0.006455 3.835524 24.081459 49.219625 5.729276 82.872339
1743668266.260664 0.011244 3.888148 24.639688 49.291435 5.749897 83.580412
1743668266.364294 0.006658 3.809016 25.229321 48.793045 5.748531 83.586571
1743668266.467894 0.007601 3.800081 24.534508 48.181427 5.852995 82.376612
1743668266.571634 0.007304 3.986496 27.485417 48.238078 6.163887 85.881182
1743668266.675254 0.006638 3.952018 25.320731 48.436716 5.817010 83.533113
1743668266.778864 0.007687 3.794215 26.411196 47.776173 5.791825 83.781096
1743668266.882504 0.006537 3.838267 25.317265 49.789923 5.767587 84.719579
1743668266.986224 0.006901 4.919233 26.288604 48.737874 8.405585 88.358197
1743668267.090004 0.007118 3.808607 25.300415 45.401675 5.794556 80.312371
1743668267.193594 0.007956 3.822496 25.785757 47.283325 6.478271 83.377805
1743668267.297314 0.006440 3.785378 25.628038 48.060292 5.802097 83.282245
1743668267.400934 0.007205 3.756569 25.703459 47.693671 5.820619 82.981523
1743668267.504674 0.006760 3.849903 25.799882 47.229882 5.877575 82.764002
1743668267.608414 0.007491 3.747770 24.311538 47.331923 5.947860 81.346582
1743668267.712154 0.007624 3.776609 24.403044 53.991039 5.986663 88.164979
1743668267.815904 0.009850 4.196144 31.097764 55.440134 10.307815 101.051707
1743668267.919514 0.005890 3.803598 24.200699 47.156215 5.997197 81.163599
1743668268.023254 0.007073 3.810422 23.957224 49.010389 5.980211 82.765319
1743668268.126994 0.006855 3.688425 24.745106 45.452184 5.862133 79.754703
1743668268.230734 0.007993 3.685154 25.198862 46.216909 6.293730 81.402648
1743668268.334344 0.007051 3.663311 24.673037 52.101159 5.828229 86.272787
1743668268.438084 0.006910 3.619673 24.674478 47.984637 5.834067 82.119765
1743668268.541834 0.007263 3.615241 24.832462 45.997237 5.834430 80.286633
1743668268.645614 0.008207 3.643025 25.897311 45.787404 6.367719 81.703666
1743668268.749204 0.006991 3.613959 25.971400 50.126081 5.868423 85.586854
1743668268.852924 0.007116 5.754165 25.406194 45.062225 8.224832 84.454532
1743668268.956544 0.006570 3.581259 25.996362 46.751217 5.800388 82.135796
1743668269.060154 0.006983 3.804995 27.852393 52.638778 6.176157 90.479306
1743668269.163894 0.006864 3.710154 25.023679 49.699342 5.911975 84.352014
1743668269.267514 0.006905 3.572226 25.176302 48.300044 5.830926 82.886403
1743668269.371244 0.007143 3.522006 24.183221 44.960444 5.868886 78.541700
1743668269.474864 0.008505 3.489239 23.852147 45.176133 6.134018 78.660042
1743668269.578604 0.008463 3.468383 22.862188 47.464685 6.226500 80.030219
1743668269.682224 0.007490 3.489184 23.563774 45.989452 5.894715 78.944615
1743668269.785844 0.008130 3.451560 22.051690 43.811392 6.215619 75.538391
1743668269.889454 0.009638 3.440915 22.734590 44.780274 6.736531 77.701948
1743668269.993064 0.007745 3.444848 23.215630 43.143034 5.702061 75.513318
1743668270.096824 0.009433 3.438384 22.249924 45.429575 7.200139 78.327455
1743668270.200424 0.007266 3.413277 22.139581 42.492823 5.678099 73.731046
1743668270.304164 0.009565 3.441607 23.829643 43.609511 7.263353 78.153679
1743668270.407784 0.007911 3.416871 22.103609 43.882270 6.068702 75.479363
1743668270.511494 0.009179 3.433284 21.186174 43.395445 6.853575 74.877657
1743668270.615294 0.008431 3.423954 21.018248 44.663878 6.364378 75.478889
1743668270.718894 0.008706 3.421604 20.903812 45.438587 6.518469 76.291178
1743668270.822594 0.009127 3.425959 22.399147 43.648086 6.669035 76.151354
1743668270.926194 0.008286 3.515704 22.758851 44.073295 6.480594 76.836730
1743668271.029894 0.008500 3.548615 21.545501 46.198571 6.411433 77.712620
1743668271.133494 0.007595 3.496815 21.485177 46.260427 6.135543 77.385557
1743668271.237094 0.009451 3.511975 23.767302 42.653276 6.529018 76.471022
1743668271.340694 0.008606 3.505363 22.912540 43.792086 6.383982 76.602577
1743668271.444294 0.009224 3.496423 21.361484 45.507694 6.620739 76.995564
1743668271.547894 0.009538 3.518494 21.933269 58.626815 6.473160 90.561276
1743668271.651494 0.006813 3.530798 22.083717 45.072448 5.793595 76.487371
1743668271.755294 0.009231 3.544569 21.693942 41.047333 6.703672 72.998747
1743668271.858894 0.011309 4.169760 21.921441 47.801518 7.406581 81.310609
1743668271.962494 0.006960 3.592007 23.750450 46.247920 5.750582 79.347919
1743668272.066094 0.008016 3.540420 21.595508 46.679779 6.106825 77.930548
1743668272.169694 0.008257 3.565742 21.134895 41.671858 6.102917 72.483669
1743668272.273394 0.009734 3.604094 21.268870 40.978409 7.379112 73.240219
1743668272.376994 0.008708 3.639615 22.415278 42.488558 6.417686 74.969845
1743668272.480694 0.011350 4.755559 23.625766 40.926470 10.856661 80.175806
1743668272.584294 0.007110 3.730891 21.027637 41.063685 5.878401 71.707724
1743668272.687994 0.011664 3.738785 21.614271 43.159151 8.041550 76.565421
1743668272.791694 0.007735 3.732510 22.815805 42.277814 6.119723 74.953587
1743668272.895294 0.009474 3.745773 22.040584 40.584277 7.091994 73.472102
1743668272.999094 0.009204 3.757580 22.347930 38.798805 7.075920 71.989439
1743668273.102694 0.009346 3.773787 23.076359 41.195246 7.103191 75.157929
1743668273.206394 0.008506 3.812852 24.327418 40.094199 6.148542 74.391517
1743668273.309994 0.010838 3.801631 22.582769 45.525898 7.664722 79.585858
1743668273.413794 0.006395 3.799633 23.496770 41.879900 5.978023 75.160721
1743668273.517394 0.009019 3.792040 25.089152 45.533777 7.272028 81.696016
1743668273.621094 0.007026 3.792397 25.719820 43.478428 6.017823 79.015494
1743668273.724794 0.010833 4.959795 25.325517 46.312243 11.114200 87.722588
1743668273.828494 0.006093 4.197283 26.684156 48.962821 6.242811 86.093164
1743668273.932094 0.006364 3.867048 27.770053 48.919098 6.310387 86.872950
1743668274.035794 0.006521 3.884045 28.876202 49.666810 6.370074 88.803652
1743668274.139394 0.006703 3.860838 29.408301 53.126658 6.361690 92.764190
1743668274.243194 0.007100 3.902672 30.654090 53.026117 6.419733 94.009712
1743668274.346794 0.006819 3.924550 30.281677 55.420424 6.561838 96.195308
1743668274.450394 0.006657 4.175867 38.218325 65.489758 6.692624 114.583231
1743668274.554194 0.007609 4.006714 34.527654 60.897586 6.735779 106.175342
1743668274.657794 0.005993 4.139131 35.132275 57.212785 6.696547 103.186731
1743668274.761394 0.007001 4.152533 32.602508 52.295018 6.702963 95.760023
1743668274.865094 0.006938 3.966469 33.480158 58.661605 6.616944 102.732114
1743668274.968894 0.006395 4.025967 34.100293 60.220677 6.694496 105.047828
1743668275.072494 0.006979 3.998029 35.661790 63.771468 6.697990 110.136256
1743668275.176394 0.007047 3.995038 35.224330 62.660040 6.740746 108.627201
1743668275.279994 0.006874 4.015984 35.826689 62.523958 6.719149 109.092654
1743668275.383694 0.006864 4.011461 37.148806 62.019191 6.779851 109.966173
1743668275.487494 0.006521 4.170465 36.776599 64.433182 6.913261 112.300028
1743668275.591194 0.007040 4.022610 35.955938 67.983392 6.790105 114.759085
1743668275.694994 0.006393 4.048445 38.463515 71.393802 6.827395 120.739550
1743668275.798494 0.011472 4.024849 38.327721 66.185246 6.824459 115.373747
1743668275.902294 0.006125 4.085235 37.452996 75.521528 6.867479 123.933363
1743668276.005994 0.006473 4.068198 39.979521 69.009378 6.779977 119.843547
1743668276.109794 0.006941 4.065052 37.528778 75.027234 6.841502 123.469507
1743668276.213494 0.011339 4.016182 37.921426 67.366313 6.854035 116.169295
1743668276.317194 0.006524 4.117909 39.038136 76.571294 6.857887 126.591750
1743668276.420994 0.006591 4.176521 38.889489 76.890699 6.882260 126.845560
1743668276.524694 0.011347 4.103017 40.262559 71.844705 6.815369 123.036997
1743668276.628494 0.006435 4.265438 39.770635 74.075059 6.871360 124.988927
1743668276.732194 0.006769 4.093263 39.573985 79.480978 6.865979 130.020974
1743668276.836094 0.006978 4.230999 39.002636 75.531815 6.931296 125.703724
1743668276.939894 0.006482 4.277103 39.306885 74.344879 6.922246 124.857595
1743668277.043594 0.006760 4.262834 41.073119 75.542989 6.884015 127.769717
1743668277.147294 0.006964 4.299530 42.323964 77.447637 6.909380 130.987475
1743668277.250994 0.006050 4.314813 39.715758 73.329929 6.929087 124.295637
1743668277.354794 0.006706 4.294430 40.890860 77.390548 6.923314 129.505858
1743668277.458394 0.006572 4.374052 39.685532 73.942487 6.916134 124.924777
1743668277.562294 0.006666 4.280169 40.152006 73.809013 7.014594 125.262448
1743668277.665994 0.006026 4.312482 40.969009 71.390558 6.896847 123.574922
1743668277.769594 0.006692 4.380642 41.074154 74.890337 6.939749 127.291574
1743668277.873394 0.006837 4.421333 40.180381 76.748463 7.002013 128.359027
1743668277.977094 0.006535 4.309842 39.541213 76.928020 6.826646 127.612256
1743668278.080694 0.006943 4.306695 37.981097 71.338674 6.853683 120.487092
1743668278.184494 0.006634 4.390144 38.065725 71.820315 6.886132 121.168950
1743668278.288194 0.006323 4.347712 37.847884 69.629833 6.807315 118.639067
1743668278.391894 0.006458 4.275502 39.429271 70.087458 6.849958 120.648647
1743668278.495494 0.006635 4.290555 37.582239 69.685234 6.863953 118.428616
1743668278.599294 0.006893 4.312626 36.126103 64.777267 6.732571 111.955460
1743668278.702994 0.007169 4.365383 34.992079 69.121080 6.773516 115.259227
1743668278.806694 0.006636 4.337606 34.820575 66.777276 6.672186 112.614279
1743668278.910294 0.006297 4.262176 34.857250 64.005112 6.685212 109.816047
1743668279.013994 0.006598 4.420280 35.054700 59.510324 6.751952 105.743854
1743668279.117894 0.007022 4.255846 33.859748 66.171289 6.620435 110.914340
1743668279.221694 0.006691 4.319361 34.394463 63.385153 6.559738 108.665406
1743668279.324994 0.006694 4.174248 32.966896 58.363706 6.572180 102.083724
1743668279.428794 0.006692 4.242527 32.027776 61.646449 6.536219 104.459663
1743668279.532294 0.006661 4.259820 31.253430 58.801931 6.507197 100.829039
1743668279.635994 0.006963 4.245624 30.748622 58.621240 6.525863 100.148312
1743668279.739594 0.006805 4.271272 31.738778 58.596995 6.461926 101.075776
1743668279.843494 0.006923 4.223266 30.463643 56.153500 6.325327 97.172659
1743668279.946994 0.006586 4.222033 30.219633 54.120685 6.324141 94.893078
1743668280.050694 0.006825 4.180410 31.409148 57.088372 6.216088 98.900843
1743668280.154394 0.007209 4.219630 29.552628 51.649405 6.306328 91.735200
1743668280.258194 0.006792 4.188282 29.432207 52.056785 6.263356 91.947422
1743668280.361794 0.007292 4.150039 28.144627 51.408881 6.223576 89.934415
1743668280.465494 0.006515 4.165952 30.319065 54.045995 6.377058 94.914585
1743668280.569194 0.007150 4.085040 31.135478 45.735983 6.225450 87.189101
1743668280.672994 0.011341 4.088924 28.253086 46.514864 6.216762 85.084977
1743668280.776694 0.006717 4.038351 27.086236 47.190906 6.263317 84.585527
1743668280.880494 0.006792 3.915415 26.802032 48.531661 6.099495 85.355395
1743668280.984194 0.007224 3.858246 24.397261 41.768082 6.126207 76.157020
1743668281.087994 0.006589 3.867342 25.207309 43.305479 6.003175 78.389894
1743668281.191594 0.006555 3.794571 25.514433 38.275024 6.083806 73.674389
1743668281.295294 0.006162 3.753293 26.384927 40.045712 5.862288 76.052382
1743668281.399094 0.006788 3.769047 25.154543 38.615065 5.866326 73.411769
1743668281.502694 0.007434 3.696557 24.447510 39.384180 5.880642 73.416323
1743668281.606394 0.007125 3.730901 25.493057 42.876348 5.906087 78.013518
1743668281.710094 0.006942 3.759575 25.966724 44.666865 5.908557 80.308663
1743668281.813794 0.006660 3.767771 25.293969 45.681199 5.923352 80.672951
1743668281.917494 0.010674 3.829253 26.664348 45.706099 5.979867 82.190241
1743668282.021094 0.007139 3.790484 26.344108 46.114715 5.976978 82.233424
1743668282.124894 0.007049 3.834661 27.261174 49.754090 6.216058 87.073032
1743668282.228494 0.006187 3.885083 30.039142 51.985607 5.979611 91.895630
1743668282.332094 0.011301 3.801726 30.848035 49.830315 5.985496 90.476873
1743668282.435694 0.006980 4.123071 34.623564 57.944479 7.047370 103.745464
1743668282.539294 0.006710 3.822339 30.781487 51.089075 5.985793 91.685404
1743668282.642894 0.006736 3.909031 30.369958 56.426797 6.085416 96.797938
1743668282.747494 0.006568 3.915120 30.561087 58.353146 6.038036 98.873957
1743668282.849994 0.006898 3.919019 33.869888 57.245355 6.125813 101.166973
1743668282.953694 0.006766 4.026073 31.268791 55.181446 6.069498 96.552574
1743668283.057294 0.006747 3.992923 32.553444 59.167875 6.112180 101.833169
1743668283.160794 0.006448 4.078029 33.052950 57.738857 6.331891 101.208175
1743668283.264694 0.006391 3.977657 34.251216 59.254212 6.203532 103.693008
1743668283.368894 0.007101 4.035431 31.480634 58.099169 6.470803 100.093138
1743668283.471494 0.007419 4.102825 31.208050 59.701880 6.540105 101.560279
1743668283.575094 0.007212 3.927199 31.699639 59.874709 6.489442 101.998201
1743668283.678694 0.007201 3.937404 33.778058 59.480875 6.254901 103.458439
1743668283.782294 0.007173 3.902274 34.706541 60.730348 6.258650 105.604986
1743668283.886394 0.006869 3.896617 32.896727 60.900731 6.314455 104.015399
1743668283.989594 0.007318 4.026395 35.054444 62.570562 6.266936 107.925655
1743668284.093294 0.006789 4.077448 33.336421 59.415518 6.338859 103.175035
1743668284.196994 0.007130 4.034793 33.691185 58.140557 6.601897 102.475562
1743668284.302894 0.007160 3.984593 34.221075 58.203060 6.441461 102.857349
1743668284.404294 0.007023 3.973273 34.819203 59.846658 6.468913 105.115070
1743668284.507894 0.006433 4.019305 36.685421 55.797340 6.374564 102.883063
